      # mu   TOT_ELEC      Nd[0]       EKIN
    8.563929   50.000000    7.798020  229.437736
    7.172886   50.000000    9.348127  147.973714
   12.283727   50.000000    7.311260  286.686549
    7.416066   50.000000    7.966302  197.227086
    7.477401   50.000000    8.063317  202.801266
    7.655523   50.000000    8.056403  209.703158
    7.604124   50.000000    8.057868  207.678346
    7.607111   50.000000    8.038446  207.171619
    7.730720   50.000000    8.038180  212.197790
    7.798408   50.000000    8.028981  214.444065
    7.812374   50.000000    8.027171  214.991583
    8.194278   50.000000    7.947181  225.950233
    7.749959   50.000000    8.095247  215.427384
    7.937004   50.000000    8.007459  218.890258
    7.857456   50.000000    8.010368  215.982844
    7.885713   50.000000    8.011808  217.187124
    7.908283   50.000000    8.013210  218.147861
    7.895643   50.000000    8.012289  217.589349
    7.893799   50.000000    8.012712  217.538674
    7.894687   50.000000    8.012485  217.561453
    7.890972   50.000000    8.019045  217.490849
    7.942890   50.000000    7.998554  218.529828
    7.850832   50.000000    8.035404  216.695857
    7.901435   50.000000    8.015081  217.687427
    7.899884   50.000000    8.015635  217.683961
    7.899828   50.000000    8.015666  217.681300
    7.899675   50.000000    8.015763  217.679686
    7.897819   50.000000    8.019842  217.644482
    7.933571   50.000000    8.005388  218.346921
    7.868184   50.000000    8.031586  217.055871
    7.904476   50.000000    8.017134  217.761901
    7.903525   50.000000    8.017481  217.763156
    7.903788   50.000000    8.019557  217.739637
    7.921054   50.000000    8.012541  218.078003
    7.889179   50.000000    8.025198  217.447300
    7.906783   50.000000    8.018301  217.789552
    7.906521   50.000000    8.018481  217.798342
    7.908111   50.000000    8.019359  217.786511
    7.915269   50.000000    8.016401  217.925939
    7.902032   50.000000    8.021606  217.662939
    7.909246   50.000000    8.018799  217.802536
    7.909195   50.000000    8.018870  217.808160
    7.911884   50.000000    8.018765  217.805102
    7.910142   50.000000    8.019438  217.770768
    7.913030   50.000000    8.018307  217.827980
    7.911467   50.000000    8.018914  217.797979
    7.914091   50.000000    8.018298  217.795016
    7.908151   50.000000    8.020618  217.677958
    7.918482   50.000000    8.016587  217.882923
    7.912897   50.000000    8.018756  217.776290
    7.912988   50.000000    8.018711  217.774363
    7.915810   50.000000    8.017693  217.774603
    7.906510   50.000000    8.021404  217.593273
    7.923337   50.000000    8.014805  217.924759
    7.914081   50.000000    8.018386  217.747953
    7.914213   50.000000    8.018319  217.744392
    7.917350   50.000000    8.017162  217.744612
    7.906943   50.000000    8.021319  217.541507
    7.925901   50.000000    8.013894  217.914494
    7.915466   50.000000    8.017918  217.715219
    7.915625   50.000000    8.017831  217.711061
    7.918927   50.000000    8.016469  217.713837
    7.906659   50.000000    8.021396  217.474850
    7.929139   50.000000    8.012592  217.916266
    7.916734   50.000000    8.017366  217.679577
    7.916904   50.000000    8.017267  217.674124
    7.920523   50.000000    8.015602  217.680519
    7.905776   50.000000    8.021557  217.392981
    7.933071   50.000000    8.010863  217.927757
    7.917966   50.000000    8.016657  217.639657
    7.918173   50.000000    8.016536  217.632983
    7.921000   50.000000    8.015130  217.638054
    7.908423   50.000000    8.020168  217.393204
    7.931439   50.000000    8.011177  217.844875
    7.918750   50.000000    8.016048  217.603076
    7.918927   50.000000    8.015943  217.597296
    7.921831   50.000000    8.014461  217.603473
    7.908812   50.000000    8.019714  217.350328
    7.932840   50.000000    8.010321  217.821120
    7.919570   50.000000    8.015409  217.568214
    7.919735   50.000000    8.015300  217.561542
    7.922419   50.000000    8.013987  217.566021
    7.910907   50.000000    8.018628  217.342285
    7.932141   50.000000    8.010342  217.758631
    7.920436   50.000000    8.014828  217.535584
    7.920586   50.000000    8.014728  217.529599
    7.922562   50.000000    8.013608  217.532305
    7.912549   50.000000    8.017619  217.338285
    7.930900   50.000000    8.010469  217.698430
    7.920809   50.000000    8.014339  217.506245
    7.920950   50.000000    8.014250  217.501421
    7.922586   50.000000    8.013415  217.502141
    7.915109   50.000000    8.016389  217.357720
    7.928588   50.000000    8.011157  217.623131
    7.921246   50.000000    8.013977  217.483487
    7.921324   50.000000    8.013918  217.479269
    7.922431   50.000000    8.013252  217.478800
    7.916486   50.000000    8.015579  217.363628
    7.927091   50.000000    8.011470  217.572705
    7.921336   50.000000    8.013684  217.463382
    7.921399   50.000000    8.013643  217.460410
    7.923415   50.000000    8.012671  217.464578
    7.914986   50.000000    8.016074  217.300739
    7.930487   50.000000    8.010041  217.604864
    7.921981   50.000000    8.013303  217.443017
    7.922063   50.000000    8.013237  217.437890
    7.922831   50.000000    8.012641  217.436993
    7.917621   50.000000    8.014686  217.336213
    7.926946   50.000000    8.011075  217.520053
    7.921890   50.000000    8.013018  217.423978
    7.921948   50.000000    8.012981  217.421403
    7.923422   50.000000    8.012198  217.425439
    7.916810   50.000000    8.014885  217.297158
    7.929006   50.000000    8.010144  217.536695
    7.922345   50.000000    8.012698  217.409943
    7.922379   50.000000    8.012650  217.404919
    7.923702   50.000000    8.011869  217.408665
    7.917272   50.000000    8.014485  217.283555
    7.929175   50.000000    8.009862  217.517542
    7.922681   50.000000    8.012350  217.393896
    7.922716   50.000000    8.012302  217.388978
    7.923835   50.000000    8.011757  217.390233
    7.919527   50.000000    8.013514  217.305942
    7.927567   50.000000    8.010396  217.464216
    7.923210   50.000000    8.012064  217.381153
    7.923231   50.000000    8.012038  217.378019
    7.923228   50.000000    8.011846  217.375290
    7.921665   50.000000    8.012440  217.345140
    7.924458   50.000000    8.011366  217.400593
    7.922961   50.000000    8.011942  217.372170
    7.923922   50.000000    8.011495  217.374427
    7.920072   50.000000    8.013047  217.299017
    7.927078   50.000000    8.010329  217.436823
    7.923298   50.000000    8.011779  217.364913
    7.923321   50.000000    8.011756  217.362377
    7.923419   50.000000    8.011627  217.360307
    7.922431   50.000000    8.012002  217.341672
    7.924197   50.000000    8.011322  217.376673
    7.923248   50.000000    8.011687  217.358621
    7.923356   50.000000    8.011521  217.358889
    7.921854   50.000000    8.012099  217.329747
    7.924471   50.000000    8.011089  217.381438
    7.923072   50.000000    8.011628  217.354887
    7.922979   50.000000    8.011625  217.352946
    7.922833   50.000000    8.011635  217.350225
    7.923180   50.000000    8.011398  217.353404
    7.921108   50.000000    8.012248  217.314003
    7.924928   50.000000    8.010765  217.389116
    7.922868   50.000000    8.011556  217.349926
