  # # DMFT  Nd_latt   Nd_imp (Sigoo-Vdc)_latt  (Sigoo-Vdc)_imp  TOT_E(Tr(SigG))  TOT_E(EPOT_imp)
  1   1     7.798637     7.798412       1.669002       1.643590       -68.403807       -68.090205         0.000000
  2   1     8.018785     7.838065       1.489619       1.604300       -75.483490       -67.921486         0.000000
  3   1     8.013919     7.868998       1.492951       1.581509       -73.822910       -67.894390         0.148719
  4   1     8.016503     7.895106       1.490542       1.561879       -72.758307       -67.884765         0.024175
  5   1     8.018219     7.916657       1.490162       1.545378       -71.871698       -67.878755         0.009899
  6   1     8.019234     7.934413       1.489633       1.531621       -71.138932       -67.863156         0.013438
  7   1     8.019643     7.948900       1.489686       1.520580       -70.537872       -67.847809         0.018394
  8   1     8.019665     7.961284       1.489752       1.511167       -70.044648       -67.834914         0.008924
  9   1     8.019483     7.970854       1.490482       1.503728       -69.643215       -67.822232         0.007744
 10   1     8.019095     7.978114       1.491349       1.498122       -69.315706       -67.804124         0.006854
 11   1     8.018616     7.984795       1.492121       1.493053       -69.044969       -67.793142         0.008443
 12   1     8.018052     7.990235       1.492770       1.488833       -68.830259       -67.782601         0.003704
 13   1     8.017326     7.994203       1.493064       1.485895       -68.656409       -67.770498         0.003641
 14   1     8.016735     7.997990       1.493812       1.482900       -68.520932       -67.761457         0.006474
 15   1     8.016092     8.000449       1.494106       1.481171       -68.413275       -67.748058         0.006511
 16   1     8.015522     8.002844       1.494350       1.479335       -68.328939       -67.747839         0.007190
 17   1     8.015049     8.003997       1.494998       1.478571       -68.256680       -67.737613         0.007403
 18   1     8.014721     8.005517       1.495790       1.477178       -68.207128       -67.736858         0.010095
 19   1     8.014453     8.006286       1.496790       1.476653       -68.167854       -67.735195         0.006058
 20   1     8.014040     8.007368       1.496738       1.475656       -68.136153       -67.729868         0.007533
 21   1     8.013791     8.007520       1.497613       1.475672       -68.106452       -67.726037         0.009375
 22   1     8.013450     8.008304       1.497393       1.475141       -68.094131       -67.725218         0.004445
 23   1     8.013099     8.008603       1.497078       1.474757       -68.081961       -67.715811         0.006589
 24   1     8.012837     8.009002       1.496692       1.474657       -68.072933       -67.715758         0.011620
 25   1     8.012751     8.009157       1.497266       1.474415       -68.067251       -67.713353         0.011801
 26   1     8.012565     8.008943       1.497044       1.474825       -68.064955       -67.714023         0.006227
 27   1     8.012501     8.009220       1.497517       1.474323       -68.065745       -67.714654         0.007282
 28   1     8.012436     8.009272       1.497843       1.474266       -68.067957       -67.714704         0.010110
 29   1     8.012442     8.009222       1.498471       1.474300       -68.067595       -67.716171         0.012198
 30   1     8.012360     8.008898       1.498468       1.474642       -68.068845       -67.713375         0.009332
