        # mu     TOT_ELEC        Nd[0]       Nd[-1]         EKIN    Sigoo-Vdc     <d_epsk>
    7.744103   50.000000    8.195147    8.192885  227.680833    0.000000
    8.563078   50.000000    7.798637    7.798636  229.435245    1.667975    0.000000
    7.151256   50.000000    8.506511    8.507816  213.022067    0.000000
    7.817731   50.000000    8.018785    8.018785  215.063177    1.668139    0.000000
    7.220034   50.000000    8.488371    8.486762  215.587650    0.000000
    7.893382   50.000000    8.013919    8.013919  217.540026    1.632358    0.000000
    7.226453   50.000000    8.484046    8.482448  215.782974    0.000000
    7.899273   50.000000    8.016504    8.016503  217.682944    1.604399    0.000000
    7.230500   50.000000    8.480944    8.479326  215.903129    0.000000
    7.903057   50.000000    8.018219    8.018219  217.762496    1.581546    0.000000
    7.232529   50.000000    8.479554    8.477920  215.965091    0.000000
    7.906075   50.000000    8.019235    8.019234  217.800851    1.563185    0.000000
    7.233347   50.000000    8.478941    8.477301  215.990435    0.000000
    7.908733   50.000000    8.019643    8.019643  217.811746    1.548389    0.000000
    7.233062   50.000000    8.479129    8.477487  215.983059    0.000000
    7.910949   50.000000    8.019665    8.019665  217.798239    1.536561    0.000000
    7.232249   50.000000    8.479671    8.478042  215.961459    0.000000
    7.912394   50.000000    8.019483    8.019483  217.774221    1.527112    0.000000
    7.231082   50.000000    8.480502    8.478857  215.929347    0.000000
    7.913580   50.000000    8.019095    8.019095  217.743511    1.519698    0.000000
    7.229823   50.000000    8.481374    8.479741  215.894154    0.000000
    7.914981   50.000000    8.018616    8.018616  217.710476    1.513940    0.000000
    7.228365   50.000000    8.482413    8.480788  215.852623    0.000000
    7.916246   50.000000    8.018052    8.018052  217.673490    1.509487    0.000000
    7.226692   50.000000    8.483629    8.482030  215.803798    0.000000
    7.917507   50.000000    8.017326    8.017326  217.633017    1.506055    0.000000
    7.225201   50.000000    8.484698    8.483083  215.760967    0.000000
    7.918235   50.000000    8.016735    8.016734  217.596430    1.503369    0.000000
    7.223697   50.000000    8.485799    8.484174  215.716735    0.000000
    7.919029   50.000000    8.016092    8.016092  217.560468    1.501370    0.000000
    7.222376   50.000000    8.486767    8.485136  215.677723    0.000000
    7.919863   50.000000    8.015522    8.015522  217.528140    1.499829    0.000000
    7.221211   50.000000    8.487591    8.485986  215.644510    0.000000
    7.920225   50.000000    8.015049    8.015049  217.500134    1.498646    0.000000
    7.220301   50.000000    8.488252    8.486629  215.619363    0.000000
    7.920596   50.000000    8.014721    8.014721  217.477904    1.497829    0.000000
    7.219555   50.000000    8.488744    8.487151  215.599393    0.000000
    7.920681   50.000000    8.014453    8.014453  217.459634    1.497334    0.000000
    7.218577   50.000000    8.489477    8.487888  215.569933    0.000000
    7.921314   50.000000    8.014041    8.014040  217.436079    1.497138    0.000000
    7.217936   50.000000    8.489919    8.488320  215.552699    0.000000
    7.921221   50.000000    8.013791    8.013791  217.420513    1.496971    0.000000
    7.217188   50.000000    8.490505    8.488896  215.529709    0.000000
    7.921637   50.000000    8.013450    8.013450  217.403296    1.497012    0.000000
    7.216472   50.000000    8.491049    8.489458  215.507286    0.000000
    7.921965   50.000000    8.013099    8.013099  217.387069    1.497002    0.000000
    7.216014   50.000000    8.491402    8.489808  215.492128    0.000000
    7.922469   50.000000    8.012837    8.012836  217.375749    1.496931    0.000000
    7.215843   50.000000    8.491513    8.489924  215.488285    0.000000
    7.922270   50.000000    8.012752    8.012751  217.371957    1.496797    0.000000
    7.215395   50.000000    8.491848    8.490265  215.474180    0.000000
    7.922568   50.000000    8.012565    8.012565  217.360989    1.496805    0.000000
    7.215287   50.000000    8.491924    8.490332  215.471965    0.000000
    7.922544   50.000000    8.012501    8.012501  217.358570    1.496767    0.000000
    7.215103   50.000000    8.492053    8.490458  215.467276    0.000000
    7.922379   50.000000    8.012436    8.012435  217.354717    1.496831    0.000000
    7.215021   50.000000    8.492046    8.490453  215.465981    0.000000
    7.922178   50.000000    8.012442    8.012442  217.352075    1.496948    0.000000
    7.214835   50.000000    8.492227    8.490652  215.461010    0.000000
    7.922172   50.000000    8.012360    8.012360  217.348994    1.497167    0.000000
