# Status file for ctqmc. Used to save all times t_s, t_e.
10
31
2.408014672194708 2.269955535611286 0 0
3.468893752255754 2.594119268306373 0 0
3.515444980817176 3.488948333784639 0 0
5.401438648000474 5.140286111756993 0 0
5.532287250680703 5.402237098346748 0 0
5.899400693238501 5.557445562003842 0 0
6.705077700916294 6.441001409622781 0 0
10.11508226017568 8.841829615454019 0 0
11.18120851941477 11.1807601970575 0 0
11.72902149760862 11.45970420963178 0 0
12.34881192728594 11.81947766297372 0 0
12.51768806845154 12.51256475549386 0 0
16.1213027333249 16.1055949435997 0 0
16.24930205254284 16.18300425783677 0 0
17.99900836786049 17.49119521777897 0 0
19.10362399620923 18.24415004598063 0 0
19.89854953469306 19.56037345850379 0 0
20.24847409417076 20.13499515129475 0 0
20.55179989387649 20.26350628129556 0 0
20.69112307579763 20.6452035339654 0 0
20.81560633240452 20.72467933450817 0 0
21.30765912912937 21.01947007741975 0 0
22.28280103363154 21.39615291805265 0 0
23.57716486524117 22.29865061489 0 0
23.87607041015046 23.59859799561014 0 0
23.89877489801138 23.88777644081932 0 0
24.22609217659999 24.17632154540563 0 0
24.93419671734943 24.33804709670356 0 0
25.55946183709175 25.10477123347562 0 0
25.99784606349489 25.65913924551613 0 0
26.69388782199385 26.1551123589693 0 0
0
0
23
0.3910026932230899 0.420552970765763 0 0
1.055536763840912 3.151487505589542 0 0
3.296167912117232 3.504939642595529 0 0
3.793171534327942 4.238275092903053 0 0
5.224841480666392 5.699302368220538 0 0
6.065818558715023 6.650196182870287 0 0
7.044483329792672 8.088451568732333 0 0
8.092495303963883 8.629063666482569 0 0
8.631933096682689 9.93640295436315 0 0
11.10513901453465 12.39102619672046 0 0
12.43556123231376 13.22311889954974 0 0
13.68752081347266 13.94648293184298 0 0
16.68839509148041 16.75913264009955 0 0
16.8335470063432 16.93166340846246 0 0
17.50245818173156 17.97448555435925 0 0
18.49540626876496 18.50802042230135 0 0
18.64635554922088 19.2871078960214 0 0
19.6265213304009 20.40456562647504 0 0
20.65350208389967 21.1991870828278 0 0
21.22144568808708 21.25302874534837 0 0
24.33696095626325 24.3408943671815 0 0
24.37777868441617 24.57502716610215 0 0
25.0668413943073 28.22763359642808 0 0
0
40
1.097774163834329 1.160381614838377 0 0
2.46077946028918 2.487271439051785 0 0
2.637413417152326 2.881568132771366 0 0
4.06925057684056 4.48671767885134 0 0
4.993597162332112 5.004051852489348 0 0
5.004334274931815 5.004981803733774 0 0
5.300089543820134 5.332990471473472 0 0
5.55395756179893 5.618596914502439 0 0
5.707290050932277 5.899362993785653 0 0
6.606225704830424 6.723205701341644 0 0
7.317462077887792 7.344847880707497 0 0
7.391148257293134 7.399629683579367 0 0
7.591286347323537 7.674946469462044 0 0
8.180861695736057 8.289650168033264 0 0
8.50391083870937 8.659772835587448 0 0
8.745361972714838 9.134602998372053 0 0
9.204038857248657 9.312428647977848 0 0
9.316473898166722 9.488412602837233 0 0
9.979745793601921 9.990971262782748 0 0
10.07496471351891 10.99487803071179 0 0
12.55797587756997 12.61670365104826 0 0
14.25259839322169 14.33680530197499 0 0
15.37315043698889 15.56739295542399 0 0
17.40864229627914 17.93628054362999 0 0
18.43366860674607 18.64090987167627 0 0
18.74372454526915 18.77290261412285 0 0
19.39995049333896 19.45992950135882 0 0
19.7800742379634 19.88185364873948 0 0
20.1041886670072 20.18631867338738 0 0
20.41318566218777 20.56117134317417 0 0
20.62568092160243 21.43341653059388 0 0
21.84069616678922 22.10924477689877 0 0
22.34034431377887 22.51923531613429 0 0
22.85677820117086 23.47377338827708 0 0
23.57054658932354 23.65415376641031 0 0
24.16986517176078 24.3250889024222 0 0
24.32536784722205 24.46663137103141 0 0
24.52007086757236 25.24331106737772 0 0
25.57828134638405 26.65646880501692 0 0
29.30601706286293 29.43105688210433 0 0
0
0
33
0.1619538313086792 0.9906734770293744 0 0
1.753418108689608 2.034476333303458 0 0
2.48974790695348 2.520418504304819 0 0
3.21966453735595 3.752490204011116 0 0
3.951634976156244 3.97660037822458 0 0
5.953655360691346 6.161511174238453 0 0
6.479655879091924 6.918681720589559 0 0
6.943082295639265 6.958917995324698 0 0
7.0336761549859 7.118781565539122 0 0
7.142525392291034 7.14411467499009 0 0
7.956076379114974 8.013408378959493 0 0
8.457871507166988 8.628660321432562 0 0
8.92253877826573 9.409636436472054 0 0
9.48912401038895 9.545624986961478 0 0
10.89030866616402 10.93387744388994 0 0
11.31903415541252 11.49342301635147 0 0
12.12466036373203 12.2631967927762 0 0
13.22232946808792 13.45556621671596 0 0
14.16672471326533 15.01171764014599 0 0
15.01843981762719 15.32668463789984 0 0
15.79939047288687 17.51284184093228 0 0
17.51901544034347 17.53613232906944 0 0
17.99477812201704 18.97640947000839 0 0
19.11133822281947 19.2529316860072 0 0
19.48871853869989 19.51881991711741 0 0
20.91874452023687 23.72072942717456 0 0
23.81318173511584 23.90390041186803 0 0
23.9116917796315 24.11694059140416 0 0
25.00867296692356 25.06354957372316 0 0
25.54374182122517 25.55678180186286 0 0
28.42903523100859 28.59810629258578 0 0
28.783633051348 28.78916675286783 0 0
29.07116600738311 29.31495674531332 0 0
0
