# Status file for ctqmc. Used to save all times t_s, t_e.
10
30
1.343747907838347 1.237609508234117 0 0
3.097222511154257 1.471895208465791 0 0
6.281939203519597 3.482852820255249 0 0
6.872765728980908 6.384676685500974 0 0
7.034390194342663 6.978784387451006 0 0
7.452267152971313 7.325457810519312 0 0
7.943662556006876 7.790987073825972 0 0
8.755727249253965 8.720593298920443 0 0
9.152247301010764 8.85264224741575 0 0
9.629632112277086 9.482886913945618 0 0
10.09148239473528 9.770973423323914 0 0
10.13489222152792 10.12822892473094 0 0
10.48477305988383 10.36509439353864 0 0
10.69067005822123 10.55617472175216 0 0
11.9360929538525 11.77334586659532 0 0
12.16517801579241 12.1632011116913 0 0
13.5659732105945 13.44210698988845 0 0
14.59737290120625 14.25453605702223 0 0
14.80616204540307 14.60318521978497 0 0
15.97075521552378 15.54704441372209 0 0
16.63669908998618 16.03228694072017 0 0
17.7085593058363 16.71055082222438 0 0
18.1532155866389 17.98085578457016 0 0
20.37025089027222 18.24881704710154 0 0
20.96110774329339 20.61195836338921 0 0
22.03908606952049 21.40548492554612 0 0
22.71388477424732 22.10294171864637 0 0
23.44176004333113 23.30985857034759 0 0
27.03428382980353 26.37199349817275 0 0
28.42412002377584 27.44049469672312 0 0
0
0
26
0.1171830908096396 0.1528907623081707 0 0
2.177686441937462 2.514796863653584 0 0
3.722216898487294 3.730192610567058 0 0
3.989787083924472 4.004608624715926 0 0
5.323649652700687 5.45553325930132 0 0
7.640296401794786 10.34500105923282 0 0
10.49890152340398 10.67539839087363 0 0
11.69737549952786 11.79217811631021 0 0
13.08346156879741 13.84958383513585 0 0
15.09999410434779 15.26899760072103 0 0
15.68802781272137 15.71045603023113 0 0
15.9056497216756 16.5183509245268 0 0
17.29333173667054 17.30772933464658 0 0
17.65653802491485 17.78482202725771 0 0
18.08416072982537 18.10103265680982 0 0
18.95225441627893 19.16794882736929 0 0
21.26010741377904 21.4385472639548 0 0
23.11534354749733 23.42975448736074 0 0
23.88638751826828 24.00451141378291 0 0
24.62297674864548 24.71260516943097 0 0
24.75254267458607 24.82670237843562 0 0
25.80823344377088 26.34309337784488 0 0
26.62648828991385 26.78330340752956 0 0
27.42538678722523 27.57939016827774 0 0
27.94870728595887 28.05868914091602 0 0
28.70421840401564 28.87526260675894 0 0
0
30
0.108567515866028 0.2758635402056001 0 0
0.4513809761970037 0.4963830138984272 0 0
0.6911136894080545 0.9283539971723678 0 0
1.005667211634459 1.010813982805814 0 0
1.92781181470457 4.09600100087836 0 0
4.357930777729283 5.202822019139591 0 0
5.321759081019515 5.895391108201304 0 0
5.947475579674792 5.960100291881076 0 0
6.43777833113077 6.862418564777021 0 0
7.585253784789704 7.64331658125903 0 0
8.89606998514639 9.416414718562459 0 0
9.730603092957795 9.826411969864981 0 0
10.09087632130173 10.46848231615618 0 0
10.87009417130875 11.23459577992446 0 0
11.52800705917583 12.33072281734581 0 0
12.64864438648275 12.66069561833671 0 0
14.44520680282521 14.66602911170225 0 0
15.56627612222657 16.00532113040194 0 0
16.17235213470709 20.34123130098922 0 0
21.62671598105402 21.80236383923619 0 0
22.0142633837617 22.02504219352101 0 0
22.11616543672008 22.24983682010355 0 0
22.38874998887193 22.43269680406546 0 0
25.76195763993235 25.8985661474826 0 0
26.11368119712348 26.12770941642481 0 0
26.39965441931322 26.43672136165834 0 0
26.56201405421092 26.66122060785018 0 0
28.38029786841759 28.4917046620653 0 0
28.49973171453495 28.556148604191 0 0
29.87160482950358 29.91428593630464 0 0
3
9.851188998175644 9.657636791801565 0 0
10.17857185994842 10.092893242836 0 0
10.32111704349518 10.25728056540117 0 0
0
25
0.8857052185359002 1.633099702175095 0 0
2.439691999429321 4.673893878389372 0 0
4.972595804166438 5.402429242365365 0 0
5.660580781643988 5.720446361843004 0 0
5.937177235753089 6.084544993536849 0 0
6.179349281185388 7.520247101753022 0 0
7.726178962017094 7.850743051097324 0 0
8.038953271319066 8.229467956830279 0 0
9.525584993044523 9.578170208862895 0 0
9.747248703095851 9.786275351292938 0 0
10.10193109425777 10.13085342101059 0 0
10.84937320486679 10.95732892758615 0 0
10.99837612302443 11.10452008746983 0 0
13.12235616701432 13.1782512465675 0 0
13.64298235730733 13.71050271366713 0 0
14.28939858792965 14.35208418041707 0 0
14.35852342033271 14.37238436771644 0 0
14.48521293378339 15.90269064540968 0 0
17.1322829470202 17.27345387476914 0 0
18.07768026205807 22.95995927007149 0 0
24.27634844919027 24.59643931830472 0 0
24.65786956494694 25.01446150676935 0 0
25.20684080987608 25.39697931738102 0 0
26.60091623035765 26.69240197987131 0 0
26.72227613136963 29.41617811338379 0 0
1
24.99414682388306 24.94096755981445 0 0
