# Status file for ctqmc. Used to save all times t_s, t_e.
10
18
7.250346740656209 6.761753483059907 0 0
7.704536428023718 7.465296419255041 0 0
10.1472985619687 7.845613928973619 0 0
10.48802123739295 10.34473970661904 0 0
10.61714072772739 10.49092468932434 0 0
14.31747185976863 13.3387516703927 0 0
14.44484284573302 14.3391631512179 0 0
16.4580189061627 15.96075312560352 0 0
17.61693637112825 16.94071701282123 0 0
18.5022358013531 17.99730419899222 0 0
20.19286217545448 19.10737371535714 0 0
22.81777685828704 20.27770971113243 0 0
24.34429657057639 22.87220456371883 0 0
25.41290061298673 24.44377694262879 0 0
26.08894895388694 25.62850892089704 0 0
26.84861419888437 26.13937633239246 0 0
27.26499525040467 27.03224956968567 0 0
27.54799545872093 27.30124519947579 0 0
0
2
14.71815201608774 14.68082785606384 0 0
15.96626222133636 14.75485618439883 0 0
24
1.717661935917847 1.540132573518928 0 0
5.156929508951414 4.54576467187046 0 0
6.13342976357727 5.833790169010551 0 0
6.336383324380586 6.280233419902316 0 0
9.513852528236795 6.472916883894983 0 0
9.843922343675464 9.518269971304052 0 0
10.19699203187436 9.882735788976433 0 0
10.95164332990873 10.83924316553356 0 0
14.38604673285244 13.01645346289347 0 0
14.97086636556263 14.52546472919075 0 0
15.64077797220741 15.44357799525625 0 0
15.84807913627086 15.6509179284358 0 0
16.08083262336932 15.86031596166291 0 0
16.93098803898203 16.517845623292 0 0
19.82642878718872 18.98958868388694 0 0
21.56341901604398 19.84839253788621 0 0
22.4713269350928 21.76307993904559 0 0
24.46006702456796 22.51716678427763 0 0
25.80722011254964 24.55590248254902 0 0
26.11713867832911 25.82329868210283 0 0
28.26660943752938 27.59288039431598 0 0
28.81709470696306 28.27866401507023 0 0
29.25896029002716 29.05712188867167 0 0
29.70373752267676 29.33555873439294 0 0
0
27
0.395910770945776 0.7399617456889545 0 0
2.472333742645091 3.24734320478945 0 0
3.338574286894365 3.655697802455101 0 0
3.970824514609882 4.087171981966288 0 0
4.138538097619541 4.226242053009234 0 0
4.725179247149687 4.887490143359761 0 0
5.113804771893567 5.127957213382027 0 0
6.049824465475166 6.188609668054688 0 0
6.483453981978709 6.525186223238163 0 0
7.489870200296375 10.14814256027756 0 0
11.5157713946684 11.54827697856887 0 0
14.80681698659903 14.82750252971718 0 0
14.89508162801484 14.90131477058527 0 0
15.39685556071755 16.14645074446518 0 0
16.23954813547685 16.43232033363623 0 0
16.93498606892827 17.74606413278322 0 0
18.02299528574613 18.43752039468112 0 0
19.18326976832091 19.27609727071487 0 0
19.49516192664804 19.51667015515564 0 0
19.6019289836397 19.8106913312735 0 0
19.93283764577692 23.17869108777404 0 0
23.22976478935787 26.56385287954804 0 0
27.0731086840433 27.18522067572421 0 0
27.57576089252771 27.58769041207943 0 0
27.72894825020878 28.15185388102346 0 0
28.16311880706815 28.21359141166632 0 0
28.5482648807777 29.21989418493455 0 0
1
3.555546998977661 2.61174738407135 0 0
0
36
3.127361987322498 3.401211106737756 0 0
4.411424188234676 4.633051391356343 0 0
5.397778681137515 5.901381130261714 0 0
5.986426132807222 6.016341930038446 0 0
6.491529418900556 6.826610880293982 0 0
7.388881268962217 7.680837034609496 0 0
7.720757448610907 8.36950105233741 0 0
8.559020189458851 8.753865792088252 0 0
8.94793003791623 10.94282178669977 0 0
11.85986026238619 11.88536416645801 0 0
12.86149363221982 13.34413905817457 0 0
13.51312249127907 14.89522901427532 0 0
15.05739556727265 15.60355776270936 0 0
15.83673617969058 16.24213901952303 0 0
16.73568571050857 16.78961833394199 0 0
17.0362337146575 17.03707838293051 0 0
17.09199335250295 17.10915770585425 0 0
18.19143846360694 18.19148166013966 0 0
18.96804090598107 18.97627645715862 0 0
19.20481944999719 20.09497546656498 0 0
20.10262279411827 20.1895396350657 0 0
20.54131864487006 20.60558087876291 0 0
20.65337099849197 21.02484193689429 0 0
21.07767283801213 21.44547550678757 0 0
22.0297095068863 22.05270311409352 0 0
22.0640314179608 22.22980448695542 0 0
22.25593338600553 22.94415206007276 0 0
23.2859385372019 25.35310845272715 0 0
25.39768166867328 25.417470356873 0 0
25.86421366313585 25.87645324782088 0 0
26.27727763539659 26.33125836862356 0 0
26.94433348409737 27.21432602498592 0 0
27.53073649199034 27.84242022325458 0 0
27.94229524531436 28.0115074638218 0 0
29.01780702165125 29.04246048757978 0 0
29.05378563511676 29.12527287931543 0 0
0
