# Status file for ctqmc. Used to save all times t_s, t_e.
10
28
0.8632178373213458 1.419730526192256 0 0
1.808414643167028 1.967551089129854 0 0
2.350292417414606 2.697924255748879 0 0
2.777737440427619 3.134163192007029 0 0
4.911547834468212 4.925219254232506 0 0
5.030820393367405 5.273361266541951 0 0
6.804951888215554 6.957693543315245 0 0
8.386068346665871 8.411514234277673 0 0
8.818961189494109 9.239046110323207 0 0
10.06440778488044 10.38903552212854 0 0
11.15803264801827 11.58622009490778 0 0
12.19716976409069 12.37926777674162 0 0
14.8631416068297 15.28562231787533 0 0
16.21218514303219 16.41365945207961 0 0
16.81866617135353 16.91392046331673 0 0
17.74777986955476 17.91033519755477 0 0
18.46928847466792 18.70812435050236 0 0
18.77446718969133 19.26637229723854 0 0
20.08578275568258 20.09752866529712 0 0
20.38149104468548 20.38859506557855 0 0
20.54704969917217 20.63083662850357 0 0
21.66266839309129 21.81776410390392 0 0
22.35272919560638 22.53348063749467 0 0
27.26312681647559 27.62403678566179 0 0
27.86666178652726 27.89490227217614 0 0
28.07880321437061 28.17230551315961 0 0
28.53907171312253 28.95809653805184 0 0
29.86173722503943 29.97259394330792 0 0
0
0
40
0.4522694032482746 0.1079778404938807 0 0
1.321061482197898 0.4719373322978831 0 0
2.066250862074854 1.733989297418258 0 0
2.23490296423194 2.090985969849921 0 0
2.660039350882639 2.332413857706167 0 0
2.799382650583134 2.700843605958113 0 0
3.604388843388531 3.092060449939746 0 0
4.094639507562173 3.949853227126301 0 0
5.047775211611278 4.115116344970066 0 0
5.932547677427606 5.188178319043868 0 0
6.090948550736242 6.054657905528122 0 0
6.639081486728463 6.30499196792686 0 0
7.262720361818121 6.73936892815829 0 0
7.799009100973841 7.749611046883402 0 0
8.641734934056741 7.937951504260297 0 0
9.014951533139728 8.79939066235395 0 0
9.044556782418102 9.043972781623934 0 0
9.93600840005532 9.110392981572149 0 0
10.034000294207 10.00608631454468 0 0
10.22904215017454 10.19304964476675 0 0
11.70719313307113 10.58073280728622 0 0
12.99018950753977 11.71516124550426 0 0
13.7500465563374 13.69773427901357 0 0
14.88742327251111 14.14061120393056 0 0
15.08642993279085 15.01495453621594 0 0
16.52227757454383 15.53362756425876 0 0
19.64987315170814 16.59469222471924 0 0
20.41447686415054 19.97720014207334 0 0
21.00968354579261 20.46334798787388 0 0
21.8626546464597 21.49840259801937 0 0
22.96800885287273 22.2160635038556 0 0
23.09899867922148 22.98341792725447 0 0
23.57580898595485 23.10501221395376 0 0
23.78244202108657 23.64692448426466 0 0
25.24456543480634 24.58270364305835 0 0
25.50254532843141 25.33786703826415 0 0
26.33897772348844 25.59584505333382 0 0
27.10163152571838 26.3515807364887 0 0
28.8617058205939 27.23820020721611 0 0
29.97314259233651 28.86843377309055 0 0
1
23.86757969856262 23.44646215438843 0 0
17
1.016709322150566 0.3224313452698303 0 0
1.719702009900108 1.055499721509306 0 0
2.550579249123277 2.374897615029457 0 0
4.668881392608951 4.653420463448612 0 0
12.18498423803588 12.00565657334531 0 0
15.3280547025858 14.82511593116536 0 0
17.35595510309594 16.91586158038297 0 0
24.24694464621593 24.11477988830575 0 0
24.59170730312257 24.57336546295685 0 0
24.89969932726833 24.70107821390836 0 0
25.47729332410011 25.16463684008397 0 0
26.7952947551355 26.20337937824527 0 0
27.70545750429162 27.50059164746885 0 0
27.74284271453961 27.73379941684324 0 0
28.64031446970191 28.07033025246053 0 0
29.22651539267233 29.0525989799997 0 0
29.53716711230915 29.4970663630181 0 0
0
0
31
1.291100328323647 0.8289143980677106 0 0
1.461661940051256 1.354273882991015 0 0
1.729706506870866 1.687593229593661 0 0
3.231141426069907 2.49443728086437 0 0
4.189687333032906 3.449632344880293 0 0
4.514756141714646 4.444893293270306 0 0
5.162686616992657 4.938266633976435 0 0
5.874417882287057 5.850497486586634 0 0
7.201127463323002 6.542491553098986 0 0
7.711822958374603 7.285143152125308 0 0
8.956342468701958 7.80742309345468 0 0
9.496545413047004 8.989163258258404 0 0
11.09638366249898 10.29222227960327 0 0
11.79676262768892 11.13087356988665 0 0
12.09975838530969 12.07883019737568 0 0
13.15946115017771 12.95214675384721 0 0
15.72855265786159 13.33538907417176 0 0
16.03030252017837 15.74543139719314 0 0
16.17849572269483 16.14896688377663 0 0
16.49593430828792 16.26779132440554 0 0
17.0561714426921 16.8411257425722 0 0
18.13432253940557 18.13238347562156 0 0
18.3834556562201 18.19016795489728 0 0
20.35969203940881 18.81827329309756 0 0
21.06812080535276 20.99343597568368 0 0
21.19533041839441 21.08484974313321 0 0
21.56797991662478 21.39031230391202 0 0
22.08041524572613 21.60051494323015 0 0
24.65173561709117 23.82614607759838 0 0
27.50673475853029 26.74944250992268 0 0
29.91546440540985 29.76980205570272 0 0
1
10.32284617424011 10.26178658008575 0 0
