# Status file for ctqmc. Used to save all times t_s, t_e.
10
34
0.9406354380418591 0.9842165040090372 0 0
1.311635511833126 1.324692300765822 0 0
1.948824905406065 2.476452851513939 0 0
3.792884327148955 3.854436260229716 0 0
3.87684087425453 4.646406413358573 0 0
5.340256991701634 5.370717046679252 0 0
5.760155916058409 6.475670607313292 0 0
6.52245240499867 6.578608007023374 0 0
6.814493500835071 6.840107197352682 0 0
7.204128166734637 8.401500294331878 0 0
8.729285583941484 8.739803236898094 0 0
9.039276839031446 9.072367053188445 0 0
9.910112243528049 9.947375873800981 0 0
10.22562231618515 10.69479489142406 0 0
11.51206598419656 11.77438230237904 0 0
11.90935016408509 11.95095726632287 0 0
11.95235134094457 12.0088292277953 0 0
13.26365680863809 13.42532626923254 0 0
14.22111895494226 14.23467594329911 0 0
15.04637330069528 15.18959044873011 0 0
15.2991008320761 15.33329205344881 0 0
15.34540951893241 15.37971428986168 0 0
16.24901465720292 16.25276026258812 0 0
16.30744482127536 19.46534920651295 0 0
20.53001691627273 20.578600273739 0 0
20.8336433154445 20.86396933436514 0 0
21.56335290080543 21.6090560525432 0 0
21.99567430725172 22.0130585108625 0 0
23.25840877387422 23.38328876539498 0 0
23.58938828814293 23.77657945607553 0 0
24.52097573240757 24.83836093242186 0 0
26.56662332208133 26.60249841254701 0 0
27.17677912136697 27.23876704213498 0 0
29.53903921868367 29.55954365432224 0 0
0
2
6.46424353419178 6.345739960670471 0 0
6.767433285713196 6.492187388778632 0 0
39
0.4541759067292794 0.1699147251413535 0 0
1.457504789902124 0.462035740752242 0 0
2.07746934864271 1.489588233858628 0 0
2.375804712855277 2.331715101191487 0 0
3.25754495621711 2.51509961525968 0 0
3.561155034957139 3.478541262912437 0 0
4.512930856735792 3.708011012449665 0 0
4.926369551148471 4.52671179420058 0 0
5.70304779938146 5.287354623882647 0 0
5.916470107717516 5.807653541836909 0 0
6.371086602308792 6.226897772082463 0 0
6.492145993282918 6.394490963367608 0 0
6.989553766995662 6.943017090932738 0 0
7.248621270653334 7.012857115641927 0 0
7.382080055367187 7.313201838255443 0 0
9.520341989533957 7.38660755330215 0 0
9.961508916810818 9.620972624715886 0 0
10.29713333933911 10.14598247352791 0 0
11.62410824266745 11.09265173714514 0 0
11.71812637148971 11.66918365060971 0 0
12.52567774348886 11.7779807897518 0 0
14.2016233748869 12.55987149048996 0 0
14.80040028796104 14.62280933286757 0 0
14.96263618845446 14.82258109006183 0 0
18.13856467404493 18.03695954800924 0 0
19.48409693721942 18.79019154633973 0 0
21.5238272848624 19.65429404036126 0 0
22.26182103158432 21.70125123540859 0 0
23.70716212961012 22.85958050068029 0 0
24.38911572984002 23.77881538686217 0 0
24.93835992419798 24.46714021991505 0 0
25.07293914775797 24.99403623442844 0 0
25.59165221664497 25.09593759252916 0 0
25.86066959170654 25.72026442551413 0 0
26.47041746163715 26.00776688232894 0 0
26.97865868584614 26.65038510531715 0 0
27.50999269472353 27.07108378185782 0 0
27.6966865279959 27.62325083948979 0 0
29.88830061806844 27.77646142814256 0 0
0
26
0.9588201577891731 0.8314157815751493 0 0
1.286773962897316 1.027481340914164 0 0
1.556572007285935 1.518387899702866 0 0
3.97764035148902 3.941448479636685 0 0
4.331942034736343 4.160878611925662 0 0
6.41827371897973 6.039777550485905 0 0
6.814484039608605 6.483247251601027 0 0
7.811080483424803 7.043437879849519 0 0
10.23682658698551 9.297390959729485 0 0
10.71937162871481 10.32735946699041 0 0
11.571362293916 11.3791980743943 0 0
11.84953861936391 11.84128179854448 0 0
13.54880479467846 13.19958198201809 0 0
15.81035763601841 15.72784483934671 0 0
15.92324370847711 15.84508448105752 0 0
16.65873475498182 16.35157207904818 0 0
18.40039783180332 16.74195794846897 0 0
18.98297016330515 18.54356483001935 0 0
20.39661312195695 20.28417567691582 0 0
21.83599534461603 20.53879012740256 0 0
22.72099503390882 21.99377600097186 0 0
23.1357972849674 22.95428875184419 0 0
23.30925636616256 23.16762644834839 0 0
24.21083652311127 23.63511027761054 0 0
24.89121128907166 24.43292780348743 0 0
29.11117361437218 29.0905783989399 0 0
0
0
25
0.8051538340637805 1.24561469323716 0 0
1.391787036589639 1.84275884905771 0 0
1.927595437625862 2.282245653406319 0 0
2.6972275661571 2.753562124351622 0 0
2.786295628230974 4.09824150042737 0 0
4.707798283160956 4.895824225343905 0 0
5.346074970856682 5.356492663435791 0 0
5.763560951100764 9.052913114736906 0 0
9.433797877922856 9.825186474393043 0 0
11.17609375235959 12.93256898941288 0 0
13.14901152003442 13.32460582595564 0 0
13.62816478511395 13.71766332132358 0 0
13.91365836830299 14.89486611276035 0 0
15.95571105057558 16.01422355179232 0 0
18.40251343617108 18.41280683092003 0 0
19.74307126844661 19.77337118203048 0 0
19.8362240761081 20.27654277033454 0 0
20.36422517206422 21.4848018049216 0 0
21.84953478048313 22.2984045999091 0 0
22.95058515318949 26.48158475100215 0 0
26.69393240865502 26.7487526436405 0 0
26.83135888544603 26.92536124427437 0 0
26.9705531211883 27.29046863332904 0 0
27.45135468684965 29.33240501692221 0 0
29.51609978123636 29.87588292090723 0 0
0
