# Status file for ctqmc. Used to save all times t_s, t_e.
10
23
0.2861058884061684 0.3121512269312997 0 0
0.7133151872446888 0.7167169776623039 0 0
0.9690790178917057 1.007554987186391 0 0
1.135279249362645 1.238314324333598 0 0
1.3789082321836 1.396726340568184 0 0
1.501180219903786 1.657728228433744 0 0
1.754229814473989 1.782081784852476 0 0
2.148965051354006 3.890828120864363 0 0
6.112904460507982 7.177569844649856 0 0
7.423804417023865 9.706898040857652 0 0
9.94105135476082 15.32755510755716 0 0
15.57920118510845 15.69495038333723 0 0
17.48052840178492 17.62656910979025 0 0
18.15425450487773 18.30841094021501 0 0
19.15826458122627 20.1033018956132 0 0
20.31393603328484 20.46200021144389 0 0
23.73072080546882 24.03027426710685 0 0
24.91657108377653 24.95758334910663 0 0
26.42177695484448 26.58774036270024 0 0
27.53432054457155 27.54025184695437 0 0
29.26601905170315 29.28253382950689 0 0
29.44037269482226 29.48649261599776 0 0
29.55905750205053 29.82524740388171 0 0
0
0
24
3.455068932176189 3.223663808138307 0 0
8.144649967593134 8.129898386969233 0 0
8.889929615120307 8.146731505707873 0 0
9.324575774752224 9.10341651923471 0 0
10.33371504778923 9.58511790098215 0 0
10.76125332980654 10.38610831164835 0 0
10.90683575503176 10.77559693623531 0 0
11.86315568036097 11.77907731002405 0 0
12.13245732217342 11.90377974857949 0 0
14.58800275733191 14.48065325657232 0 0
14.78769203461577 14.73728199013632 0 0
16.3510165164967 14.85764629920304 0 0
16.40773477746375 16.3847952970608 0 0
17.09326197884787 16.68002939000441 0 0
17.80317425636063 17.23456394408669 0 0
18.09035062477597 17.9864583779272 0 0
19.08692393750329 18.64918550919446 0 0
24.18845335991802 19.23139954959276 0 0
24.68757500803608 24.21860911513826 0 0
25.53274625610394 24.72217323929016 0 0
25.77391726156429 25.57878024464829 0 0
27.6565144923998 26.12553964073384 0 0
28.70238144672712 27.99559732674686 0 0
29.33317044246376 29.23310041806412 0 0
1
18.57813924455279 17.68082149630082 0 0
30
0.653219938815754 0.8276855743196395 0 0
0.9267586248647121 1.048569083888963 0 0
3.057685805866688 3.166396294353288 0 0
3.591873861497355 3.628559538166783 0 0
5.006458839386692 5.925232078256441 0 0
8.842098669516425 9.547403678905136 0 0
10.40910609449362 10.46007913172565 0 0
11.52362532076396 11.94951413758657 0 0
12.35622577769188 12.44002772230305 0 0
13.70410727475974 13.88537606560369 0 0
14.2422132065735 14.68388622249032 0 0
16.09687280123612 16.2941616894904 0 0
16.52681885883886 17.18417067647111 0 0
17.60727909872895 17.88810735510075 0 0
18.13166534743164 18.22172391991428 0 0
18.37769738401549 18.41591322934043 0 0
18.47837092574977 18.97097993934947 0 0
19.34574659937937 19.43995356742664 0 0
19.66032692577545 19.67208723128729 0 0
20.02692331770497 20.36875906518957 0 0
20.65988361328952 20.69013320454174 0 0
20.70669016363343 21.08340785306016 0 0
22.08876484195699 22.98060109802034 0 0
23.4596454833152 23.49076407935446 0 0
24.01462513087959 25.31412482864706 0 0
25.58522251537158 25.65419353485884 0 0
25.75060978276628 25.78414547559608 0 0
25.98903184864627 27.76747354192489 0 0
27.79512800679328 29.14983079943471 0 0
29.66348941169778 29.68988048980055 0 0
0
0
20
0.2812560978091724 0.2706620988808001 0 0
0.5775272128302142 0.3592336036618041 0 0
2.458594687093876 0.7219593058357646 0 0
3.709884340429683 2.683756450313583 0 0
5.41305049463132 4.296168467282431 0 0
5.576087615581465 5.414686298779771 0 0
6.564287910792965 5.70664174337997 0 0
12.09894216903128 6.651672732943234 0 0
13.24460466075542 12.15179388739114 0 0
14.42494871405461 13.39451125039016 0 0
16.07444076479884 16.05311937298744 0 0
16.38591954774555 16.2679597400146 0 0
17.37904928386461 16.43228736760807 0 0
18.66698281741773 18.35127404653228 0 0
18.91012850989727 18.86502895552065 0 0
22.23819018924407 22.12432900403925 0 0
24.35486411514912 23.75338363941484 0 0
26.23749622123297 25.69898911325575 0 0
28.44962488054025 27.47059271710551 0 0
29.90249476004995 28.48909807078194 0 0
1
15.50915658473969 15.29695808887482 0 0
