# Status file for ctqmc. Used to save all times t_s, t_e.
10
25
5.42253148485317 5.349391346708685 0 0
5.896024439280843 5.435870024118039 0 0
6.632774615056148 6.174705285433123 0 0
7.946648801020993 7.320033550530348 0 0
11.03100421923241 10.13308686923553 0 0
11.6222275273101 11.35974445594383 0 0
11.77308450114684 11.70406200725641 0 0
12.08602350876674 11.93246651212997 0 0
12.59644183865589 12.09824090066198 0 0
13.46467528867057 12.68775882586717 0 0
13.95704131238941 13.78419538356801 0 0
14.15308972248708 14.06381617324017 0 0
14.82744097814373 14.29168987029962 0 0
15.23517659673724 15.16517808446212 0 0
17.85794259402775 17.67066674219465 0 0
18.45543993008494 18.4029778142084 0 0
20.06584137948529 19.72664574672572 0 0
20.13357335492879 20.08868238217237 0 0
20.60795373130528 20.26152591341339 0 0
24.12658783194347 23.87783554933817 0 0
24.37626506863044 24.15397354538797 0 0
24.96372284872175 24.62573620838419 0 0
26.03453700749096 25.08602093126458 0 0
26.73933584560627 26.04254763500516 0 0
28.40754277009397 27.46185717920032 0 0
0
0
31
0.1877404882435161 0.1559752095463445 0 0
0.8435401261671862 0.2828417415017341 0 0
1.335781831533159 0.8641571469180517 0 0
3.079430122322881 2.993101196457066 0 0
4.720307392314615 4.472727747898972 0 0
4.854788243047929 4.753631530095428 0 0
5.821371620592694 5.757759215023575 0 0
6.135667108360026 5.876132807785226 0 0
6.634565630868723 6.252902407884886 0 0
7.504120864322783 6.715982302876252 0 0
8.908095648675905 7.988033106482519 0 0
9.386286679273462 9.014110383692543 0 0
14.69600176412854 14.68540180260339 0 0
15.51244244447491 15.36533159003046 0 0
15.96748106262105 15.63972444662295 0 0
16.37645014983737 16.28480535596755 0 0
16.74171591966411 16.63971384694021 0 0
17.66095824232407 16.78420456433535 0 0
18.50278160450337 17.80079572257304 0 0
19.03596168948291 18.53541974424885 0 0
19.57443385586534 19.27440427002223 0 0
20.40867894581945 19.92970350749822 0 0
20.64782817551718 20.5644877795644 0 0
22.99188604677163 22.66319111786845 0 0
24.08727238484318 23.19214672419837 0 0
24.79269006868854 24.67139448354789 0 0
25.09204173633182 24.859184480256 0 0
25.78092930577074 25.27977877220619 0 0
27.34024478797097 25.84210772143943 0 0
28.44407818964619 28.01369385126114 0 0
29.74275226938608 29.2264725284583 0 0
0
33
1.115013890536395 1.115542546838417 0 0
3.499866105262372 3.526210966341226 0 0
4.524917319876183 4.587671501794286 0 0
5.465585280527302 5.99193733143155 0 0
6.018364957902569 7.098466968021626 0 0
7.530100191377681 7.604456899230764 0 0
7.686991112279837 7.736716085005222 0 0
7.806281522832165 8.070341972224387 0 0
8.097275210223986 8.606029792518161 0 0
9.638632752823614 9.77080905103988 0 0
10.52078425069782 10.63064828305065 0 0
11.20347564789817 11.71043004115483 0 0
12.36321867751881 12.91405871791992 0 0
12.92368178058089 12.99373223006632 0 0
13.19072841122861 13.58644988702803 0 0
14.43192122694057 14.56344795335418 0 0
15.11072306342814 15.38272061406484 0 0
15.62392896897258 15.77089906636079 0 0
16.72085652021626 16.72196201755738 0 0
17.08581312945074 17.62255431484314 0 0
18.47008422539816 18.58649474430653 0 0
19.74497472895208 19.78872543233697 0 0
20.13613448491838 20.19313201935116 0 0
21.55498793497447 21.55761937765343 0 0
21.63679215959219 21.69823721534733 0 0
23.749530640718 23.7548426646167 0 0
23.96611154336284 24.35950524964298 0 0
24.85877409673099 24.86019133341377 0 0
25.0549757499484 25.28132064743298 0 0
26.11437878442778 26.38615231632708 0 0
26.58302382759483 26.5948597568012 0 0
27.89810257980251 28.16963564274054 0 0
29.20526903106939 29.22324748860647 0 0
0
0
33
0.4267151564466118 0.6888089744007715 0 0
3.699597343817464 3.705106497981561 0 0
4.747110467451798 4.819611527785423 0 0
4.827207701320365 4.943289094731936 0 0
5.959577101630822 6.429430627096853 0 0
6.84771502376131 7.037974555249117 0 0
7.674789621635518 7.798108356552019 0 0
8.058085702086377 8.280114907388498 0 0
8.962979326013977 9.061280292206446 0 0
9.129916831542817 9.292658896663786 0 0
9.534370698022213 9.612954918570697 0 0
10.66714017289932 10.7068826776122 0 0
11.70969823528364 12.06649246264602 0 0
12.27327216603039 12.43121094324968 0 0
13.59536576817298 14.37587697420938 0 0
14.65732368675061 14.67563279690259 0 0
15.25599403854823 16.02426209077426 0 0
17.22342066480024 17.34478658221619 0 0
17.62926695286345 17.90641256049897 0 0
18.15628811119988 18.19332330000664 0 0
18.87474663874584 19.47001852550825 0 0
19.97979881808617 20.53720504454158 0 0
23.4884235250901 23.96719767988902 0 0
24.5851627522948 25.00092858826163 0 0
25.33193886130897 25.72699901409968 0 0
25.77712154746589 25.8522960266325 0 0
26.1462614163413 27.06386002552331 0 0
27.09549381229751 27.30197297695599 0 0
27.61450596535963 28.21996529325169 0 0
28.27607375321983 28.45565700371626 0 0
29.48810196313112 29.5144631158669 0 0
29.623413301067 29.78875113441506 0 0
29.89168670386449 29.98842075055808 0 0
0
