# Status file for ctqmc. Used to save all times t_s, t_e.
10
29
2.00143781302772 2.956985831069342 0 0
4.603502587788538 5.433822253847771 0 0
5.450761265356478 5.505291599336188 0 0
5.763052734030562 5.777961634251621 0 0
6.622178233189803 6.700588191255539 0 0
7.597958090810648 8.477572020792575 0 0
10.33701756820204 10.42721168498215 0 0
10.80908787721573 11.66229421738963 0 0
11.89831770541261 12.26277115200381 0 0
13.07800061209725 13.22235862135528 0 0
13.9229512251616 14.08377278593799 0 0
15.02741326962241 15.26490672871467 0 0
15.34896639733071 15.52890384371323 0 0
15.62929368912413 15.96463736043191 0 0
15.97700400265145 16.44788228254746 0 0
17.2501861059349 17.48399183382284 0 0
17.53304531964656 17.56753055653619 0 0
19.09492016556392 19.15310862051217 0 0
19.48240966766867 19.54503948566519 0 0
19.72550948893936 19.94556631361626 0 0
20.31066394616868 20.69147303333744 0 0
20.89366579391795 21.05543202520277 0 0
21.14844959587916 23.22576661156005 0 0
23.74179187721473 24.2526946339299 0 0
26.23249538894851 26.61050974545919 0 0
26.93192707430837 27.10841395716385 0 0
27.47345671239793 27.75020056171614 0 0
28.07034964485448 28.17142284842395 0 0
29.53262918185549 29.66295486028726 0 0
0
0
33
0.7343890662478536 0.7399752308438458 0 0
1.540294399330801 3.306740720533555 0 0
3.358223775510248 3.586882237114908 0 0
3.602853667271285 4.101740891863233 0 0
4.247393660552153 4.332481640712353 0 0
7.706984635863092 8.066258012872201 0 0
8.284316245198236 8.476217808533232 0 0
9.57533953755315 10.5166670986023 0 0
10.54075567730776 10.6449693140257 0 0
11.04347378210535 11.18178755101778 0 0
11.7284152217738 11.75493599472943 0 0
11.97320540717441 12.17645787099383 0 0
12.31961537371632 12.65667008427542 0 0
13.05626680947478 13.08619208464726 0 0
14.16795922871809 16.94332299402162 0 0
16.99581318209909 18.01137005920738 0 0
18.22812956590704 18.29559306749516 0 0
18.46685598807948 18.52479249681273 0 0
18.93031238025278 18.95292389167819 0 0
18.9905009774347 19.01979408590256 0 0
19.29462398004043 19.32438356684986 0 0
19.54404077595198 19.57657062874539 0 0
19.68460095193037 20.85733693412746 0 0
20.86660544463227 20.89768655837572 0 0
21.01455783405641 21.12522679922473 0 0
21.32192820237171 21.57585188891161 0 0
22.17758038807015 22.19848552332391 0 0
22.63489686511008 22.81893395391011 0 0
26.41153903458789 26.5524307238067 0 0
26.74061075911028 26.85664607263785 0 0
27.40694951134013 27.45646830147502 0 0
28.29032046130657 28.30845958100906 0 0
28.79515223850238 29.68086741575082 0 0
0
32
0.7567886768210516 0.7246510264944028 0 0
1.199715632860693 0.8989549546018925 0 0
2.169925585085703 1.854707162797452 0 0
2.856710332213631 2.200006614639732 0 0
3.587280764929615 2.969611315315489 0 0
5.07343936098984 3.950181523779302 0 0
5.994762080227591 5.852668374723445 0 0
7.061277286342017 6.851782675005144 0 0
8.252606497965104 7.779820014873254 0 0
8.410369089061479 8.306282444149861 0 0
9.727599813253182 8.560133214125441 0 0
10.03110331479554 9.810388894457681 0 0
10.42547862442787 10.12470230742455 0 0
11.58931374110491 10.62951139530807 0 0
12.12139735435634 11.93260891073904 0 0
12.9247810875791 12.62254874162147 0 0
15.74768041123474 14.24432357158613 0 0
16.14705387969467 15.78832789577807 0 0
17.93065930175045 16.23410007043116 0 0
19.01578423130325 18.14402032395351 0 0
19.85468913276997 19.11637988942685 0 0
19.93032178279935 19.86379070337336 0 0
21.26360435952068 20.11268549334595 0 0
22.11663115297772 21.49691438196127 0 0
22.68831017822708 22.15685662407121 0 0
23.20322807063287 22.83826767694598 0 0
24.22148292706327 23.35913823718641 0 0
26.41045212375415 26.19050521628373 0 0
27.13107654032913 26.86160900967154 0 0
27.80499375245007 27.14773502622718 0 0
28.59662741419005 28.44137168348139 0 0
28.737047619151 28.63168006147991 0 0
0
0
39
0.4996061223541872 0.4340594713545975 0 0
2.35082918059339 1.559939976593396 0 0
4.346411753346485 2.579902028168497 0 0
4.920140310839319 4.435538510736342 0 0
5.760744009857881 5.029989133747436 0 0
6.278391147780662 6.187042105495737 0 0
7.225231596212049 6.888519247662368 0 0
8.788037462518668 7.859946068796927 0 0
9.22644631246547 8.889989126781316 0 0
9.270720958322059 9.262656044498089 0 0
9.534532240042488 9.499578181625314 0 0
9.698493849703226 9.641086489774942 0 0
11.47906437387052 9.730965665729098 0 0
11.87566747279985 11.6846314399297 0 0
12.02476421658421 11.95827167945424 0 0
12.71065733664901 12.06673637318523 0 0
12.94167754080691 12.87139367782525 0 0
14.14785407955929 13.8884671349001 0 0
14.66947554289334 14.57864018840476 0 0
15.14446622394348 15.11362932414028 0 0
16.29479279721144 15.15819453751926 0 0
16.40163454334097 16.3572436322025 0 0
16.71623074295174 16.42090989301292 0 0
16.74964183463805 16.73810265860454 0 0
17.72806969673768 16.75736917691938 0 0
18.19935596432732 18.16766134951184 0 0
18.61766065522415 18.2022214124719 0 0
19.64744392221552 19.30704164912968 0 0
19.89824742939834 19.89715478136629 0 0
22.60425995173179 19.92592950611371 0 0
23.47290823175282 23.37124558202346 0 0
24.39388524232383 23.96114785333433 0 0
26.50913158147251 26.27705077959137 0 0
26.89829216561674 26.53305798553865 0 0
27.01316919679714 26.9271692599561 0 0
28.21321245130456 28.03995481631065 0 0
28.29174843250942 28.29053388494476 0 0
28.96744710819983 28.84385609695638 0 0
29.73623533687263 29.07199864594977 0 0
0
