# Status file for ctqmc. Used to save all times t_s, t_e.
10
25
0.4385436335370548 0.5902321758005478 0 0
2.474591670193642 2.631184731149336 0 0
2.754770252134674 3.326021196122294 0 0
4.070537646752589 4.224680733697978 0 0
4.776754428474604 4.780413994109677 0 0
4.851933746895689 4.949591268261755 0 0
5.469677477023788 5.943653237864046 0 0
6.1125952353263 6.193504519259717 0 0
6.313804068092554 7.259454510708828 0 0
7.507251530016216 7.625751287646116 0 0
7.817577027198891 9.965008648491652 0 0
10.28429453410554 10.53154606353088 0 0
11.01183293655673 11.0454865054236 0 0
11.07983770994567 11.18880638899813 0 0
11.2798641941242 12.8422532328535 0 0
13.4059954826836 13.48289515473785 0 0
13.60670198322595 13.61015293073769 0 0
14.31645344620998 14.33978811787977 0 0
14.59291092275111 14.65066821679429 0 0
14.79520576882465 14.82115643720561 0 0
16.3817216092583 16.85034867141858 0 0
17.10361270265997 17.45930208303609 0 0
18.98119614036278 23.0293734865202 0 0
25.65997808699968 25.85150708011528 0 0
26.24409064298184 26.4603340072941 0 0
0
0
28
0.3077346875808864 0.1006664566440811 0 0
1.554734171218285 1.026915453531845 0 0
5.140842065089224 5.053958030405099 0 0
6.00975037673877 5.384196698157861 0 0
7.204204592052702 6.631349560786689 0 0
7.336662606939534 7.305555306481975 0 0
7.608852561579718 7.463405204695549 0 0
7.883684831691619 7.709945994738862 0 0
8.704144693708622 8.336175815351176 0 0
9.271466599533765 8.862620187315324 0 0
9.56158685779973 9.372936947783971 0 0
14.34228631542994 13.1759236422197 0 0
14.53815055189555 14.35024622190956 0 0
14.78460389045933 14.5662808111315 0 0
15.47892030656248 15.05507816025539 0 0
15.97597029714597 15.86325757783144 0 0
16.78327787980739 16.35271547108711 0 0
17.88950559803068 17.18791969460024 0 0
18.0789648775116 18.04120293051886 0 0
21.75399366261449 21.23392416353835 0 0
22.56577236650167 21.77367191153971 0 0
22.82724939720709 22.668450169609 0 0
24.5380318068661 23.85702947147577 0 0
25.87547592070899 24.61412699218728 0 0
27.06328842170718 25.92089093068787 0 0
27.99884901451686 27.19318078941352 0 0
29.22321366443216 28.29941415032103 0 0
29.67719008303463 29.27101721010954 0 0
0
36
2.181390931587863 2.066161766597405 0 0
2.584721477471863 2.325155093142161 0 0
2.777818930494902 2.666908760523055 0 0
3.090685549253205 2.804828151732356 0 0
3.571041496198089 3.245312870618953 0 0
4.299152552633162 3.903615311896205 0 0
5.180046759971379 4.339331653944297 0 0
5.444833744025794 5.361301651950978 0 0
5.658598120895087 5.477232527413911 0 0
7.073851712415729 6.351635163763354 0 0
8.225626520062679 7.710450625482403 0 0
8.283747373106149 8.263965079873419 0 0
9.558372535112529 8.34413610685108 0 0
9.810108255801445 9.560957453934748 0 0
9.967127187383245 9.900856377825923 0 0
10.61751533302097 9.987309730406858 0 0
12.80297601078366 10.82386682520268 0 0
14.56258001654221 14.25622045874418 0 0
14.80881870007935 14.67392046473585 0 0
16.25224224542854 15.47759149911331 0 0
16.71480567837919 16.63797473140876 0 0
18.64680408706251 18.64471074415614 0 0
18.91690760276871 18.73469086401007 0 0
19.04980757698077 19.03792897058494 0 0
19.4567821949126 19.27400049132371 0 0
20.42822473999096 19.60079696967533 0 0
21.18731413339361 20.53527163277875 0 0
23.21807520891847 21.43811857913389 0 0
23.84119419480067 23.51023619293306 0 0
24.14800858253937 24.05130308125126 0 0
25.22978895379975 24.74849905350197 0 0
25.84906072809524 25.61736216402534 0 0
27.03373333189902 26.95596719377204 0 0
28.18353110156903 27.17321269007257 0 0
28.65101773950324 28.61511145950658 0 0
29.44729805660475 29.18557143931934 0 0
0
0
28
1.168866996421648 0.1521285338137268 0 0
3.256218372371982 2.155467513673501 0 0
4.634650442618889 3.542698507411518 0 0
4.75360921427098 4.722342443662734 0 0
7.468764525835059 5.216943168869048 0 0
9.306541422459341 7.799251721339653 0 0
9.818360320336838 9.318286486269624 0 0
10.3837286907895 9.840784290307893 0 0
12.33410158004534 10.38448071528019 0 0
13.11929935928181 12.33668033309844 0 0
14.08422099494603 13.97369522555538 0 0
15.70117248019015 14.34123253692599 0 0
16.50362377875132 15.91122134843755 0 0
17.98339930156971 16.61997978273944 0 0
18.36632493009504 18.0546774088802 0 0
18.52240602483127 18.38063573905295 0 0
19.48850806501177 18.52300751309014 0 0
21.13659208458319 19.98546002812501 0 0
21.50908008274475 21.23028541388211 0 0
22.05512564078237 21.62403749516077 0 0
22.33104448601796 22.1016566680786 0 0
23.1610968126535 22.42714657454739 0 0
23.22149986611009 23.21551371813839 0 0
24.43212126723179 24.22957668076065 0 0
27.26868138636965 26.97375815797924 0 0
27.87469048204055 27.85427538536864 0 0
29.28688328281042 29.25054575095621 0 0
29.86040204896325 29.81310996925092 0 0
0
