# Status file for ctqmc. Used to save all times t_s, t_e.
10
20
0.3688768868085734 0.6508616667311296 0 0
0.9992754327151582 1.088519630840076 0 0
2.059981332409322 4.094741176171205 0 0
4.298756906671402 4.41608344218159 0 0
5.028546296518043 5.237510664831873 0 0
5.786886786078665 6.065063683561148 0 0
6.647924850428299 6.91081020699542 0 0
8.037229118269972 8.045911912103207 0 0
9.561131521736197 9.631728804594863 0 0
9.693138729108917 9.694274040758437 0 0
10.52805124001558 10.81648359430641 0 0
11.86034396019655 11.97724921571139 0 0
13.52977469482416 14.3311883816556 0 0
14.78406207181775 14.99428334919405 0 0
17.0991739127053 17.10108245762511 0 0
20.0921918105546 20.44199973037723 0 0
20.62634250850738 21.40921758357102 0 0
25.6663197737752 26.03516690836115 0 0
26.30082276736016 26.32393786492739 0 0
26.89532913832111 26.90150813048893 0 0
0
4
8.310264945030212 7.711002230644226 0 0
11.46394410401363 11.09788618981384 0 0
21.17655589615582 20.0422435478356 0 0
22.79549418006283 22.39771587958631 0 0
29
1.869618287116332 2.782798951549462 0 0
3.227774690235486 3.50361183238384 0 0
3.911751002925922 3.944293198734593 0 0
4.249325284697203 4.289722826559276 0 0
4.337159743842541 4.710409315249651 0 0
4.95784692788315 5.013139638887238 0 0
6.072640254351483 6.936166166718584 0 0
7.732578417558376 7.962607969908969 0 0
8.167954301510671 9.057731358819657 0 0
9.768194742037217 9.775196711008716 0 0
9.837259670448013 10.30796548704322 0 0
11.00585849025441 11.30912489333545 0 0
11.62206770693028 11.71609542214011 0 0
14.00079320822342 14.0450127080292 0 0
14.08449244144896 14.12037898354361 0 0
14.1768225249123 14.25876891014748 0 0
14.84851999782853 14.92850779322625 0 0
15.48247048844093 15.53810066904744 0 0
16.15057540588658 16.25762210539927 0 0
16.36918362641201 16.38648027776486 0 0
19.46802959354894 19.52171535269764 0 0
19.66720772093344 19.77822038829514 0 0
20.31282036482805 20.5742070314792 0 0
22.470552128066 22.58880781618262 0 0
25.17099925416557 25.22637678213828 0 0
25.26966210902018 25.60933752015021 0 0
26.82998777552972 26.85887346323134 0 0
28.2877492928594 28.54665305725418 0 0
29.64880883909709 29.82737829884183 0 0
0
30
2.409947473108497 1.925484083488903 0 0
2.797465355975084 2.53377268025492 0 0
3.194013707506878 2.896465342308584 0 0
3.688231792158134 3.385102842985568 0 0
5.205308307435763 4.130379931543593 0 0
6.925777292482933 5.686321656256072 0 0
9.057960335274368 8.976354017101164 0 0
9.399542873817113 9.348925804694277 0 0
10.27114797384988 9.758503178957243 0 0
10.60654476788035 10.42591653812597 0 0
12.92717210855007 12.85354507049379 0 0
13.9731212505012 13.30320096577868 0 0
14.1070892148865 14.03101059024373 0 0
15.23702053470894 14.78988822429489 0 0
15.71975590738698 15.71259429533558 0 0
15.86890970828697 15.85836291240983 0 0
16.56917915093982 16.4848189942144 0 0
16.72337901563168 16.59733557035284 0 0
17.03263520808603 16.81709710656286 0 0
18.37443173911456 18.36674547210586 0 0
19.68716129417101 19.68258013729497 0 0
20.3301578706543 20.26031102427416 0 0
25.06086198608369 24.99575957418102 0 0
26.22231032130143 25.99232365896185 0 0
26.70067732556362 26.68777228528098 0 0
26.95809491375493 26.86289248324767 0 0
27.32186488344669 27.25067876433931 0 0
27.41752170338758 27.33231202968011 0 0
28.53232003768768 27.71378391421826 0 0
29.46958135877129 28.75626087016827 0 0
0
1
23.67796897888184 23.50750386714935 0 0
19
1.007738991583844 0.6099222468616752 0 0
2.152026726541824 1.14731851502729 0 0
7.038556016591997 6.594406029216666 0 0
8.711348023806172 7.694433795371897 0 0
8.765416265298086 8.719014275894155 0 0
9.122026169235431 8.878878154266316 0 0
9.984352403230567 9.698673693873303 0 0
12.14906983568998 12.10733561218412 0 0
13.33393922530377 13.29101906116664 0 0
13.92552652820597 13.61547433966103 0 0
14.76888699049771 14.56181378942443 0 0
14.99984941822904 14.9166739539031 0 0
15.29475137243421 15.16936903717127 0 0
15.48442928258708 15.32351171900048 0 0
21.41515367963741 20.57537113538842 0 0
21.4746958533967 21.45415509530447 0 0
26.17583889275244 25.52856316865385 0 0
26.31870748817573 26.26501314697927 0 0
26.77423695450072 26.75713361986091 0 0
0
