# Status file for ctqmc. Used to save all times t_s, t_e.
10
36
0.24417707713922 2.478440447344262 0 0
2.498819296114715 3.23077115166515 0 0
3.264239622672608 3.296637202968952 0 0
3.979783732343771 4.066433178926746 0 0
4.640978755170782 5.759862285145806 0 0
6.166058762597403 6.246945021789146 0 0
6.496857248757134 6.502584407710819 0 0
6.543197940303879 6.631463871093253 0 0
7.170926576136126 7.280971842176406 0 0
7.337997607522373 7.347569033417551 0 0
8.78841195736139 8.94424819957316 0 0
9.039678475951927 9.236524279941351 0 0
10.52760977052735 10.62871119399076 0 0
10.76461012708913 10.92223918745452 0 0
12.42423030508497 13.51168257633623 0 0
13.64009472597206 13.8318738756616 0 0
14.001627490149 16.91258638445495 0 0
16.946618407687 16.9495960525553 0 0
17.13300709697436 17.28161357175344 0 0
18.65010134246273 18.83132637760166 0 0
19.58791550379661 19.66154275298861 0 0
19.81519721105433 19.87261056271504 0 0
19.96454091037054 20.50361989619906 0 0
20.71909648402644 20.74278262783568 0 0
21.94856298931062 21.95351822544397 0 0
22.55933953590181 23.10214792995139 0 0
23.13168539980068 23.21581593573563 0 0
24.08528924880381 24.27092673105932 0 0
24.78124554950848 24.79654938492447 0 0
24.85983908526546 24.91904896979813 0 0
25.15058745902532 25.49281944343776 0 0
25.54580445068386 25.58801424979169 0 0
26.77587654395807 26.99063219625977 0 0
27.23758409458968 29.09724287371845 0 0
29.40177305258403 29.79776244232133 0 0
29.9021743333137 29.97027093981027 0 0
3
0.1122558116912842 0.08714133934066837 0 0
29.47181943118983 29.05785262584686 0 0
29.72087728704569 29.6366095855126 0 0
0
38
0.8012060334020212 0.7028322657695298 0 0
2.202159820622666 1.532166568705072 0 0
3.013345392070964 2.436402145143651 0 0
3.408670578590762 3.253802471415955 0 0
4.211481087078355 4.204701795421712 0 0
4.715298229638403 4.335855742169453 0 0
5.281040381602265 5.066253117564735 0 0
5.358297207909382 5.345600703629539 0 0
5.650871457635723 5.579296514114923 0 0
7.010191425411272 5.669079662892212 0 0
8.91979746262175 8.249056644485698 0 0
9.984905242861892 9.025916252993968 0 0
10.72841617516339 10.56319637796953 0 0
10.94688160608094 10.75134607732543 0 0
11.10097565391673 10.96232443958141 0 0
11.51887871278945 11.22807382850668 0 0
11.81001506031447 11.52991124273333 0 0
13.36256645410506 13.3164638303278 0 0
14.24831131392122 13.63553548711738 0 0
14.50861739194132 14.28384677775594 0 0
15.02584869498178 14.68724769951399 0 0
15.86800624412005 15.76922273002254 0 0
17.68022407616626 15.91367008572098 0 0
18.73448860987916 18.12960274332499 0 0
20.52544577527026 18.91298796717703 0 0
21.60409386420531 20.72149517244567 0 0
22.07591472040991 21.67709734783374 0 0
22.79577035651696 22.70217983440342 0 0
24.66550647287641 22.98817531272233 0 0
24.93418854817771 24.7703726654345 0 0
26.53143929537723 24.98779323019793 0 0
27.19811532130347 26.69891489889404 0 0
27.50153524519921 27.46516555424741 0 0
28.23421057740357 27.71206329409059 0 0
28.3290648475227 28.25047197844484 0 0
28.62469917669959 28.4757443046215 0 0
29.52410653884625 28.96911639063014 0 0
29.83529879435718 29.69277015695486 0 0
0
33
2.629690582374838 2.696691268646088 0 0
2.767906163931012 3.100072226480883 0 0
3.385056681195813 3.424322735612945 0 0
3.957679994131543 4.180636674123307 0 0
4.36970267743951 4.454632921810201 0 0
4.504355253300247 4.571714549248498 0 0
5.124692413122808 5.341584374681007 0 0
5.344897878599949 5.34830751423682 0 0
5.788173011975074 6.214534471636333 0 0
6.88767444663533 7.041865091287663 0 0
7.045819259036967 7.078468349860282 0 0
7.292286650177913 10.78532903642729 0 0
10.90402571681913 11.09432560099677 0 0
11.59435269812971 11.62209666483175 0 0
12.09580580634415 12.3176085969457 0 0
12.46905097452798 12.47027889248543 0 0
13.64596993270061 13.74416570798663 0 0
14.83842211244281 14.88122172866737 0 0
15.50450503933156 15.51243256951635 0 0
16.95328357363976 17.09374301233238 0 0
17.18805942433462 17.2160537169081 0 0
17.77256675339137 17.78375822480578 0 0
18.91185487565572 18.93794036668351 0 0
19.01125782364936 19.15671376094913 0 0
19.38026913991403 21.53547779904778 0 0
22.06178762186787 22.18159021085517 0 0
23.01296977898631 24.74352657400722 0 0
24.82744057651133 24.94606313833717 0 0
25.26738713083075 25.32838848936721 0 0
25.45940361492093 27.02244874776299 0 0
29.12258706720431 29.27986181219186 0 0
29.38236556384378 29.45049424921069 0 0
29.60275708841975 29.85197495114224 0 0
0
0
32
0.9625053297136186 0.2847800693305125 0 0
1.917906484470096 1.009104742161873 0 0
3.319111123131215 1.957141558962441 0 0
4.751795800970076 3.902930097714574 0 0
5.612443779919608 4.805760367577991 0 0
8.041024167188734 7.10511225971833 0 0
8.402863385893507 8.147426627303661 0 0
9.464745868987217 8.816858946836232 0 0
10.67184057964149 9.695053239535715 0 0
12.95058329973584 12.39405473344079 0 0
13.86361233292537 12.99428487546176 0 0
13.98968104582091 13.97591639768054 0 0
14.21952377428996 14.06533849128127 0 0
15.22585778450803 14.52470323959162 0 0
15.73156095724476 15.24616996500994 0 0
16.0706937263909 15.75595076084809 0 0
16.3483420974919 16.31528340019389 0 0
17.38969623885687 16.47748160947192 0 0
20.52737460632841 19.56743698894907 0 0
20.64919096022652 20.54109730958401 0 0
21.28055506798007 21.21133737399331 0 0
24.03198733316698 22.21939110946791 0 0
24.34815564659742 24.17824208050911 0 0
24.48930755227511 24.37646461262048 0 0
25.38707434598658 25.26679689133842 0 0
26.85285993398981 26.08004369314568 0 0
27.41229607493964 27.0169346388237 0 0
28.05927731251348 27.58944745648649 0 0
28.26024253817032 28.08807048999601 0 0
29.12582654599197 28.32869586108519 0 0
29.36327837577164 29.27400498531746 0 0
29.86572283891352 29.50089882682765 0 0
0
