# Status file for ctqmc. Used to save all times t_s, t_e.
10
36
0.6242146627210674 0.1907378285349424 0 0
1.689148834181753 0.6394936755442814 0 0
6.050750963799826 2.28051065869724 0 0
6.945612385473253 6.930110380397875 0 0
7.367783020117094 7.12702135241706 0 0
7.932274457815399 7.717130532341868 0 0
8.33452503972882 7.992363719694576 0 0
8.807872894341809 8.435490948323668 0 0
9.74258121069515 8.903131323896767 0 0
10.08727266501536 10.08009412363321 0 0
10.50152151176634 10.12825390089804 0 0
11.58487763529497 11.46058341985654 0 0
11.74637056550078 11.58695571974353 0 0
12.52691952781998 12.36178057919558 0 0
12.79021303769039 12.6203427891331 0 0
14.84439866617916 12.80912691593594 0 0
15.62395773199327 15.04284746913457 0 0
16.82815828032239 16.28432176569912 0 0
17.49602777927637 16.96561526618778 0 0
18.43352335722838 17.55527877790088 0 0
19.04761995904274 18.74016334106356 0 0
19.17528890816887 19.07601438318301 0 0
19.37224511903669 19.19558826488393 0 0
19.85502165444672 19.58122521589349 0 0
19.92254434486802 19.9206727363095 0 0
21.48349267112032 20.63807789824227 0 0
22.5073151653304 21.53701210847159 0 0
23.25087841204988 23.19202677860934 0 0
23.90982459449288 23.39189760948125 0 0
24.55783651112581 24.53791831550297 0 0
24.82113020072437 24.62291393489065 0 0
25.51712196812025 25.17149803680462 0 0
25.8162243603817 25.5231629056738 0 0
28.67408730575216 28.5169276732717 0 0
29.38817759458114 28.82078277821385 0 0
29.92332656654036 29.51981683129618 0 0
0
0
30
0.01527071367084076 0.08779925182960113 0 0
0.9329525259048164 1.143023492126039 0 0
1.153842128078265 2.864288682542235 0 0
3.221830559813759 3.287251934378109 0 0
3.624878432443278 3.73959105151885 0 0
4.00085261582798 4.130403284535206 0 0
4.334118317464235 4.616772999555168 0 0
5.114427647264075 5.33541596545613 0 0
6.015531983905142 6.056961705692612 0 0
6.547596465907334 6.554034914609351 0 0
6.604396612253471 6.855776610616821 0 0
8.42280955796881 8.690575003443936 0 0
9.870732511255994 9.920969421140841 0 0
11.08212334315659 11.3133301832012 0 0
11.58360190204323 11.98016744684688 0 0
12.25453249348105 12.32187229644884 0 0
12.55261866466925 12.63785966400848 0 0
12.69932158115882 12.75371358327729 0 0
12.81692201401383 12.87732262242937 0 0
13.16212643212543 13.29066886732873 0 0
13.65026790080887 20.92668805484984 0 0
21.43520865378746 21.69008264670369 0 0
22.4214134598093 22.73054454991359 0 0
23.09697665459238 23.209470121267 0 0
23.52597259969334 23.56671225213405 0 0
23.93377503863929 24.02364257161893 0 0
24.28553827906543 25.01037553898563 0 0
25.19361909001321 27.83124729897625 0 0
29.18204195254251 29.30806338442673 0 0
29.4719924936876 29.64367207630919 0 0
0
36
0.05262690429015879 0.02068303660279369 0 0
0.5930575814369057 0.08749111710735949 0 0
2.462693763227657 0.9294485433724529 0 0
2.599525601057462 2.470591769577205 0 0
3.522062512316673 2.89644749003764 0 0
3.697438899002611 3.689532389120551 0 0
3.86734874603882 3.803570145718083 0 0
4.264915384890799 3.891199573271924 0 0
5.789353338542124 5.778612671660674 0 0
6.466780615910694 5.861665054634509 0 0
6.629436907655651 6.596154751101566 0 0
7.104631358405679 6.721357621074751 0 0
11.19544722140779 10.35054010163671 0 0
12.59854448850732 11.20429423249345 0 0
12.83825621683068 12.80431457744186 0 0
14.09831929709079 13.88326643197004 0 0
16.08838446476003 14.6271024467094 0 0
17.12157123296497 16.53420514078367 0 0
18.08618908366161 17.70149501480278 0 0
18.84695103684238 18.14048251664331 0 0
19.31656401638632 18.94678524402168 0 0
20.01144707363444 19.4405840206415 0 0
20.34218333537213 20.04653747574709 0 0
20.62773341422269 20.48357636774871 0 0
21.37415266852009 21.13949723322394 0 0
22.07646209203715 21.68963920077699 0 0
22.89532772028669 22.87067603657256 0 0
23.48631462960198 22.95790371354132 0 0
23.88474919948761 23.54502229704774 0 0
24.21554282310517 23.93431447848142 0 0
24.79096278258431 24.63329077011012 0 0
25.34301716386128 24.94788923031441 0 0
25.9239270700091 25.50150273196314 0 0
27.16462989008568 25.9483134449973 0 0
27.94816719999487 27.4003117127601 0 0
28.83004838750551 28.05029067535724 0 0
0
1
14.4684898853302 14.44840013980865 0 0
29
1.526362286043991 1.485470519224482 0 0
2.413663943854204 1.575357035523109 0 0
3.795521891217878 2.527602917511949 0 0
4.11370329040154 3.829928255504605 0 0
5.217538634457699 4.447767973737365 0 0
8.200808007743957 6.824446846541075 0 0
8.905292574002464 8.449574595726512 0 0
11.53427216551496 10.92070950338455 0 0
12.03385128113419 11.67055366400726 0 0
13.06816837632097 12.11731195426889 0 0
13.5727780131407 13.22886231798055 0 0
14.80863486854909 13.60453753100059 0 0
15.10457185626679 15.04065263512739 0 0
16.75771752462618 15.17959198711555 0 0
18.43208768221881 17.05136289560442 0 0
18.8735117789027 18.82059663996582 0 0
19.26945275250338 19.12593231653833 0 0
19.46392753806942 19.36867011819035 0 0
21.18011749456688 19.91595149285688 0 0
21.70213741405659 21.25852803808818 0 0
22.31955147851811 22.0530294572104 0 0
22.49596244291678 22.45760647672884 0 0
22.73070456458548 22.5113293134002 0 0
24.75305618720071 22.82513565533823 0 0
25.60720524666564 24.76462195541879 0 0
25.76375335888808 25.73019814851851 0 0
27.62872076590598 25.77548314513704 0 0
28.2964420664016 28.06633603587391 0 0
29.61245319284149 29.44677442194212 0 0
0
