# Status file for ctqmc. Used to save all times t_s, t_e.
10
30
1.6777133180595 2.058922113450958 0 0
3.085802280614463 3.484055030234636 0 0
4.818036591880257 4.845983090744224 0 0
5.024792338786242 5.025914878482953 0 0
5.033940524448578 5.10107302410734 0 0
5.713609153997807 5.792664776656705 0 0
7.296261444276608 7.373690056963643 0 0
7.551034337266963 7.633174473358018 0 0
8.723372837367403 8.925308426758246 0 0
11.16693588877359 11.55533336211837 0 0
11.65969832012764 11.71419442733733 0 0
11.89547429112311 11.98261394318201 0 0
12.07954406221585 12.0998686851446 0 0
13.22895696657683 13.31576541806004 0 0
13.5074773253115 13.53908001021453 0 0
14.19171900518644 14.29652404608754 0 0
14.3826966685353 15.11597692067312 0 0
15.1191659068434 16.24791406734265 0 0
16.96033669630333 17.11242781310286 0 0
17.11551257392169 17.14291776202725 0 0
17.77902880805493 20.18631979766828 0 0
20.76393374314205 20.98490371317659 0 0
22.06258248638341 22.43867037430338 0 0
22.84574433450569 22.84903757832916 0 0
22.93942681795749 23.93983558294253 0 0
23.95972015302177 24.20888952888206 0 0
25.20460789237455 26.40439500198999 0 0
26.64185527211745 26.84777130765741 0 0
28.17620611780444 28.40185735006868 0 0
29.31427657083254 29.83339432176946 0 0
1
3.620603084564209 3.034822940826416 0 0
0
35
0.3453776108431086 1.599959499810966 0 0
1.992065230674979 2.114682864306074 0 0
2.123405629335056 2.134848778697061 0 0
3.081831142864843 3.501870734764822 0 0
3.797359360980976 4.677267821731153 0 0
4.732541567612683 4.918358487187231 0 0
6.389521711051126 6.452766690715707 0 0
6.990446217128428 7.154009302427825 0 0
7.371204026822293 7.431613610222484 0 0
7.90748322466357 7.980131822605983 0 0
9.524556488949525 9.550273893124162 0 0
9.791891022736731 11.06706536007652 0 0
11.12467553621778 11.5619619306655 0 0
12.78895540160136 12.9837120939927 0 0
13.32416244959248 13.50797684890049 0 0
14.60976072832329 14.6578403012449 0 0
15.00972454127228 15.34843770646549 0 0
15.63978402702707 16.1146474739393 0 0
16.84473741829996 17.0889736377254 0 0
18.85773672175607 19.30619979827038 0 0
19.38706962308163 19.8286701727718 0 0
19.98908531003467 22.06333987190792 0 0
22.5800732330414 22.98109084737616 0 0
23.02397743201007 23.38557206097147 0 0
23.60551752472195 23.87074369788799 0 0
24.73530513451514 24.8282579570274 0 0
24.893495644368 25.40184290605537 0 0
25.70886210493178 25.83214378534041 0 0
26.01247101102516 26.1091545118369 0 0
26.28691353023002 26.3845274151041 0 0
26.84575383313248 27.02618170770471 0 0
27.34419724029263 27.62297039682403 0 0
27.78756597502747 28.92399501783012 0 0
28.93873935241144 29.17655676582477 0 0
29.35163049004694 29.99271566663268 0 0
0
24
0.2075661809688056 0.5693203556745802 0 0
1.402370265636912 1.513897966867693 0 0
1.797983583878962 1.843391784173503 0 0
2.301492830508522 2.442142821527453 0 0
2.577550813007286 3.136205205015735 0 0
3.153293629051551 3.241610503765008 0 0
3.413432320852088 7.234184307285406 0 0
7.357700533821802 7.403233349794784 0 0
7.731105771617164 10.16508887923714 0 0
10.42458417154618 10.63076782899457 0 0
10.97584064934847 11.27411032783193 0 0
11.61594998164908 11.64777640894293 0 0
12.17076904592555 12.80571600549189 0 0
13.20633478779795 13.97408297697877 0 0
16.12165937296377 18.29380446092036 0 0
21.34552378194258 21.38943869332558 0 0
21.54458013737773 21.54751997886587 0 0
22.4934594201411 22.51857953808489 0 0
23.86587838863662 24.06551370510027 0 0
24.20479763646945 24.88048249226193 0 0
26.36114188715615 26.62507975158055 0 0
27.02715482775404 27.29861503785806 0 0
28.41450001254791 28.43523995737276 0 0
28.91368669375544 29.15755890368959 0 0
0
0
24
0.3448863291199686 0.4851914833484128 0 0
0.8652028785003947 1.146090309238044 0 0
1.577301663240659 3.226376744900741 0 0
3.631372869748668 4.085943525095387 0 0
4.872887594385904 4.948943703080849 0 0
5.171775192068234 5.445728140633929 0 0
5.682712457818797 9.742751407204114 0 0
10.02353201570026 10.12811609638171 0 0
10.52468099259796 10.52507148160385 0 0
11.38735250973339 14.27831052195461 0 0
14.66496947040752 14.79150047823944 0 0
15.38524876087888 15.88242553974186 0 0
16.00230369328011 16.0616464242526 0 0
16.06172862024938 18.90527953442096 0 0
19.46041317837184 19.90241757080147 0 0
20.40961306577697 20.8222239142047 0 0
21.08686415234981 21.17875032232917 0 0
21.48193056212088 21.87437947837157 0 0
22.10111298245056 22.16997298816299 0 0
22.24643450234406 22.91381307615144 0 0
24.19256075656276 24.61392547091322 0 0
25.19999080007395 25.43744615813621 0 0
26.34705999399977 26.53697212410996 0 0
28.45518073824004 28.88118144113824 0 0
0
