# Status file for ctqmc. Used to save all times t_s, t_e.
10
42
0.02516813267096296 0.1793833073718112 0 0
0.5000434697095186 0.6031225570799001 0 0
1.044233277676891 1.067758920465829 0 0
1.426041625176897 1.574705934219954 0 0
1.710389892908337 1.904088844565962 0 0
2.431551302118987 2.479316326707085 0 0
2.876040023358729 2.899611839831853 0 0
3.313537034943579 3.479884935142683 0 0
4.213353255347137 4.827200694851754 0 0
5.253269266603027 5.384249766512724 0 0
5.591376255423259 5.828379392362073 0 0
6.331432996074028 6.370715027642627 0 0
6.571950714659343 6.722894542124305 0 0
6.864154345595082 7.227759670698715 0 0
7.369085615596024 7.619188340094467 0 0
7.722091350750285 8.348586247887338 0 0
9.072959580735247 9.24728819943622 0 0
9.27846808457628 9.323198635458162 0 0
9.433091676895753 9.504825181913189 0 0
10.02362264974805 10.28935480668069 0 0
11.20957016740044 11.22902179321014 0 0
11.77568230095108 11.89397019286033 0 0
12.75491958629403 12.77733675916112 0 0
13.5589183981034 13.66722632690635 0 0
14.18051065117633 14.22201476374339 0 0
14.27156075185703 14.48342611898163 0 0
14.49854133677236 14.51569278344593 0 0
14.70948249729113 15.40294287912273 0 0
16.00253972345888 16.32735718862429 0 0
16.67921052137766 17.05558340620135 0 0
17.64652707404329 17.71928900703112 0 0
17.7871595211616 17.82573009547266 0 0
17.86761449090852 17.88611177847277 0 0
17.96447408076732 18.13367249630463 0 0
18.28104091626587 18.33752429067367 0 0
22.77358437623034 23.6468637419163 0 0
24.28141719699781 24.46906930458546 0 0
24.68247430863018 24.81519939680334 0 0
25.45731540028213 25.47883215255874 0 0
26.19388255017806 27.14685149196005 0 0
27.29437279120504 27.34197054293967 0 0
27.63768687944066 29.4538411991606 0 0
0
0
27
0.3724424945817881 1.526665648433784 0 0
1.698766582754858 2.082212736571346 0 0
3.672308595636012 4.922595462695565 0 0
5.218689081021467 5.273315718920095 0 0
5.478739744991713 5.531314998159932 0 0
5.948590527275882 6.847631461664573 0 0
7.22215585164131 7.470500003682512 0 0
8.240484491509543 11.71996728985833 0 0
11.82486542157558 12.37020687830326 0 0
13.75563824843326 13.88997429023108 0 0
14.16586786146599 14.28497666028898 0 0
15.27700160990984 15.3234627855351 0 0
15.40267577563091 16.47644354419674 0 0
16.52799292201022 16.56096704318994 0 0
16.63908321165032 16.83887373068586 0 0
16.98143857221886 17.34237505187554 0 0
17.45444711183748 17.53416493256864 0 0
17.59459552596855 18.59363192896059 0 0
19.62561830242531 19.70964348226181 0 0
22.38516297337739 22.71579788373103 0 0
23.45928371649823 23.49283174789935 0 0
24.19472295306764 24.95999756299484 0 0
25.14245774408253 25.30184034446827 0 0
25.4206166940657 25.57200576189655 0 0
26.34632633047191 26.35917592897651 0 0
26.77010450620912 27.30106535599516 0 0
28.45325322609433 28.67104183584205 0 0
0
30
0.2544202250873866 0.3586138614822106 0 0
0.9012929356483539 0.9543348363115767 0 0
1.300559307410763 1.309880425636356 0 0
2.297078959612043 3.617815479845643 0 0
4.291993551511045 4.533287254017757 0 0
4.537903539126679 4.578304382019494 0 0
6.653941564527328 7.4100628349499 0 0
7.842981313754536 7.925180654872721 0 0
8.202011643624409 8.32249742906102 0 0
8.769422606404133 8.942208402517162 0 0
9.751570196092732 10.15283107747769 0 0
10.46177358935718 10.66836184219174 0 0
10.78422469104288 11.68171832562767 0 0
11.68241315865711 13.60347247457186 0 0
14.35172567605998 14.63771208328094 0 0
15.01098799417463 15.09865154632536 0 0
15.18647760074044 15.28261652753975 0 0
15.60015314265836 15.85762459292777 0 0
15.92630952697587 16.4601150524594 0 0
17.34047097089096 17.43424773024402 0 0
17.87072227711914 18.41312517851953 0 0
18.63547935348024 19.22193182256895 0 0
19.43711332306057 22.36770820455979 0 0
22.67831614446233 23.3576456441616 0 0
23.7483055573211 24.49682929232049 0 0
25.75539352912305 26.209354464611 0 0
26.46402708839782 26.54259436647064 0 0
26.84047468350104 26.93870497203199 0 0
27.70734720316719 27.95108284298063 0 0
29.09585282937219 29.30739630019568 0 0
0
0
36
0.6105411987762928 0.4318007141000644 0 0
3.284207614622669 3.127326161307441 0 0
4.005538250473981 3.285084935617691 0 0
4.140835306054685 4.02368697165354 0 0
4.427348076063261 4.321037242250266 0 0
5.267213425419256 4.599315653299548 0 0
5.676472936965589 5.483224030483613 0 0
5.904146271703961 5.874788898810201 0 0
6.732613331490117 6.270702547466181 0 0
7.895437947857295 7.074331842590986 0 0
11.80891958910541 8.30766696948479 0 0
12.01617172117107 11.93508408716884 0 0
12.66792179327687 12.02601289453572 0 0
12.8351116492762 12.82046413204718 0 0
13.14792706817217 12.90143016948749 0 0
14.42396557462169 13.45637269062803 0 0
14.73135613129599 14.58797800670572 0 0
14.77250488758856 14.73698797744402 0 0
15.18773257226085 15.11965057401017 0 0
16.36562825531942 15.3994922798469 0 0
17.94062718053185 16.91675691956959 0 0
18.4894948733844 18.20713697456402 0 0
19.44726703163336 18.72239736956646 0 0
19.86395708875925 19.58456180057294 0 0
20.10821684610788 19.9291515990845 0 0
21.53634266774581 20.3808141869029 0 0
21.70333427926065 21.66633998149494 0 0
22.38146634510035 22.12225474428226 0 0
22.79411112811211 22.70028458377796 0 0
23.0248209514336 22.92575705172991 0 0
23.79091207698734 23.41754697771028 0 0
23.94952920900747 23.83121982826636 0 0
25.09091362539289 24.91957110666493 0 0
28.66782630776317 28.2862062794895 0 0
28.86963685301518 28.8667812954242 0 0
29.28573964737801 29.12210694034511 0 0
1
24.89834904670715 23.7117201089859 0 0
