# Status file for ctqmc. Used to save all times t_s, t_e.
10
27
0.1979628295569071 0.5043252909827627 0 0
0.6166882337610045 1.873284245391972 0 0
2.61408715002409 2.710535494498333 0 0
2.715690237787404 2.874461883030468 0 0
2.917698210225477 6.176011801386553 0 0
6.206643925256732 6.397223618725734 0 0
6.414368576878617 11.2012691193625 0 0
11.58290404721425 14.22268378127415 0 0
16.07033344917746 16.21124962221329 0 0
16.76688757071256 16.90714114016624 0 0
17.76549446694786 17.84915670934074 0 0
17.85821523838272 18.44689109470092 0 0
18.50579472313906 18.5383503239148 0 0
18.89921064263058 19.08689066660065 0 0
19.32057859370458 19.50227705826309 0 0
19.72399766581263 20.07556091577394 0 0
20.4568147191871 20.48076701857932 0 0
21.90222313048093 22.07335295679824 0 0
22.37839626169077 22.47331878158813 0 0
23.09175324847384 23.14015000293239 0 0
23.44518630071531 23.44839694389806 0 0
23.99840519493333 24.13698120026038 0 0
24.37738367192011 24.53937410185835 0 0
26.94893341020145 27.13988190769984 0 0
27.36052330349093 27.4126831795734 0 0
27.54054766824316 27.8135266826969 0 0
27.83179862687858 27.95735701006735 0 0
0
2
14.84879051207741 14.70027565956116 0 0
15.34874081611633 15.21267759267479 0 0
26
1.190909161502372 1.81124302427235 0 0
1.933662902286684 2.480177297433154 0 0
2.580869335030804 2.906679155912836 0 0
3.705287462170975 3.937709815415793 0 0
4.426195645992249 4.655135532394255 0 0
5.445685015748598 5.821648902598233 0 0
6.546054268626873 6.94480833653976 0 0
7.31063209863308 9.324936823066265 0 0
9.58142691181842 9.581699213534563 0 0
10.48318768419352 10.55937310458988 0 0
10.7481269867577 10.84868480610448 0 0
11.16578471613357 13.67934678279033 0 0
13.69919189358373 13.77480952548047 0 0
13.89552592409118 14.02756470237549 0 0
16.6160348453475 17.19148100104335 0 0
17.31592750963948 17.40832949586287 0 0
17.66171141046591 17.89431504863839 0 0
18.84179106937931 19.33922435679596 0 0
19.47099066149665 19.62554627809678 0 0
21.02630004126853 21.08881856241137 0 0
22.95087009819333 24.55687683493021 0 0
24.75563702037421 26.19462510438042 0 0
26.30308172433238 26.3381579479206 0 0
26.51179427036015 26.71145881845633 0 0
27.59790684843138 27.8269853812387 0 0
27.97863730151886 29.22000042534151 0 0
0
22
2.09826093088511 0.9207981762948663 0 0
3.970267579917996 2.235635954806166 0 0
4.508385254008772 3.997978104937692 0 0
4.957166392432786 4.562190067329795 0 0
7.332783300035302 4.991951715258594 0 0
9.251035235728166 7.374898639952241 0 0
9.888438501835873 9.382096241751212 0 0
11.45076307937429 10.29911370472578 0 0
11.92020325229528 11.82467598353028 0 0
12.97685331711035 11.95282448774912 0 0
14.32851558557755 13.19257400830802 0 0
16.72050310961802 16.70384239365162 0 0
17.14674185211342 16.79550826534254 0 0
17.32211884253243 17.21530631078069 0 0
18.71195184465697 17.48594292692884 0 0
19.53162747656294 19.46554439312732 0 0
20.09610992882267 19.59887204732594 0 0
23.16922143260151 23.04929909478537 0 0
23.71156423911013 23.59348765875753 0 0
24.71078178841359 24.13672109043777 0 0
25.52509854999798 25.12673705645772 0 0
27.43854880107297 27.19401444204615 0 0
0
0
28
2.378861651761439 2.55297930532923 0 0
2.818130888669586 4.276924405552418 0 0
7.022351355009075 7.035214033514281 0 0
7.110944753209174 7.133341644433709 0 0
7.3668621314231 7.40065753794512 0 0
8.232846930205639 8.257571641232074 0 0
8.577983079698335 8.656169851495639 0 0
8.768624228288033 8.833156774727042 0 0
10.41836655268127 10.52159122600278 0 0
12.94479631965154 13.0648890299369 0 0
14.39526320069228 14.52277104086614 0 0
14.69472491840483 14.7266985682546 0 0
15.10932244810696 15.68975241050409 0 0
15.81608589697697 16.20987258219581 0 0
16.85156363054591 17.20329987005871 0 0
17.62621518936959 17.74126166560059 0 0
18.22998880930872 18.30232988466269 0 0
18.54941758552788 18.86116110933131 0 0
20.45027306220247 20.49451282592642 0 0
20.63981004206957 22.86148549304214 0 0
23.39434345606524 23.60205638891679 0 0
24.03384639440508 24.24756581926876 0 0
25.03116466891871 25.11669144098694 0 0
25.76179469518112 25.81434736543145 0 0
26.5207798457105 27.54080707266187 0 0
27.92552894223756 28.1300246919659 0 0
28.51225323022174 28.59642249264996 0 0
29.03012782255335 29.58472206275793 0 0
0
