# Status file for ctqmc. Used to save all times t_s, t_e.
10
22
1.387511772919634 1.413744330727079 0 0
4.28623986491734 4.807108651664048 0 0
5.828182018188632 5.857668293961201 0 0
7.434835199460332 7.782666519616725 0 0
8.200930114197931 8.8472759746194 0 0
8.88430567956553 8.985901567779296 0 0
10.86348161523875 11.0311541269259 0 0
11.25895509139457 11.97901258249499 0 0
12.87772661423514 13.11199288761347 0 0
13.13643217507942 13.29760837170234 0 0
13.59343403500164 14.60683982363777 0 0
15.27285418392101 15.35278925807896 0 0
16.08213091166832 16.0894778290882 0 0
16.54820877696022 21.16355194095487 0 0
22.57747363355693 22.90009824337981 0 0
22.92515690547524 23.13393215302227 0 0
23.55125466673783 24.45817470321638 0 0
24.4706891082987 26.4654750629168 0 0
26.57282252640066 26.606352740019 0 0
27.23981379946185 28.30317763355458 0 0
28.77226195885235 28.78342807516221 0 0
29.22265491395276 29.56854845026915 0 0
0
1
17.92380809783936 17.37082600593567 0 0
35
1.311211899720039 1.59397002285158 0 0
1.729323002679071 1.76905396524047 0 0
2.231655557005977 2.319924800539527 0 0
4.633083154385856 4.651410580342478 0 0
5.652232174488546 5.763069528666806 0 0
6.088546213390424 6.159503141240128 0 0
7.025259914368839 7.071078916319665 0 0
7.436082809474719 7.57541267546258 0 0
7.907385213115031 8.204197126380873 0 0
8.432021175022232 8.501329439533261 0 0
8.966167111706767 8.97304745828434 0 0
9.196627996491548 9.208351477218152 0 0
9.460503551244669 9.721737170896263 0 0
9.85906962984844 9.960385966959512 0 0
11.52440301184924 11.65205159570961 0 0
11.66497231323757 11.90875483756606 0 0
12.46478070323192 12.68989508848622 0 0
13.25693823934421 16.37503182733889 0 0
16.96101706419433 17.31656879791555 0 0
17.53557911017678 17.62495557480315 0 0
18.11880611990011 18.33824123942269 0 0
18.59788414245018 18.74933045518618 0 0
19.35261670641555 19.7083775540849 0 0
19.98263204457911 20.3498025265425 0 0
20.7949890502667 21.21845262439103 0 0
21.59478285022974 21.7398796854097 0 0
21.78713776964128 21.95469351791656 0 0
22.34824991417475 22.75767398639981 0 0
23.5840282733529 23.60235275046601 0 0
24.66842434791339 24.74650732562224 0 0
24.9650536259175 25.98083462814219 0 0
26.41672580039742 26.43547887799731 0 0
26.46474814112776 26.46917330936039 0 0
26.54833798017609 27.29270556700101 0 0
27.43597754082623 28.1552179165589 0 0
0
28
0.5070004735439549 0.4503563338949634 0 0
2.002911679375739 1.541869057823349 0 0
2.390035271157652 2.331394638083705 0 0
2.943513036697836 2.461921888922511 0 0
3.210259297077635 2.94619957704384 0 0
6.450817731071116 5.942591608399305 0 0
6.851043391120755 6.735407156879064 0 0
8.656260662407602 7.720013354513363 0 0
9.867027985479979 9.786464026459877 0 0
10.59581938254274 10.13646902266675 0 0
12.18665984818424 10.67741253910817 0 0
13.40718213580522 12.61328239827977 0 0
13.55271462089142 13.53499519436918 0 0
13.74346772925809 13.66847186102609 0 0
14.11832210560857 13.75166055123093 0 0
14.2049216378725 14.11847232820859 0 0
14.61820805862844 14.59367423850797 0 0
15.7531650441556 15.59123748353655 0 0
17.43292829033263 16.86785139026577 0 0
17.63061048534449 17.59267052756032 0 0
20.13128319030127 17.76931399920765 0 0
21.22058311753453 20.17674904422261 0 0
22.99860396729069 22.37645749113431 0 0
23.73317726318935 23.00972760493379 0 0
25.94507465455319 24.16487507789166 0 0
26.9519997199541 25.98945814517792 0 0
28.62329415034866 27.43094173185544 0 0
28.80290031303882 28.72656350821103 0 0
0
0
22
0.5988520238599904 0.381270789329002 0 0
0.8883629906895483 0.8599212067248883 0 0
4.882928175536357 4.516890212862585 0 0
7.614127385355706 6.918576923092156 0 0
8.272248100236022 7.950262251311432 0 0
10.50728281002223 9.498354078386807 0 0
12.60762372656308 11.0990900126109 0 0
13.55415487799379 13.19177023030724 0 0
15.22424011735248 14.06869678190902 0 0
17.61166387116516 15.32371873638336 0 0
18.09485857675693 17.92217585989598 0 0
18.75198575649902 18.7091672332821 0 0
19.43275994957794 18.91977744521267 0 0
20.24845605661503 19.70218115879954 0 0
22.675739792863 21.61953256850552 0 0
24.18799449217303 23.91534201857946 0 0
24.94072663919761 24.75849770442285 0 0
27.34588651217134 27.06184581340255 0 0
27.59562640341766 27.41982615073651 0 0
27.8612822306457 27.84344865336391 0 0
28.40717503698933 27.91848996091519 0 0
29.35382607057853 29.19427501552369 0 0
0
