# Status file for ctqmc. Used to save all times t_s, t_e.
10
39
0.09280038684265435 0.1087181521830338 0 0
0.7130794892482276 0.8199722376557579 0 0
0.9450760371536802 1.10001972493888 0 0
1.292969244329991 1.304545890843308 0 0
1.393485548551005 1.597565179715492 0 0
2.008638014469164 2.018776273851973 0 0
2.432701259369218 2.505726512483004 0 0
2.536664029773841 2.549011020037907 0 0
2.943301769142005 3.535370748710445 0 0
3.770654623292894 3.950339137605358 0 0
3.964922466285091 4.103333463860442 0 0
4.30822425707384 4.345719101315607 0 0
4.770038744995509 5.127752477929861 0 0
5.140280981443444 5.182749433692046 0 0
5.377870119629564 5.38800682984007 0 0
5.763220314723664 5.794684573899549 0 0
6.964822451325323 6.995026173581535 0 0
7.052020539150197 7.116190593374248 0 0
7.791473098011227 7.819129844436896 0 0
8.475862949768851 8.598867705489491 0 0
10.2533430896524 10.7140295479836 0 0
11.09976341310961 11.25276718490455 0 0
11.97111679022356 12.8824030260534 0 0
14.84063692145612 15.10532191147286 0 0
15.33576202663316 15.47318818591794 0 0
15.58842820041958 15.59689569278086 0 0
15.77365348590922 16.68000576043226 0 0
16.7341283782373 17.01981787304398 0 0
17.02164433225279 17.0626557104119 0 0
17.5900668804392 17.79481358325103 0 0
19.14408163773626 19.14806930190231 0 0
19.56971696164485 19.68351190616907 0 0
20.88529331290372 20.94350390723804 0 0
21.86743149755593 22.03538753048403 0 0
25.45433364337344 25.58342812661542 0 0
26.11107318704669 26.6729478630853 0 0
27.75066876896825 28.08686237128237 0 0
28.36098023894193 28.39427326980159 0 0
28.51083479242007 28.68351306325331 0 0
0
0
29
0.1043361307722641 0.4334170830761153 0 0
1.245564138557102 1.397359369622178 0 0
1.461612455840529 1.607063017678913 0 0
1.608879674798067 1.992193599607204 0 0
1.994695389729335 2.026578219334411 0 0
2.656052528278639 2.878228218618485 0 0
3.351372142446368 3.418962713757232 0 0
4.140290440095445 4.266576515496135 0 0
4.742833079113426 5.112449001211179 0 0
5.192586621889917 5.216592683671875 0 0
7.931836481529909 8.061321895664019 0 0
8.448676054569511 8.480455737584258 0 0
11.73401822319443 11.97042765622211 0 0
16.45517563915227 16.54809881179831 0 0
18.34960927252428 18.63772237936941 0 0
18.79023771128871 19.21691823390133 0 0
19.32747378884868 20.01252862763692 0 0
20.33164481230749 20.47946331882229 0 0
20.7109080272927 20.86444301344922 0 0
21.8205947211274 21.83419544838807 0 0
22.75190963811336 23.05835471937225 0 0
23.2578125902023 23.41176823302497 0 0
24.15698026264775 25.58620434097752 0 0
25.78306260427352 27.07958598780581 0 0
27.65460587189383 27.6575422919849 0 0
27.80550275733497 28.26358204107861 0 0
28.40218251407536 28.60891850999704 0 0
29.13440509921081 29.15526452576812 0 0
29.82384875818371 29.91546293867658 0 0
0
14
0.7707269785187423 0.6592600878672605 0 0
1.603827186858936 1.074458474038174 0 0
2.318717816928014 1.666823735038167 0 0
2.885357902760551 2.424029391513744 0 0
3.278043894667224 3.205864512820159 0 0
8.055791794877029 8.04446547139351 0 0
10.78533269821955 10.52257425617526 0 0
12.75915685163329 11.43003566539286 0 0
18.43666834275353 18.39352139320465 0 0
23.64948808646794 23.5206959995353 0 0
24.92162952637455 24.34914001122244 0 0
25.96743341324046 25.64133289932227 0 0
26.99109173186236 26.18469814291171 0 0
27.76756721852705 27.72988508970038 0 0
0
0
32
0.5160530032530459 0.56624489153767 0 0
1.168787264016054 1.212378682227188 0 0
1.736150948232653 2.072513520760328 0 0
2.190987824788508 2.624094920336501 0 0
3.124096222987331 3.209211478571901 0 0
4.527574329166978 4.623107150022758 0 0
4.894198448403682 5.18583522321614 0 0
5.221989048155519 7.33383565704645 0 0
7.726647845498325 7.813561009266307 0 0
7.840271477202361 7.887213105222855 0 0
8.870683227585253 9.517263847312615 0 0
10.57213876383594 10.91825631489126 0 0
11.06488188309494 15.76719815995256 0 0
16.40997286300476 16.41668303122382 0 0
16.81603264720265 16.9302416902479 0 0
17.41570481872708 17.84137719110895 0 0
17.85260049760123 18.27220661905248 0 0
18.56047803646292 19.02980523622569 0 0
19.74764527230892 20.76322979806698 0 0
21.36188266301334 21.46729451566141 0 0
22.03026274427047 23.10366647812842 0 0
23.16851376048421 23.18396153259791 0 0
23.30515684312284 23.3099936525958 0 0
23.75795816011326 24.21403179502303 0 0
24.7307190021332 25.20979637567861 0 0
25.47746255707491 25.60029797039727 0 0
26.65438612447035 26.85094707969852 0 0
27.21346283056449 27.37607300048278 0 0
27.45889224865239 27.49721973710251 0 0
28.04227934988555 28.0714979816331 0 0
28.60145038772206 29.67964713232116 0 0
29.7429400118297 29.90983904762781 0 0
0
