# Status file for ctqmc. Used to save all times t_s, t_e.
10
23
4.769431826933451 5.568268560018769 0 0
6.541368114518706 6.577027282314986 0 0
7.665034014218 7.756368279721842 0 0
8.373451189063843 8.463896498838414 0 0
10.4082045620194 10.5835387552632 0 0
11.12284731737846 11.19225815360012 0 0
12.44489537600829 12.76847893047507 0 0
12.83675056607901 13.0318972630728 0 0
14.92862213605082 15.2215654157572 0 0
16.08761610377023 16.35254274744555 0 0
18.50389793437475 18.7345330040874 0 0
20.20078804755841 20.24012731477523 0 0
22.24966270449512 22.26510574631319 0 0
22.80439958101634 23.57642067473894 0 0
23.76949298330059 24.09766813897316 0 0
24.17869481455342 24.43300917923016 0 0
24.4977664842049 24.63092625343554 0 0
25.53959860851065 25.92385074829867 0 0
26.3821916817732 26.61042732446083 0 0
28.13383489519175 28.17094525522406 0 0
28.95127257040189 29.08275528603039 0 0
29.10195417754385 29.27235875105193 0 0
29.35836433915427 29.73878072546028 0 0
0
0
35
0.02617508863181683 0.02661150916141665 0 0
0.2032711371232641 0.2205286306467593 0 0
0.3082723484862451 0.5021499629691029 0 0
0.7138778593019934 1.211476563293228 0 0
1.516630356544837 1.54547044773749 0 0
1.547765985096931 1.606942509017443 0 0
1.931923241975835 1.938260618214656 0 0
1.938312836927715 2.038921900089782 0 0
2.417519167584764 2.540658520952847 0 0
2.61671789857551 2.683924040722188 0 0
2.907702473313805 3.360734507089926 0 0
3.730621716336433 3.761750642647159 0 0
4.389550142701431 4.705492165305957 0 0
4.987169536002604 5.373249050861161 0 0
5.450192277145492 5.49190889810511 0 0
5.650529716447457 6.240434247179746 0 0
6.338720332023367 6.546688858386791 0 0
7.586918758195281 7.682578432451424 0 0
8.834174174713462 8.853900011687733 0 0
10.10811313362185 10.98988082506126 0 0
12.03648782530549 12.07802345689223 0 0
12.462168306897 12.90599730299054 0 0
15.10648034382375 15.19686113398979 0 0
16.36025666630582 16.42186684030481 0 0
16.85615303933735 16.90748046966446 0 0
17.02023419649567 18.10979664488217 0 0
18.27618236585765 18.40809168947382 0 0
18.81430269944185 19.07298661565169 0 0
19.2142667172479 19.97202061349094 0 0
19.97743216302763 25.45726163296773 0 0
25.63311725736206 25.93199735290478 0 0
26.0357895111584 26.61918947263793 0 0
27.01515296013947 27.04091349970548 0 0
27.8397621465216 28.05225373489055 0 0
28.94530903701223 28.95208576841202 0 0
0
14
0.8657242825153798 0.8179934679699947 0 0
1.12680076564448 1.086733000971253 0 0
5.249860196715836 4.960444119000939 0 0
13.34468867743442 12.71279429241364 0 0
14.17003073779757 14.0817534658746 0 0
14.30485796130629 14.29740854480563 0 0
14.7420741851811 14.31460397680045 0 0
15.22460782740849 15.13548622933546 0 0
16.75158338338861 16.60937337452803 0 0
17.97939294773585 17.61355371415947 0 0
23.12610189136808 22.96399989099589 0 0
23.92555028018694 23.15087050756428 0 0
24.24272353067119 24.14622347086426 0 0
25.48382658001401 25.21938764672938 0 0
0
0
24
3.793950961470747 3.93217467282527 0 0
4.243732373632632 4.556107901208706 0 0
5.500093350604648 5.743147042868615 0 0
6.796715148050904 7.374174016015262 0 0
8.986082341470905 9.061356640912772 0 0
9.105195679817415 9.139759790615988 0 0
9.220674792194277 11.66919303819383 0 0
12.86202451052025 15.09848182029077 0 0
15.40875621573463 15.99720506730516 0 0
16.06806855877037 16.09984006738484 0 0
16.59624407571895 17.20295646109254 0 0
17.63735692022778 17.68900772220525 0 0
18.03166338044692 18.23359911209298 0 0
21.82989284923143 21.83633166120307 0 0
22.30009977545873 22.42709232173694 0 0
25.07378103682663 25.12862976743868 0 0
25.41181602024765 25.56864448749941 0 0
25.87194232062928 25.87697923191283 0 0
27.01481353182795 27.56858581737448 0 0
27.81866495690919 27.86102580446179 0 0
28.18127841729561 28.42575060028174 0 0
28.44710745517963 28.95133620714372 0 0
29.15388874176247 29.296747536377 0 0
29.37159743297483 29.45410029444515 0 0
0
