# Status file for ctqmc. Used to save all times t_s, t_e.
10
24
1.019155949751664 0.2409148293577777 0 0
5.333692469785349 4.143854451631322 0 0
6.045862873460795 5.478945173020259 0 0
7.008378076557211 6.904472218863928 0 0
8.453300747911973 8.294894913232168 0 0
8.79223724048243 8.551788616443467 0 0
9.246193549657438 9.014932789451684 0 0
9.97724885842158 9.745524307128319 0 0
12.34278906010632 10.82154790249087 0 0
12.52266687176652 12.42361980268327 0 0
14.58883422209225 12.97962982143936 0 0
14.85724706466 14.62240052950445 0 0
17.47468144146379 15.54836106583689 0 0
20.41995643784733 17.88051581874264 0 0
21.67826116719161 20.48317580129195 0 0
21.93371641331482 21.71628154699776 0 0
24.16378376554598 23.1017003989128 0 0
24.41110240155163 24.33006373780563 0 0
25.73461317575336 25.26404370989284 0 0
26.76753293142195 25.968397989868 0 0
26.91549223918484 26.81228338640483 0 0
29.17605718989758 28.85880664515621 0 0
29.38055656131403 29.19565830241324 0 0
29.83006680245578 29.51125928965281 0 0
0
0
19
1.882436888363081 0.2937402754437706 0 0
2.60995426822724 2.198216739041446 0 0
2.670770607595085 2.65889976334313 0 0
4.444725953801143 2.672574654503422 0 0
6.5277996018447 4.545585927119085 0 0
13.86878672984408 13.46188188070545 0 0
14.54699721514479 14.22820342975823 0 0
17.10677411122975 14.8811789591303 0 0
17.5398864579601 17.17934371538466 0 0
19.63394654906479 17.56012151712031 0 0
20.17850865849304 19.80066241984161 0 0
22.23582374584197 21.04877024468909 0 0
22.98994981549852 22.34018539292896 0 0
23.86795174900361 23.00295770129608 0 0
26.89316861649056 24.01759613070548 0 0
27.21911962581308 26.93639039249426 0 0
27.51785178101011 27.31846303744517 0 0
29.24010412506935 28.00504251026228 0 0
29.92026229517169 29.44343036143107 0 0
0
31
0.6012452455679624 0.8038631060377439 0 0
0.8904510555162468 1.071933283611022 0 0
1.461490925880179 1.914916701314772 0 0
3.033841391631623 3.590711622163906 0 0
4.492578598702695 4.511890682703014 0 0
4.952710329797377 5.016970468491193 0 0
5.17664920144897 5.357868094376709 0 0
5.830931577075328 6.188382895772619 0 0
6.551667999898622 6.808173407008834 0 0
8.866930332616988 8.912549257270834 0 0
9.200633565146809 9.240078290628166 0 0
9.587868739165655 9.591542416962659 0 0
9.683163838749319 9.69918858652224 0 0
10.84547023447141 11.31003192744161 0 0
11.50249262581382 11.78964032051891 0 0
13.13255522650653 14.6568961751526 0 0
14.68112537124609 14.75582503770542 0 0
14.99219356103294 17.92960787137711 0 0
18.02349247736857 19.77524615677737 0 0
19.83704627661267 20.11571400597581 0 0
20.3076975425139 20.4740190999866 0 0
20.99433674816303 21.05150422267853 0 0
21.11123826014759 21.22403424073191 0 0
21.24384507799404 22.46350249802865 0 0
25.80810112198511 25.84541490509575 0 0
26.1048801527346 26.11135942287937 0 0
26.17036652214327 26.22454414368207 0 0
26.32730906837389 26.35693453537387 0 0
27.56756572750486 27.63264388229052 0 0
28.85398012240291 29.39416285985698 0 0
29.56809469736212 29.59514804594025 0 0
0
0
24
0.1833709865430037 0.696463551982125 0 0
2.060565691480066 2.090694235177868 0 0
2.697769442241329 2.847250984909944 0 0
4.225702483242588 5.904540759423313 0 0
7.470548198013206 7.57386146933142 0 0
7.870892806804319 8.111575436604431 0 0
9.358495902434395 9.479721273608519 0 0
9.672014867257488 9.674453484378658 0 0
11.11687000012543 11.12486423415498 0 0
12.88001553164563 13.12912929851494 0 0
14.30643002480049 14.51767519017783 0 0
14.54427680672368 14.55790011370155 0 0
14.66351882477074 16.22809534149583 0 0
16.24817185146918 17.49554653259257 0 0
17.59766186008901 20.39322866953775 0 0
20.6576457994174 20.76877351678323 0 0
20.89369510759523 20.97635173468333 0 0
21.23151925087016 21.72066031503122 0 0
22.44061196775244 23.71426896064339 0 0
23.73134864509665 24.98857982460092 0 0
24.9934656344802 25.54939968432844 0 0
25.65403519501437 27.10088703537012 0 0
27.63181498325697 27.65151391996357 0 0
27.96240324588589 29.76438478108848 0 0
1
25.19315958023071 24.84474241733551 0 0
