# Status file for ctqmc. Used to save all times t_s, t_e.
10
20
1.760312032122576 1.661653134019498 0 0
2.674528630134771 1.866775305054115 0 0
2.953826937249355 2.786845723251209 0 0
3.137248738093187 3.082802916596157 0 0
5.391249904360468 4.913194689979872 0 0
5.710007451556203 5.542380196273862 0 0
5.902029452032398 5.741802825169294 0 0
6.847908620908639 6.731907451089922 0 0
7.506024301648225 7.027362846734471 0 0
9.980741740678768 8.750492945159879 0 0
10.59793422224402 10.06019819708368 0 0
10.99454404262551 10.64824773929105 0 0
15.68169510271197 15.639881847519 0 0
19.98444781380951 19.90910370946058 0 0
20.78667046470049 19.9956996064646 0 0
26.53897154999045 26.04927762760849 0 0
27.96213774439223 27.87297474613136 0 0
28.65448097121575 28.1155209103105 0 0
29.0077940285402 28.94044391456378 0 0
29.41451476653939 29.1809469287108 0 0
0
0
31
0.2200793189204013 0.1421167401749716 0 0
1.26657084750024 0.3370593344698116 0 0
2.902278661132418 1.331212370271348 0 0
3.856024506045327 3.168191242801841 0 0
4.267080478515645 3.875014906326318 0 0
6.875779311759574 6.348475889111174 0 0
7.375493153193116 6.87632088767562 0 0
7.863574170509974 7.830435932591093 0 0
8.381785555923152 7.878564125131206 0 0
9.114604089617004 9.065373355427312 0 0
10.17013148124406 9.727283138393858 0 0
10.31298945951246 10.17841888302056 0 0
10.52403144911763 10.41594237485976 0 0
11.95591138799138 11.47014034034128 0 0
12.22085762305307 12.13453542001632 0 0
13.24444350923297 13.12791747216732 0 0
14.40789252012024 14.08721869489919 0 0
15.52271294366623 14.44539184440514 0 0
16.21277886978405 15.82347409595585 0 0
17.21855183118823 16.63257346701623 0 0
23.23867616116049 19.83378496929178 0 0
23.69543104303785 23.42710440803545 0 0
24.5675200303503 23.75100655574736 0 0
24.84867450102971 24.67626508261439 0 0
25.89643802114498 25.73299205474648 0 0
26.43405569412499 26.24452758284602 0 0
27.58300676809507 26.46070638073171 0 0
27.87762828398551 27.86845336866578 0 0
28.4261347418248 28.01153753231708 0 0
28.99242575104306 28.47740346596672 0 0
29.09589821863792 28.99651269641413 0 0
0
28
1.954143297815758 2.330313695563654 0 0
3.747886194146123 3.966556675718553 0 0
5.578614589273887 5.618629240893592 0 0
5.631962010451176 6.223750789735407 0 0
7.177845716073719 7.484828104257071 0 0
8.722830355009252 8.724589726919939 0 0
9.435982814407351 9.437572064182255 0 0
9.823009989648776 9.852673236853878 0 0
9.88632908949471 10.37882072643505 0 0
10.8184861285865 10.87467170339172 0 0
11.00440792671899 11.01603176116627 0 0
11.38692072372828 11.41277358136574 0 0
11.59659601945181 11.73081574463824 0 0
13.72709164219957 13.75820825258372 0 0
13.91303300776256 14.1559691737117 0 0
15.09136716792189 15.76457957408811 0 0
16.81856806609744 16.96700889129538 0 0
17.88450737938761 17.97491721717878 0 0
18.61701567620087 18.67731837221682 0 0
21.13349685778536 21.34768920381767 0 0
23.96939303849086 24.29587676263427 0 0
24.30018108480598 24.98041024192029 0 0
25.3955696651794 25.41066598657234 0 0
26.67483619263662 26.7485786516651 0 0
28.47230497997037 28.72716173403465 0 0
28.95910642256495 28.97152496744499 0 0
29.38212782436229 29.52784402158531 0 0
29.58196036157603 29.58353632930556 0 0
0
0
30
0.5408333249106098 3.487585368042562 0 0
3.540451968207303 3.649959657990409 0 0
3.91652224306841 3.93884771916543 0 0
4.656853410945547 4.743923238143325 0 0
6.331492409672441 6.34374266002142 0 0
6.395667002724629 6.537951934862257 0 0
8.020785438040061 8.096576733954487 0 0
9.202210299153117 9.315996048070891 0 0
9.798703216411047 9.999997436453105 0 0
10.25520151562645 10.32997368892782 0 0
13.62699873170404 13.71996106908734 0 0
14.09200125414644 14.1118732733516 0 0
14.60756346415911 15.49997975512973 0 0
15.78534049585771 16.09357839884482 0 0
16.30123778040305 16.42287908662843 0 0
18.99780550171316 19.18923675584582 0 0
19.43989770581633 19.44146069815799 0 0
20.0626945228944 20.72620493744133 0 0
20.74422431174637 20.76500001041325 0 0
20.77825420368016 20.87775785275234 0 0
21.26210050947251 21.31473480788568 0 0
21.64629705370385 21.64947823211205 0 0
21.70863767711773 23.33922880362555 0 0
24.70475393541566 24.72266494417369 0 0
25.6649093120489 26.54691065966334 0 0
26.61806815814461 26.76927362611017 0 0
26.86485626162158 26.93344181742482 0 0
27.12720258937834 27.42185068052009 0 0
28.38380247990106 28.86627067409323 0 0
29.20381138307251 29.34632248455394 0 0
0
