# Status file for ctqmc. Used to save all times t_s, t_e.
10
21
0.2807856450956834 0.7822512478171164 0 0
1.582882630674272 1.591887862211784 0 0
2.209804706133271 2.330700023058398 0 0
3.27703680020947 3.942786765545415 0 0
4.198270315210283 5.16640533336969 0 0
5.200906229395638 5.208412867015489 0 0
5.757799780260214 6.105924128344733 0 0
6.645519150724732 6.792726619753228 0 0
7.176178526142443 9.286774865561425 0 0
9.838101861959911 10.38283978191072 0 0
10.6882056000125 14.87691874705146 0 0
15.07341760861412 15.51734838755332 0 0
15.69619438131682 15.79543858866312 0 0
16.1775413148567 16.52816274464167 0 0
17.25187514651309 19.02294660004112 0 0
21.43713108465316 21.89568848670698 0 0
23.31727598348398 23.67386869981019 0 0
24.019351302785 24.34647382383828 0 0
25.70104503974757 25.70893375962977 0 0
26.90824571862452 26.97929002343345 0 0
28.149013488584 28.35821734655564 0 0
1
24.88504707813263 24.87403035163879 0 0
1
19.40855921994086 18.87941833523016 0 0
18
0.1443833763431108 0.3994483664339875 0 0
1.019081764785998 1.330664445954855 0 0
1.570739789052494 2.317231848954092 0 0
2.365684601723746 17.40734541028241 0 0
17.42688273389049 17.54886534841397 0 0
17.5608448471473 17.5741348438225 0 0
19.1801399098251 19.21883153314089 0 0
19.6482528328491 20.01788631107183 0 0
20.66330424812561 21.00930885335791 0 0
21.45153781751343 21.5497009976442 0 0
22.02502073997906 22.11195313678553 0 0
22.21616137155363 22.25745504446052 0 0
22.55641323642931 23.16642804671373 0 0
24.73376036925219 24.77628873967107 0 0
25.00562531581294 25.37415378750055 0 0
26.19229266834176 26.3354699831878 0 0
26.45984391223137 28.49637547209673 0 0
28.65723369000492 29.12814651324157 0 0
0
25
0.6001435671088977 0.07154007012348984 0 0
0.8069073245867767 0.6209277227990349 0 0
3.684946941667498 2.189499635800614 0 0
4.317655912984106 3.781632278452366 0 0
4.505516195723819 4.319931506434346 0 0
5.789254260981753 4.61512023746227 0 0
7.886436087618524 6.004721459862837 0 0
8.226422365144806 7.893364841994015 0 0
10.33867981158699 8.287738289325837 0 0
13.86380899656787 10.46068943004361 0 0
14.11292739306456 13.87684571360634 0 0
14.71421979055219 14.27880434098896 0 0
17.69501343532553 14.79506262188361 0 0
17.77572740307404 17.76871919059676 0 0
18.9425184149597 18.32650620021947 0 0
19.97388930996767 19.49984454256934 0 0
21.22422734114911 20.1899878329049 0 0
22.81641842605436 22.57998767637977 0 0
23.19695064243778 22.98105387223308 0 0
23.6688291985859 23.30614653433484 0 0
26.87203297628459 26.49860460346659 0 0
28.4915577437237 27.02435493868082 0 0
28.66439785321989 28.57439886128702 0 0
29.04934015234339 28.97983043824278 0 0
29.5962180317828 29.31570504886796 0 0
0
0
31
0.2336348938833837 0.1580658056977278 0 0
1.064346534471912 0.4391495247020116 0 0
2.279368699681175 1.112222219312238 0 0
3.078258131850512 2.907785354919394 0 0
3.853411464989259 3.13740256987084 0 0
4.195746290430163 3.917392908899541 0 0
5.074405016899481 4.237625895316502 0 0
6.334038812614581 5.281594223103068 0 0
6.603581965273598 6.567174771608945 0 0
6.899112313606702 6.609445514192791 0 0
7.541484532016969 6.937644362953094 0 0
8.035036704882662 7.646702094765778 0 0
8.358103989130681 8.064492867309495 0 0
9.38321069080742 8.45862200783014 0 0
14.18749146250004 9.425813143945231 0 0
14.60729767808282 14.24609706358081 0 0
14.78370655861106 14.71644892974734 0 0
15.85874056681727 15.17353991164391 0 0
18.33583371059141 15.98706956851614 0 0
21.53694988926825 21.18926258735195 0 0
21.96614859099031 21.63222317322726 0 0
22.51689186050697 22.12746295791991 0 0
23.0278043811269 22.65321742413289 0 0
23.5711241538545 23.07627600003568 0 0
24.67811249492262 23.66895579972721 0 0
25.88443789171032 24.98134826879969 0 0
26.61642500177796 25.89261187829132 0 0
28.23168003619665 26.97784919006165 0 0
28.28309000544586 28.25099337774979 0 0
29.05858240658306 28.29272641441278 0 0
29.92386832555481 29.91533296537289 0 0
0
