# Status file for ctqmc. Used to save all times t_s, t_e.
10
35
0.267423877209175 0.1812541854137038 0 0
1.467862047785355 1.219569459553252 0 0
2.195785333671519 1.516078110781461 0 0
2.71474831550367 2.580501585294274 0 0
3.852911159270795 3.579092772576236 0 0
4.619071611717477 4.500712313384257 0 0
5.26959370497656 4.632221757144346 0 0
5.790935396417943 5.427764722983525 0 0
6.535481919408769 6.171466082844042 0 0
7.068722630373744 6.615203429333728 0 0
7.924614203316155 7.282088825534318 0 0
8.815227623265754 8.3223536230724 0 0
9.832072274441416 9.04893314378177 0 0
11.11105306328039 10.40582110178935 0 0
11.28589612151397 11.16912986034933 0 0
13.13204154520436 11.48484291176987 0 0
13.37121471218525 13.3597196570528 0 0
13.53303858079327 13.52539789049193 0 0
18.88040385448803 17.89933836839198 0 0
18.92708320234253 18.90923819281593 0 0
19.47162000089662 19.11141257057401 0 0
19.71762581044763 19.70130288575611 0 0
19.83825868775659 19.75561674594061 0 0
20.84085008334893 20.09985386569592 0 0
23.44513047628059 23.20623079493293 0 0
25.41522553032861 24.82520158914809 0 0
26.12290292027416 25.92493673689714 0 0
26.27894299619815 26.12417807164073 0 0
27.02434891033115 26.3737999732085 0 0
27.79001720908584 27.04239264730182 0 0
27.9778305638451 27.87826112329244 0 0
28.04202948143855 27.98567474952721 0 0
28.29110059155851 28.06601114215164 0 0
29.0499363920419 28.63649322679558 0 0
29.76209263129348 29.72612403102386 0 0
1
21.40556216239929 21.16577982902527 0 0
0
32
1.693187203629151 1.407728634204638 0 0
2.928836349708877 1.900454142415126 0 0
3.151770407250634 3.123997966310106 0 0
3.425877679489674 3.158098811519941 0 0
6.477561604387621 4.02979926355047 0 0
8.074432873120207 6.844531101818568 0 0
9.738020609923231 9.561124815046002 0 0
9.969086345576109 9.767787411983285 0 0
9.985861065832092 9.975236993068659 0 0
10.63280017367782 10.06425344787946 0 0
11.51016437520052 10.69844962370335 0 0
11.56127350254309 11.51052029308221 0 0
12.33462257259493 11.83182274107533 0 0
12.48113438807736 12.4133705179592 0 0
12.60802380203378 12.54684749936057 0 0
12.81228281986476 12.66570295988183 0 0
14.14218390964834 12.85445663737461 0 0
16.52172517577375 15.16528724983046 0 0
16.83316041768893 16.57352053532162 0 0
17.71360626611052 16.98885212585515 0 0
20.14575655829764 19.76713176884283 0 0
21.27455760819392 21.26824531568259 0 0
22.79543073527979 21.90672561356748 0 0
22.91763035427571 22.87651422984653 0 0
23.12484509470156 22.95922717441312 0 0
23.38775780729062 23.18104300786214 0 0
23.98268823798942 23.93979610439454 0 0
24.34909212916873 24.05723275725959 0 0
24.81582484737512 24.44763463538184 0 0
27.87548971258649 26.99180100295732 0 0
28.12699372911333 28.0047633349205 0 0
28.48629235172059 28.47366106524963 0 0
0
24
0.04319606284835231 0.169027310148589 0 0
0.3053300325204112 0.3896532415977586 0 0
1.226646674553978 2.780476172226768 0 0
3.508199887991935 3.51525251524512 0 0
4.005739456664219 4.061088384558709 0 0
4.203501848065284 8.426383183651522 0 0
8.806558730331624 11.76842879190612 0 0
11.90348903910699 12.53457364686695 0 0
12.59727162079357 12.63498056947985 0 0
12.8380720419609 13.42982130817538 0 0
15.00677077796612 15.37763082246993 0 0
17.92984141112144 18.46731039307715 0 0
18.73987356025143 18.79371865118181 0 0
19.96998690403232 20.49411574888351 0 0
20.92213798104557 21.13093161477043 0 0
21.50809648446102 21.78884002407066 0 0
21.79313312813547 22.19550139415005 0 0
22.46896074152538 22.51051275163923 0 0
22.52362835139278 22.57418608153116 0 0
23.03846077008111 23.42601191009701 0 0
23.84163172216858 23.86917147606893 0 0
26.175983032138 26.34769437924425 0 0
26.67837676545902 28.8718801537507 0 0
29.47894010795851 29.52556269051917 0 0
0
1
11.88194811344147 11.16755068302155 0 0
30
0.09008246774509843 0.1279252309854755 0 0
0.9648341691094922 1.690088944255611 0 0
3.254488688445516 3.429834578338038 0 0
4.586593900283427 5.558288177817373 0 0
5.956119826254477 6.638456127989379 0 0
7.013861033789063 7.019677422241544 0 0
8.361249412215789 8.554606788874555 0 0
8.658097355482138 8.767419757859839 0 0
9.986822099125755 9.995616769835507 0 0
10.30643078244198 10.63622333641385 0 0
11.04616291508455 11.61458547429563 0 0
11.91903699286953 11.9822612983531 0 0
12.29418369922705 12.31137269051093 0 0
12.66498558070981 13.07657685195654 0 0
13.29331208776838 13.66368379461095 0 0
13.82903353417386 13.98957477792568 0 0
14.05369811562435 14.16513090636826 0 0
16.22346123739419 17.36699353825842 0 0
19.14167016461207 19.53859637840343 0 0
19.67827421250765 20.14828243869615 0 0
20.96927635568699 21.05297073891363 0 0
21.4216626311001 21.55802018605574 0 0
22.21238116373165 22.23408816975049 0 0
22.63902964203996 22.68161071121889 0 0
24.07505369307581 24.27178463802018 0 0
24.84945363007963 25.04167188158744 0 0
25.04359000494495 25.14439240639197 0 0
25.38629744369969 25.56035035156362 0 0
27.09127608977877 27.6643091582746 0 0
29.00356749925078 29.1885609672573 0 0
0
