# Status file for ctqmc. Used to save all times t_s, t_e.
10
39
0.4591715097775122 0.01263458744633539 0 0
0.8414351549464696 0.6204468380152228 0 0
1.256072580737547 1.122127309201476 0 0
1.960848142868151 1.683186752489587 0 0
2.685354011028795 2.397441253570916 0 0
2.805961817690389 2.73029018318833 0 0
3.190172521889997 2.854250703567178 0 0
3.77089043566209 3.755914691888992 0 0
3.926426029643838 3.798604745852667 0 0
4.94971788341587 4.264677543049045 0 0
5.465963564457136 5.044674608239033 0 0
5.979784615089508 5.514756505900044 0 0
7.068599619588452 6.559069730249179 0 0
7.492222487095387 7.278176256510692 0 0
7.631922084132678 7.613903764632935 0 0
8.337657193094113 7.658618377637593 0 0
10.53925761929476 8.64123646593565 0 0
11.05452335829035 10.65200732154845 0 0
12.21612272407648 11.39629274153409 0 0
12.84185786887015 12.67503591324563 0 0
14.66407619671838 13.09362455834772 0 0
14.88948669434598 14.76882690996728 0 0
15.79101220014518 14.90514765526447 0 0
16.8240441022352 16.22451026567629 0 0
18.21909786317091 16.96766515908704 0 0
18.94854375920825 18.24025831090966 0 0
19.96058449347126 19.07037116708198 0 0
21.09886790584711 20.04678292823591 0 0
21.88079183189 21.39357048704971 0 0
23.52074168781963 23.23142914334793 0 0
23.59136352173279 23.54158121978256 0 0
23.76820096306067 23.65834032879029 0 0
25.00267564260466 24.73492486788523 0 0
25.15336835317457 25.08854544045422 0 0
26.01764776043957 25.54051409337428 0 0
26.2115900069079 26.152705261537 0 0
29.00717003850962 28.6444128336595 0 0
29.39114858694965 29.18392227343887 0 0
29.92526512240876 29.691838750638 0 0
0
0
35
0.8263354961100988 0.06129598138263859 0 0
1.588290005602911 0.9561984342890746 0 0
2.184943981427536 1.84008901595115 0 0
2.320444112921521 2.251433483350668 0 0
2.708911794382947 2.376923046695669 0 0
4.40291610404594 2.966731965736189 0 0
4.639834348557561 4.436349989749709 0 0
5.759801713609867 4.878119324847731 0 0
6.204408530056922 6.019992046231772 0 0
7.26371580587195 6.600275353295767 0 0
9.253317438578939 7.491728862018982 0 0
10.12514626550979 9.342153773120089 0 0
11.03702535633821 10.97007110248773 0 0
11.34887803353098 11.25912639947914 0 0
11.92237699276376 11.90986783228924 0 0
12.73812169770528 12.59864645951739 0 0
13.59077821273299 12.73828224848368 0 0
14.01801542003691 13.8774220421758 0 0
15.88507312568013 14.45671829266483 0 0
16.03243188860281 15.94187407238564 0 0
20.43325359317988 16.77789620308846 0 0
21.21400359037914 21.09223109076811 0 0
21.47788267278116 21.22176395141467 0 0
22.02436735852245 21.97666755914682 0 0
22.349573899149 22.14336609785275 0 0
24.14924780823549 22.39022459133828 0 0
24.44526655500989 24.41279679975503 0 0
25.08720193571003 25.00238411038326 0 0
25.67061880630832 25.60751092235602 0 0
25.71503212350781 25.67514407872429 0 0
26.46482180934481 26.34926594515264 0 0
27.66563950411038 27.43374030678315 0 0
29.48517392057769 29.13033965953247 0 0
29.67431506954899 29.62722207767553 0 0
29.97857548814912 29.90392848409158 0 0
0
30
1.182578612533653 0.9354820939400277 0 0
1.709225219241788 1.250656967166365 0 0
3.649404231489666 2.097358020389894 0 0
4.127697671706837 3.651866098448694 0 0
4.908250738413586 4.475434021583476 0 0
5.655477055383763 5.261170125717269 0 0
5.743030647673088 5.709635513582978 0 0
6.297375673601709 5.908561521151489 0 0
6.790283059184095 6.618528235633096 0 0
7.349884158353707 7.102719245696645 0 0
10.18762107885532 9.996551467964437 0 0
10.6575728937172 10.39234647507062 0 0
13.39410807665155 10.71601106986982 0 0
13.94079724744048 13.7031306389718 0 0
14.46630922941115 14.26037253045756 0 0
16.9912974744066 14.56162781982291 0 0
17.15398764074019 17.04186307859991 0 0
17.59948513223351 17.53690134628379 0 0
19.10814836787242 18.50339559546971 0 0
21.48045346163428 20.07391702942995 0 0
22.13310672596367 21.5064008496796 0 0
22.85530376128632 22.16235117884236 0 0
23.1059237860744 22.95603927587586 0 0
25.25502695943637 23.91411410508371 0 0
25.63444212711892 25.61635210135734 0 0
26.05028627757267 25.88095924100361 0 0
26.19623875275421 26.11624973401035 0 0
26.39949211309275 26.26050678097889 0 0
27.01553486153351 26.55057873770082 0 0
28.7655068124206 27.10986830851321 0 0
0
0
38
0.4824039003622751 0.1088931696141842 0 0
0.9932965945715528 0.6863301380658007 0 0
1.18354647805775 1.077745229472818 0 0
2.264713707476397 1.607633701684329 0 0
2.589672812795563 2.502394441978878 0 0
3.271110534078363 3.086290142057788 0 0
3.902084614687392 3.44294606331422 0 0
4.087242033385673 3.922555002631205 0 0
5.317728752065112 4.770763149101461 0 0
5.697993711634185 5.578559882356646 0 0
6.647300675928308 5.937743195803562 0 0
7.573355438898492 6.690039426027322 0 0
9.303594125609372 8.72386224618821 0 0
10.06440659818033 9.467379159297341 0 0
10.37372768137632 10.31210571264543 0 0
11.90661589255738 10.63412336669868 0 0
12.42390421671504 11.95440060046706 0 0
12.65455673249285 12.45983682659348 0 0
13.13551599435277 12.82696899531435 0 0
13.50492171320827 13.39219191877308 0 0
14.01230822782948 13.63013698607453 0 0
16.45856163264557 16.29519830216337 0 0
17.45151534631701 17.33831975661787 0 0
18.42656720072515 17.75825062726698 0 0
18.5645531790067 18.44012321441536 0 0
18.93797510759737 18.92956879262978 0 0
20.26673838744057 20.16920431839901 0 0
20.48134161867799 20.41299693244762 0 0
20.81772290307722 20.62363763242903 0 0
22.051012575589 21.61330415756523 0 0
23.21305877820099 22.26519607574245 0 0
23.59584970292109 23.44573207134782 0 0
24.70193673180256 24.00448002329232 0 0
27.81543313619378 24.71025320728131 0 0
28.40022203257962 28.02302957468334 0 0
28.78416897696336 28.45476313633225 0 0
29.17662224170872 28.81214996021584 0 0
29.96419001461786 29.70974870510526 0 0
0
