# Status file for ctqmc. Used to save all times t_s, t_e.
10
30
0.4087260428389285 0.07508300049288863 0 0
1.767642327435787 0.4805661156781689 0 0
2.445176550393355 1.932585569298798 0 0
3.518150834100481 2.557792384209877 0 0
6.156104283832198 3.555803939770061 0 0
6.228557428255478 6.203240886697744 0 0
6.867217334911314 6.623128099717598 0 0
7.986402577491314 7.699207023404258 0 0
8.503034059944433 8.268995892059916 0 0
10.02753223956756 8.530750767100395 0 0
10.82500037302519 10.12192003871115 0 0
11.41069175588645 10.97744665751778 0 0
12.34458745010403 12.30528393381201 0 0
17.16142659267154 15.5106538057479 0 0
18.13596679922122 17.21732309717418 0 0
19.5726477033656 18.49947955660285 0 0
19.99194622669435 19.70368132807451 0 0
20.32531681894097 20.01927712387612 0 0
20.61434238439352 20.33179619015375 0 0
21.11946602139307 20.67178677420937 0 0
22.14029996140669 21.13376441717639 0 0
22.74038306710358 22.15095663469605 0 0
23.53215883695795 22.90486954454526 0 0
24.85808788320999 23.87218141505557 0 0
25.1338592015153 24.96217369828119 0 0
26.02011510257133 25.27365011354042 0 0
26.94341714516527 26.17721911535378 0 0
27.95675642741449 27.00263565843078 0 0
29.53835121527586 28.00473099129928 0 0
29.99337582456328 29.73956806901965 0 0
3
17.97200782277514 17.54324197769165 0 0
18.07104945910691 17.97607571339086 0 0
18.23938608169556 18.15960682950993 0 0
0
34
1.229351367244421 1.354368608764738 0 0
1.756316840439709 1.824686234009385 0 0
2.382395626608479 2.669179457476571 0 0
3.188881336784442 3.20469676732837 0 0
3.209612560773107 3.299384903420739 0 0
3.765474439479511 3.798678621408384 0 0
4.022083901277583 4.026423779923432 0 0
5.126239986542522 5.922114128070195 0 0
6.655221915233997 6.727453019753377 0 0
7.256114474173956 7.259016269053994 0 0
7.353380739140827 7.696263029150259 0 0
8.271687084917948 8.301044124420052 0 0
8.992194928944247 9.296170605040054 0 0
9.702520094938665 9.706091386424546 0 0
10.70023245707402 10.77015217786433 0 0
11.67161112267488 11.78241959682025 0 0
11.86304921351273 12.03429172129154 0 0
12.20839451359618 12.26436498297782 0 0
12.32469861391112 13.18952202390559 0 0
13.31774186811289 13.55880912078073 0 0
13.57767410898959 13.92573473677118 0 0
15.22422387400157 15.31778240563105 0 0
15.58083091668723 15.9474244160968 0 0
16.59586683155668 16.62172185223184 0 0
17.07579534409884 17.13823235770592 0 0
17.54638418964142 18.02890522525107 0 0
18.1642293162938 18.26344875436483 0 0
18.4964679939586 18.72616531135625 0 0
19.32079661857865 19.34357218523526 0 0
20.6466140317916 20.77604146689282 0 0
24.19564971698647 24.26795859068111 0 0
25.552456498168 25.55546803813039 0 0
27.55362101353714 27.74596422597536 0 0
28.72047243727301 29.04953126653442 0 0
0
25
4.338314807154278 4.255436840264863 0 0
5.856932859588987 4.898035458034777 0 0
8.276797189069331 8.221584498167067 0 0
12.09972071027101 11.13278543688124 0 0
15.23354564757557 12.16797634771811 0 0
15.43226580437187 15.36875029824323 0 0
15.92890900581579 15.48490553935006 0 0
17.03523602110497 16.06421119596475 0 0
18.27009092621253 18.19374830098223 0 0
18.68179951425293 18.66380340654237 0 0
21.08367605575387 20.96586579377578 0 0
22.35460226572237 21.17761740544675 0 0
22.65705950360646 22.5619903612706 0 0
23.63505015394874 23.35647444400178 0 0
24.54631983947223 24.41430337563688 0 0
25.09202534114898 24.80920389988226 0 0
25.29714388863904 25.20268928349427 0 0
26.50736014052249 26.16087015716736 0 0
27.79537416716209 27.37259798126624 0 0
28.02012669899281 27.80393363596464 0 0
28.64691368584945 28.21483052152383 0 0
28.87964901191284 28.65394100502794 0 0
29.15644164294016 28.94972622728698 0 0
29.35677567288106 29.26092676063874 0 0
29.72414961184782 29.55697982860861 0 0
0
0
24
1.596074443347156 1.469973198909556 0 0
4.169262156868961 4.070188640620788 0 0
4.892394478180547 4.728432006075868 0 0
7.783600735505852 7.214801225422187 0 0
8.904778241209369 8.5953672444986 0 0
8.969776146651315 8.912346997027356 0 0
9.797268396404663 9.724751750448849 0 0
11.740225920357 11.57272227632972 0 0
12.24255273690133 11.79577090343888 0 0
13.40635648923505 12.34026631086928 0 0
15.55822662275806 15.22883707325643 0 0
15.94831009110147 15.6206211359387 0 0
16.0225238773035 15.97045994834591 0 0
16.05650949088976 16.03931257422741 0 0
16.49704622387619 16.15101287966361 0 0
17.5964721758324 17.22497257269042 0 0
17.82021656995352 17.77010703544401 0 0
18.7300372909708 17.88981316710528 0 0
18.88478184058024 18.83431403762619 0 0
19.60131471241775 19.00517289459652 0 0
19.89883285046387 19.79124475733685 0 0
20.96033775001759 20.91854388609945 0 0
24.78651066480943 24.06445048786426 0 0
29.68757335781007 29.55747561100956 0 0
3
6.602890491485596 5.937849283218384 0 0
7.849336423573949 6.676350596736142 0 0
8.164211637861669 7.971635483470791 0 0
