# Status file for ctqmc. Used to save all times t_s, t_e.
10
25
0.3701390510667366 0.4401941438660764 0 0
1.965962536062619 2.463382421229333 0 0
3.405340005175656 3.697668048072428 0 0
3.809697396590078 4.023851440864063 0 0
4.806270007984269 4.914681665122711 0 0
6.388267263173229 6.834630732293609 0 0
8.112822239599165 8.271140757812933 0 0
8.397119711391992 8.490116225688638 0 0
8.737083029710568 9.845864613119296 0 0
10.52805872917669 10.80874253496012 0 0
11.98012979934803 12.04258010768353 0 0
12.39946156964419 13.74857273482665 0 0
15.37575658711294 15.38143933276992 0 0
15.51202644347909 15.5386702358826 0 0
16.22743667045497 16.23729012988301 0 0
16.25742732948382 16.43127439443184 0 0
17.03682905335473 17.06191561805954 0 0
18.07442287690758 18.34725481478906 0 0
21.38210254884925 21.67703830775248 0 0
21.75167196028793 21.77360006599049 0 0
23.15531763175145 23.16403760389441 0 0
25.40164877519442 25.54191993314863 0 0
27.2427563150707 27.25922961523402 0 0
28.60369955352538 28.70244227357325 0 0
29.91167441348892 29.93817243658681 0 0
0
0
35
0.9669588886835712 0.4906281476566647 0 0
3.056378665933258 1.651418813312126 0 0
3.426356619306911 3.128268335778755 0 0
3.690310700590505 3.527591719731516 0 0
3.91316970434895 3.857486103056802 0 0
4.848318414864822 4.404281466248391 0 0
5.403657175717809 5.04631686950035 0 0
6.345125965299275 5.414822207164231 0 0
6.708005183254557 6.663319270575403 0 0
6.92654308848931 6.716371040257675 0 0
7.65993365003008 6.944804168875811 0 0
8.07280848920553 7.82371853911695 0 0
8.238476718932143 8.087647498317866 0 0
8.565163694060757 8.363872616476577 0 0
12.04625604069043 11.19362600485939 0 0
13.22577474933005 12.06829720429488 0 0
13.68966687126225 13.66966371238119 0 0
14.29117705619021 13.9641133243791 0 0
14.38483341195278 14.37882038584513 0 0
17.97771324979439 17.47875391971809 0 0
18.93664582227261 18.10417844202349 0 0
19.27200599909325 18.98519604419269 0 0
19.68796241675679 19.64302324279404 0 0
21.5605753872312 21.26049674644218 0 0
21.68472672895941 21.64870816215852 0 0
22.57170616214081 21.70037154867553 0 0
23.32960487606532 22.68397683463383 0 0
23.37992503334343 23.35970168676763 0 0
23.6398049128141 23.43360598897616 0 0
24.60356113739023 24.22553577064235 0 0
26.87397646018966 24.65160751899387 0 0
28.00496037858836 27.01793115438008 0 0
28.32291604690149 28.23358000103816 0 0
29.03674491346921 28.40457403654588 0 0
29.77788720625392 29.3255046388157 0 0
2
12.63431675755009 12.31311505054722 0 0
21.42274884963113 19.68459254106006 0 0
15
0.5145099609262971 0.5740633679243644 0 0
0.8694924738368717 0.9753892455261266 0 0
1.106905227042888 3.792816436160472 0 0
3.878657003259971 4.01234747546956 0 0
4.03281714924161 4.149412181996841 0 0
4.237497025187497 6.47676708199198 0 0
6.64757568026216 8.93844636484924 0 0
9.352683512263489 9.509919460626564 0 0
11.47600399046757 11.56120239319498 0 0
12.16982108309615 12.55990324363809 0 0
15.00825980076043 16.04004798530017 0 0
16.69627253099942 22.84228435220608 0 0
22.92131948588114 27.04974726102442 0 0
27.3154267131877 29.29260282031574 0 0
29.47974035519193 29.66742278213994 0 0
0
0
27
1.779294974669975 1.45630839250514 0 0
2.592605924675128 1.803131953603623 0 0
5.104883616934611 3.379178835768274 0 0
7.712983948270973 7.675852474016462 0 0
8.419317521053706 8.124767621678968 0 0
9.92478388830529 8.464422939210445 0 0
11.17971081694354 9.955080452752268 0 0
11.31102218769906 11.28459948965293 0 0
14.36849167008014 13.25554462330064 0 0
14.9990775789001 14.73552591644577 0 0
16.1339180410571 15.31737967368845 0 0
16.32999721635943 16.21453448768848 0 0
17.5776954032407 16.45229816950124 0 0
18.1656451904439 17.82184859189934 0 0
19.09941979961395 18.25394120774594 0 0
19.60768218665374 19.35607119166544 0 0
19.9136860194714 19.64906480092012 0 0
21.15140433518938 20.91687786621958 0 0
21.75827776685813 21.70178750574137 0 0
22.05499866663057 21.86632395842233 0 0
22.61529863521951 22.47675521620997 0 0
22.77797495676398 22.73987481960193 0 0
22.98741481404911 22.96916888354169 0 0
24.20309683670553 23.81749102282753 0 0
24.55995727109392 24.32056960237415 0 0
26.37710370596522 26.36793441203231 0 0
26.5026956640613 26.46986750833846 0 0
0
