# Status file for ctqmc. Used to save all times t_s, t_e.
10
19
1.094835243201857 0.5119328044911122 0 0
11.33304946943416 8.076444700439337 0 0
11.89275710055956 11.70494016236827 0 0
12.22519257357979 12.08561579916902 0 0
12.82222142466468 12.77606177370668 0 0
13.32646610567664 12.82812850676644 0 0
13.75581619154189 13.41879674269428 0 0
17.57065868990492 17.10438076602405 0 0
17.85674359057512 17.78675724590683 0 0
24.16480079752838 23.7813107621239 0 0
24.89706982235046 24.8597823336133 0 0
25.07385506679203 25.02599719758878 0 0
25.53765204247261 25.52879397968549 0 0
26.13293098262985 25.76347675260167 0 0
26.52064124385498 26.30281860135852 0 0
27.04609860598444 26.59558502123117 0 0
27.68627876261323 27.14414486281605 0 0
28.2586294837357 28.0675356668918 0 0
29.16961931649269 28.45918616925073 0 0
1
14.45449233055115 13.3199268579483 0 0
0
27
0.5633918915781386 0.5600472257795798 0 0
1.222239585352794 0.6153060463832656 0 0
2.759302001918464 1.230042751374133 0 0
3.466990518502882 3.124927184660147 0 0
4.523213081346624 3.497225563846505 0 0
4.644616536027935 4.628451874378818 0 0
8.818538478800068 8.770701701923773 0 0
9.338513923319544 8.975727333637712 0 0
9.777896288259477 9.370830539029257 0 0
9.802387501115993 9.778104190820585 0 0
10.42334296349397 9.909171700931918 0 0
11.03869511829958 10.43694929166425 0 0
12.03056305916205 11.1774764244419 0 0
12.92047058731503 12.14045520939515 0 0
13.66945342371647 12.92931820934257 0 0
14.52131707296886 13.71468858573996 0 0
19.17153642827391 19.11947265309362 0 0
20.19438451371975 20.0384422913265 0 0
20.94565775030208 20.94364984230753 0 0
21.44884497460592 21.01557710130245 0 0
21.91951110129079 21.69651944784626 0 0
22.6436548252927 22.32657390660946 0 0
22.91858227061605 22.91843685516285 0 0
23.05175008130335 22.95734439832766 0 0
25.78771689223832 24.74237770078698 0 0
26.76081123981603 26.6862419525928 0 0
27.0237114885033 26.8405172714386 0 0
0
42
0.009198587331070485 0.1310284251145291 0 0
0.4750210286881593 0.7838674182650711 0 0
1.274373222104846 1.283823760328301 0 0
2.439500852012538 2.53662301584399 0 0
2.954173455121626 2.96694005393752 0 0
3.143179935199123 3.472424439594984 0 0
4.268232643647783 4.308759514269134 0 0
4.665500816677063 4.668544951021834 0 0
4.920829943655982 4.956923401628138 0 0
5.214606179569333 5.243556427200674 0 0
5.911666776096099 5.941972948983705 0 0
6.843526464677026 6.931650086055257 0 0
7.331446240343423 7.559923011277764 0 0
7.912851050639678 8.131867635614416 0 0
8.31292877607982 9.974648337876783 0 0
11.39099735698141 11.63310381643605 0 0
12.43658761505994 12.49023885247305 0 0
12.63834070819979 12.93249064667858 0 0
13.45596799324381 13.74542116524531 0 0
14.0950792348811 14.12885825333126 0 0
14.26885872671168 14.45916348544588 0 0
14.93671580740331 15.01142291062254 0 0
17.20010096703701 17.35743788262766 0 0
17.69779016291074 17.76918770258769 0 0
17.85512529934829 17.87769638159091 0 0
19.71250487722186 19.74414058298074 0 0
20.00201632116408 20.31284858447094 0 0
21.42188305200064 21.61272724504641 0 0
22.36474167541699 22.42890234184748 0 0
22.59218071043524 22.78315784165772 0 0
23.04686116347157 23.06739348228064 0 0
23.80795021454932 23.82586405717935 0 0
23.95963232112851 23.98207920556932 0 0
24.56827799279874 24.68165599148001 0 0
25.24108882068096 25.58377162110608 0 0
26.02886994562834 26.22757131623912 0 0
26.62545398867924 26.63381059047711 0 0
26.7126840783798 27.01840035642984 0 0
27.41681667541893 27.60161075394945 0 0
27.85154462999463 27.92857679902986 0 0
28.56611053442892 28.63877000329767 0 0
28.66889901039931 29.11827727321096 0 0
0
0
28
0.1044131607935519 0.1495278652758927 0 0
0.2499500072393242 0.41064903880403 0 0
0.5770765091177353 2.955625132601933 0 0
3.364261944148205 3.908197514609489 0 0
4.174439264609682 4.190953967011822 0 0
4.34287707319337 4.553532418068658 0 0
4.693934484145257 4.719797400061083 0 0
6.361769340667871 6.50763256363346 0 0
6.823164216619075 6.914245624265146 0 0
7.426172055490198 7.489279398344106 0 0
7.640028588465582 8.013763147358718 0 0
8.598494424487225 8.961162948961151 0 0
9.427915758677308 9.464267533068258 0 0
9.495840984804 11.87551358798102 0 0
11.90699055777622 14.68340854305658 0 0
17.74149645351703 17.92810869537359 0 0
18.69405261388718 18.76874192376064 0 0
19.29308293518013 19.35851765813957 0 0
19.43851754781113 19.49196191845695 0 0
21.09592886239962 21.13339903403013 0 0
22.2754381623954 22.39033595490579 0 0
22.83066222805504 23.10239942473718 0 0
23.91925966488365 23.97448127488129 0 0
24.64034431577388 25.86653702937263 0 0
26.2247312622996 26.23667834165717 0 0
26.47340672692211 26.56846109885508 0 0
26.60113895966621 26.61257679570503 0 0
29.45038300390933 29.59461018785288 0 0
1
3.12402606010437 1.885907649993896 0 0
