# Status file for ctqmc. Used to save all times t_s, t_e.
10
29
0.7168631032540134 1.289588879947246 0 0
3.634144051463574 3.72855487466533 0 0
6.197093667639002 6.20969844468839 0 0
6.299956821883056 6.813733770457938 0 0
6.868552672959853 7.334740799197525 0 0
7.378834117915615 7.635478131875951 0 0
7.662458842179286 8.049607276676612 0 0
9.795040955750173 9.852394272269331 0 0
11.8947131581886 12.15882207010454 0 0
12.35728902673107 12.49083761949567 0 0
13.07909340972087 15.41189014097029 0 0
15.47743274196585 16.1209812670958 0 0
16.12115894597913 16.70401684602855 0 0
17.93393208812435 18.16971072526254 0 0
18.39151031310271 18.39237784929334 0 0
18.55236601782974 18.59886492193828 0 0
21.70866016582162 21.72232151610185 0 0
21.93109840750907 21.98115848291806 0 0
22.03070931467445 22.18931551642167 0 0
22.52898239639705 22.54255355183087 0 0
22.59209870624442 23.52179455749074 0 0
25.2688744720032 25.38441785279604 0 0
25.38451750953379 25.42633940091207 0 0
27.17708724556883 27.5135052545509 0 0
27.52420767839437 27.62316690468166 0 0
27.77419862456242 27.90555973829517 0 0
29.45615525724611 29.51399328560882 0 0
29.64332205264142 29.76198562373705 0 0
29.89028426591885 29.89565663412775 0 0
1
1.62207305431366 1.499787569046021 0 0
0
29
0.6006354313565225 0.624516081004539 0 0
0.7760666383684658 0.7783799143081693 0 0
1.545615025546375 1.67726891726051 0 0
2.49159236308649 2.775455093733393 0 0
5.503716832433358 5.658522669420521 0 0
5.946180417455975 6.021656758564779 0 0
6.773936552499524 6.809310469987379 0 0
8.059103226615209 8.125205312332278 0 0
8.131838272793658 8.238446098000045 0 0
8.876863742230467 9.234732283272169 0 0
9.545119386805897 9.929639072463768 0 0
10.05393403058776 10.27311289750131 0 0
12.40398477388538 12.58517876091926 0 0
13.16083293091421 13.22730036383755 0 0
13.98552946957236 15.30625570449282 0 0
15.73613279745045 15.89788465574579 0 0
16.56389170487661 16.6535634440369 0 0
16.88977382970848 16.90003767214713 0 0
17.11847256282669 17.16668780394837 0 0
19.44435745849115 19.56063636032014 0 0
20.0391594592518 20.83013320823541 0 0
22.96324241916136 22.97450951569785 0 0
23.10761717304687 23.11361684064708 0 0
23.25278706211359 23.26854582129919 0 0
25.50851228881924 26.09680227321087 0 0
26.22774401158643 26.29331613165623 0 0
26.53903334324927 26.64792333027037 0 0
27.16009086678256 27.20583512043614 0 0
27.83656612835202 27.8475650022869 0 0
0
41
0.5844742279607149 0.5400717184315749 0 0
1.201166053316584 0.7792596483150764 0 0
2.414611449313807 2.051284108381787 0 0
2.920226403923702 2.580113409895296 0 0
4.169220897092079 4.119501352349028 0 0
5.921448196828702 4.783688695948401 0 0
6.321830624400078 6.101040914109658 0 0
6.915649058553455 6.340611574677355 0 0
7.705344498636375 7.079162155621337 0 0
7.943736401803488 7.880942745239349 0 0
8.025482199546419 7.973039911977751 0 0
8.705015426912013 8.570830652964821 0 0
9.621887973084602 9.114251944476717 0 0
10.4547284765727 9.63396742989327 0 0
10.66199096607573 10.56376919890508 0 0
11.14632939787751 10.95449918014798 0 0
11.74012167530791 11.55252596551389 0 0
13.28861719241882 13.03786808388026 0 0
14.62590040482223 13.59133845039959 0 0
16.32822951128929 14.78112554922357 0 0
17.01761422002143 16.57126363719898 0 0
17.37999780663474 17.10899465391807 0 0
17.5359377264583 17.50232350655267 0 0
17.7417478353927 17.56309948543834 0 0
17.92953119698148 17.84493620606088 0 0
18.02746535084261 17.94539259136392 0 0
21.39509700940174 21.25957633169327 0 0
22.69298394403524 21.88342633499145 0 0
23.18030473214409 22.76234953573935 0 0
23.70422472213118 23.22432191837878 0 0
24.08972626517708 23.71013892153032 0 0
25.35679099248637 24.12684688277984 0 0
25.82172240740932 25.38393284756233 0 0
26.68315316362125 26.18042479763869 0 0
27.60491761365148 27.10149567763201 0 0
27.62843684637926 27.62052441322859 0 0
28.36712720415178 27.85844153746518 0 0
28.64873762077825 28.39382635214933 0 0
28.88235775255766 28.82513338500257 0 0
29.33292111609004 28.89344310898218 0 0
29.80267084945531 29.55269875655196 0 0
0
0
17
8.565170641947375 8.543517464674034 0 0
9.294679363509033 8.808010813261498 0 0
9.723341391517812 9.69556931974533 0 0
10.17904866065609 10.0864652033995 0 0
11.87108319425371 11.53099335776604 0 0
14.17504677817554 14.06697191160209 0 0
14.30639485297878 14.21152762716428 0 0
15.2674157315661 14.32163375189453 0 0
15.56546975771484 15.32943361799069 0 0
15.90149837859947 15.59582902445044 0 0
16.65340131733196 16.08058612737797 0 0
18.01431296124298 17.99186313473443 0 0
19.53954665146412 19.45786533920186 0 0
20.53103925167608 19.96390689018968 0 0
20.73130671116128 20.59278452489242 0 0
21.23292919068995 20.7484985188345 0 0
26.28953581460034 25.01763585540163 0 0
0
