# Status file for ctqmc. Used to save all times t_s, t_e.
10
22
2.275152581106162 2.417270757367436 0 0
4.060355248440457 4.403827182125339 0 0
4.638096871464747 4.744355469856879 0 0
6.87192580024038 6.925709451220828 0 0
7.080036619874135 7.145731199083303 0 0
9.215811561690861 9.834308997655636 0 0
11.30010270796044 11.40731174179951 0 0
12.27589121439744 12.32935342906081 0 0
13.21869033747028 13.35165462455874 0 0
13.60709574083575 13.84442505946488 0 0
13.98535746132953 14.29502025248254 0 0
15.69639702163213 15.77001336161095 0 0
17.35696013905221 17.4478199773138 0 0
18.79559770801538 18.80924595125381 0 0
19.13159864369998 19.22708851916907 0 0
19.54561881106824 20.68759938124402 0 0
21.35660083295105 21.44620469937119 0 0
21.60813817306828 21.7576554481981 0 0
22.52480575903661 22.62640431010386 0 0
24.73979668755467 24.84351036764395 0 0
27.58844398705794 27.6903695305362 0 0
28.42673322083765 28.82637225217445 0 0
0
0
31
0.4636738670127319 0.9322381680703722 0 0
1.415779792611859 1.419282883946023 0 0
1.572227095839465 1.775068174433597 0 0
2.484105962865115 2.525716251980972 0 0
3.891047282113821 4.099059464309553 0 0
4.389750638048959 4.472695939760917 0 0
7.697868136345503 7.782649163838942 0 0
8.431982714464441 8.475912078298773 0 0
8.93736192028347 9.04424102121412 0 0
9.274763238868188 9.376839763036971 0 0
10.76509030347367 10.86136957353058 0 0
11.06861278058958 11.17631054907583 0 0
11.18890367488418 11.36683037901428 0 0
12.76985186168777 13.90605781704099 0 0
13.94060649659394 13.95562953621282 0 0
14.0855188214315 14.17106338663939 0 0
14.42476725268343 15.08775930027219 0 0
15.68343336218189 15.95970650692173 0 0
16.05053305933179 16.88080642077048 0 0
17.13560571545322 17.59409453322213 0 0
18.28981706828056 18.59759570887237 0 0
20.10190217990126 20.11810789744856 0 0
20.38425675647042 20.67387696726492 0 0
20.76068473648986 20.84954428464753 0 0
21.57156834362499 22.49367706758342 0 0
23.97411173652745 24.01550950742899 0 0
24.40259682608643 27.02183883548532 0 0
27.26431174786827 27.708222222586 0 0
28.58034444864373 28.79761110976373 0 0
29.20332698620546 29.43615774731566 0 0
29.82799485329699 29.85099944821817 0 0
0
13
0.3905838114384762 0.9968582944759175 0 0
1.027597790116736 1.475105621853521 0 0
2.082742139593492 3.401340211400655 0 0
4.831933552191326 8.975612243022756 0 0
10.002356611724 10.21947441577507 0 0
11.24025042889701 13.34611999295653 0 0
13.64090149124521 20.41126890148862 0 0
20.56553090723295 20.87767234538484 0 0
20.88524070129134 21.29054085634538 0 0
21.8765641501625 22.05494012683751 0 0
22.15566159252653 22.16579127294421 0 0
22.45844226220499 23.58863644647272 0 0
23.9558531311703 29.92180697683649 0 0
0
0
26
0.7436531542436136 0.6085180780856823 0 0
4.533915173391796 4.055141638311279 0 0
4.751777168431127 4.694627340443218 0 0
8.990459560089082 8.953707760362118 0 0
9.43936501786191 9.118281387721748 0 0
11.57278774499137 11.49670130308188 0 0
11.68264823707428 11.62173430392471 0 0
13.69362979007446 12.64895280484344 0 0
14.42005613374389 13.73540534020718 0 0
15.40000204002712 14.50750935199946 0 0
17.53457953644279 15.65386802408805 0 0
17.69137793380684 17.68543039242221 0 0
18.34259772399842 17.93862071133001 0 0
20.34413427889554 19.93692049909763 0 0
21.84615953700704 21.35940631747469 0 0
23.54268498845451 23.38797537957553 0 0
24.32452881629838 24.27922198224135 0 0
24.75643223105837 24.53534562303329 0 0
25.74141258145662 24.96946433291579 0 0
27.16121990875827 26.20758025192332 0 0
27.57000311793695 27.1625813075554 0 0
27.73872120159801 27.66906766115986 0 0
28.11496492193673 27.88014101568594 0 0
28.92671024983114 28.52770458703116 0 0
29.26230681855346 28.94253935092137 0 0
29.94836856907661 29.6839296732873 0 0
0
