# Status file for ctqmc. Used to save all times t_s, t_e.
10
30
0.7747755512258391 0.6136675899608091 0 0
1.942692123402277 0.9844473281270189 0 0
2.685282623664453 1.959154879595054 0 0
3.340148680738669 2.878988260962192 0 0
3.626653070550466 3.346528995473459 0 0
5.616761210882124 3.745457779852255 0 0
7.178447032428217 5.826841463588293 0 0
7.966620348327226 7.437685138079095 0 0
9.949848272171197 8.268222549974091 0 0
10.91604011882292 9.985093418388397 0 0
11.67650808699932 11.10292773566409 0 0
12.09610583569679 11.75346315550701 0 0
14.39813418945781 12.09975899219287 0 0
14.96543303106489 14.45564453990581 0 0
15.20093147828778 15.05507714415832 0 0
16.74670273881088 16.65553405480069 0 0
18.18733983232697 18.18307934077398 0 0
19.04204020451521 18.29217896903954 0 0
20.52674954286825 20.07182010049392 0 0
20.62831399018176 20.59809231959935 0 0
20.80264374461424 20.64209264551501 0 0
21.40953524985589 21.13512906153499 0 0
21.88059066990697 21.43499986995346 0 0
22.35058269341413 22.26054301272033 0 0
22.76179352880501 22.50212553149343 0 0
23.19558345576766 23.18949024989681 0 0
23.34295087938111 23.3175846404749 0 0
24.09808896576262 23.92283870485014 0 0
26.13100006558813 25.58658715483716 0 0
27.02196760034515 26.97608716040779 0 0
0
0
36
0.3247572670494066 0.7496030241874226 0 0
0.7768738079924715 0.8761620417338291 0 0
1.451614224050961 1.715302520276719 0 0
2.791431225229283 2.80200697392525 0 0
2.893176804025675 2.908554593172995 0 0
3.80798060822724 3.949106762965683 0 0
4.742901487492547 4.759317498221723 0 0
5.391509847388766 6.62369506655704 0 0
7.012024566348352 7.895068021105953 0 0
8.287312721516015 9.160282514843185 0 0
9.987989242404792 10.23595443975338 0 0
10.27587266463318 10.3292789793775 0 0
10.37547767555233 10.4048612552311 0 0
10.7401047649174 10.8100708357549 0 0
11.75306069675536 11.87528076341724 0 0
12.51083616067916 12.51087784051894 0 0
12.93105284617842 13.01499742579779 0 0
13.10869609450985 13.63016672535433 0 0
13.72241369770466 15.55536207086679 0 0
16.16983180400365 16.17887468934232 0 0
16.28455218996632 16.31122878936571 0 0
16.90418039462323 17.08009692377665 0 0
17.09941545315984 17.18256487101467 0 0
17.29840224318733 18.52117707506604 0 0
18.561617091231 19.0376434543578 0 0
19.28224143507307 19.78445244298203 0 0
20.23885671624499 20.3905212412877 0 0
20.39823718850497 20.61824320918183 0 0
21.31323855960837 21.47895781509166 0 0
21.67830522304584 21.7139066710092 0 0
23.6867251426128 23.72916742078874 0 0
24.21532836516042 25.54212247170239 0 0
25.68326261422528 27.00364622635261 0 0
27.17844070372583 27.6462179031964 0 0
28.28170947212207 28.78049461451846 0 0
29.33698446107089 29.40315499768732 0 0
0
26
0.9230285793034386 0.06073403262313093 0 0
5.833978536495427 5.311201102320515 0 0
6.521097054537865 6.259785471488346 0 0
7.41688211694201 7.015221284441011 0 0
7.704368601612488 7.426975610672553 0 0
9.202143583766352 8.840853991533079 0 0
9.364393171936143 9.311760710755932 0 0
13.47226101498836 13.20318166407852 0 0
14.03044860151198 13.49081383850076 0 0
14.73338555716222 14.18802272757825 0 0
14.80996965898941 14.77980159718502 0 0
17.24297867532603 15.04450669910177 0 0
18.61763675042986 17.27038944642056 0 0
18.83067119157562 18.63584284114427 0 0
20.41539498126615 20.14577681970274 0 0
21.38661963101188 21.25611299503401 0 0
21.50109357093677 21.45886395884972 0 0
23.44847218753604 21.89999473696882 0 0
25.28214626950918 23.57106785721129 0 0
25.99309086282305 25.29888623466393 0 0
28.68732886239135 26.02639567242683 0 0
28.80437954464455 28.772886695547 0 0
28.92539971761865 28.87266220967702 0 0
28.99259224308561 28.95401871172109 0 0
29.16626430016002 29.11196283231197 0 0
29.82673776226454 29.64005798557895 0 0
0
1
6.579446196556091 6.521735787391663 0 0
31
0.6510339372422702 0.7698278878172183 0 0
0.8512080315205791 1.965690021892819 0 0
2.08185936980081 2.173674446600251 0 0
2.277308364135033 2.334567809776851 0 0
2.370776026047869 2.441456068857531 0 0
2.667604994636655 2.732853567988815 0 0
2.892714347909509 3.053686979392796 0 0
3.121158419845029 3.329696074829052 0 0
3.332833422095706 3.87611438130926 0 0
3.943253696907184 4.012715409547555 0 0
5.11542300592313 5.453116414420768 0 0
5.834886009493435 5.874328904136998 0 0
9.098432192039159 9.305853192104554 0 0
9.595338458032844 9.611460791862839 0 0
10.62680492260954 10.78425784674337 0 0
11.03327526501349 11.12200913442595 0 0
11.40411844888899 12.86389159493942 0 0
13.5850734100503 13.75027833883797 0 0
15.15371177200859 15.72618349198076 0 0
16.46370202592313 16.56692352457721 0 0
16.66150533764672 16.8877956880239 0 0
17.70665222585452 17.99934985245305 0 0
18.32258255229995 18.94789732464035 0 0
20.12259010380711 20.30539858113124 0 0
20.39949019234055 20.46096565952773 0 0
20.61150090830403 20.68480937582633 0 0
21.45224022067798 21.69523123288999 0 0
22.40199174873372 24.46042440874082 0 0
25.22682533280665 25.30001911489953 0 0
25.71180056397913 26.04444656693304 0 0
29.34966028680932 29.3514081209724 0 0
0
