# Status file for ctqmc. Used to save all times t_s, t_e.
10
31
0.2167791637494035 0.4381832327070513 0 0
0.7161264837258023 1.080504718129589 0 0
1.38556125818506 1.654376546289647 0 0
2.28666481427864 2.310000718521853 0 0
2.36875141931172 2.955257050714942 0 0
3.962950394435166 4.302545885143197 0 0
4.970584516802374 5.161457599650718 0 0
6.797859233731892 6.806292841244386 0 0
7.041610396177052 7.355452846021764 0 0
7.486166128104394 7.687476558041173 0 0
7.79102994870953 8.044503071488023 0 0
8.674769257254095 9.030522181279293 0 0
10.06607363002149 10.08849949816155 0 0
11.23565413791441 11.59213272559678 0 0
11.9217057801396 11.95407209852292 0 0
12.74606305789487 12.74934490567004 0 0
14.23015019896526 14.27672194585632 0 0
14.46900936083163 14.94318467800226 0 0
15.28895818159862 15.30890858494872 0 0
16.6490411834979 16.71897916728939 0 0
18.93445343730796 19.20217050754913 0 0
20.45489038225804 20.6425524558667 0 0
21.84350154045014 22.06886384424388 0 0
22.47180367168481 22.55280383536789 0 0
22.62445773469206 23.48004653588717 0 0
23.82105730153253 24.48017793366915 0 0
24.61903465823859 24.8376619437738 0 0
25.59905824548433 25.62774994730134 0 0
26.76607736393936 27.13125644044044 0 0
27.78281042718606 28.2753162557231 0 0
28.85259015661751 29.10767082128491 0 0
1
29.40690994262695 29.29528176784515 0 0
0
36
2.165300323552046 2.312542672423834 0 0
2.902788424160398 3.726947835054355 0 0
3.72999283388746 3.826329558492085 0 0
3.898614422673476 4.095468170721881 0 0
4.682850180390073 4.919608327447667 0 0
5.19949927593925 5.440748558074634 0 0
5.462778879640301 5.490665058972465 0 0
5.612564444942603 5.679729984432188 0 0
6.415287721585193 6.460392111968837 0 0
6.811519868018763 6.946854731465297 0 0
7.433261415054914 7.483173243054342 0 0
7.993491344039917 8.038824543347898 0 0
8.141146611064382 8.238201176165319 0 0
8.47825340346294 8.613894528071533 0 0
9.265067473047287 9.321882559542113 0 0
9.662133554812677 9.72329651092058 0 0
9.796839878841375 9.857774114407331 0 0
10.0999272029522 10.11087736910117 0 0
10.1586085262517 10.23379331483106 0 0
10.3813167919479 10.55179085852083 0 0
10.81915402179487 11.15093353453192 0 0
12.68590500063454 12.69605586382844 0 0
13.52265796752178 13.55424640048821 0 0
13.70714415959813 13.71405652824918 0 0
13.89007735914157 14.04134300768349 0 0
17.04969163716754 17.05517465735744 0 0
17.55648461164645 17.80731453027636 0 0
19.03325106755323 19.05878842925481 0 0
19.2730108498983 19.50508729185283 0 0
20.68948575898084 21.04167922874393 0 0
22.97908312760028 22.99840824918189 0 0
23.45610655778403 23.60633005694618 0 0
24.33356213293284 24.51874868587426 0 0
25.24484895089564 26.37855572786482 0 0
26.74519191371526 27.56896825890858 0 0
27.6192426074954 27.78425859077347 0 0
0
26
1.7408280979574 1.179355680274053 0 0
2.68419891892716 2.079083151133343 0 0
3.477690701551758 2.781802996100551 0 0
3.539075588577199 3.499121436319417 0 0
3.761818579053871 3.542975239852178 0 0
4.336978949409369 3.9095935596737 0 0
4.791315725869119 4.552950339479524 0 0
4.923218140782721 4.811513009429262 0 0
5.072032430562377 5.034335712215262 0 0
5.500201871733141 5.187956008644035 0 0
7.296077285594894 6.240375871489623 0 0
7.674854399341763 7.315186846009126 0 0
8.930281765513651 7.854265107225999 0 0
11.55206519876517 11.38277047481971 0 0
13.67728429152913 13.62032365633431 0 0
14.21810664871833 13.81744186886293 0 0
18.10182118996511 18.06666639394134 0 0
18.46446977744871 18.15274512925011 0 0
19.86445972168324 19.7553267851494 0 0
22.7839540866935 22.29127733235979 0 0
23.0426450905534 22.90123294818767 0 0
23.98296346608757 23.21235620280717 0 0
26.99886640527533 24.0861164916784 0 0
27.50468224289975 27.19103106776013 0 0
28.44452914825942 27.50589988446349 0 0
29.08788172454094 28.52715513953314 0 0
0
0
20
3.468467580719229 3.262676782089989 0 0
7.45448382600959 7.427791012266205 0 0
8.32117678854053 8.08337029808243 0 0
8.52435681560479 8.401642644187858 0 0
10.12563724959768 8.852736568998417 0 0
11.62779091768462 10.14073818822796 0 0
14.91399972783061 13.91253340138581 0 0
15.82015124125778 15.2080868623431 0 0
16.83769771952331 15.87265647436782 0 0
17.08968939149968 16.93249349212425 0 0
18.1028542377518 17.7196771006973 0 0
18.71628353891199 18.48593558541138 0 0
18.83472494467339 18.8282179601494 0 0
19.91637103522111 18.87309579336396 0 0
20.42747588075143 20.29455757606451 0 0
20.8497194563743 20.53274330703088 0 0
21.05608292343629 20.86380383195437 0 0
21.27598525906996 21.23268912665144 0 0
24.55189091888032 23.79410106829453 0 0
24.91550250969269 24.83348551950379 0 0
0
