# Status file for ctqmc. Used to save all times t_s, t_e.
10
33
0.2606741195111937 0.6091242567380875 0 0
1.123263791778943 1.153531352709547 0 0
1.430148083468527 1.688306311416593 0 0
2.328266989774409 2.976767442188024 0 0
3.380015689865489 3.464502463415685 0 0
3.965715968963058 4.14991943592879 0 0
4.344814712416825 4.557537988454622 0 0
4.933284680967464 7.048283828655539 0 0
8.062546409684536 8.112081787225415 0 0
8.973684687105392 8.996381311756089 0 0
9.14476157804665 9.163556670564619 0 0
9.271092559488833 9.305887181480763 0 0
9.695565099480884 9.707247109424458 0 0
10.6168899392755 10.78720357383914 0 0
10.82179144860831 12.30485013924226 0 0
13.42259990451403 13.59530887739201 0 0
13.82248792542517 14.11825147927133 0 0
14.42725069108399 14.73248316127763 0 0
16.463968359277 16.5960909723632 0 0
16.66741708531263 16.98171871503767 0 0
20.0515175241415 20.08241067204745 0 0
20.51509824338711 20.86691920090029 0 0
21.52030356253547 21.71685554779182 0 0
21.76941472415154 22.17325078202687 0 0
22.40798904499487 22.52491135626478 0 0
22.88903649471876 23.06608536115059 0 0
23.90080627867663 23.91745766072484 0 0
25.68332216250538 25.79952607929566 0 0
26.99734876651629 27.12423207585054 0 0
27.22830743684801 27.36873340562443 0 0
28.73185919845504 28.93668104102219 0 0
29.50859352118601 29.587098608207 0 0
29.80251625057102 29.93671232665329 0 0
0
0
22
0.05364364971016755 0.2497616494313348 0 0
0.8850757786926735 1.1244831501108 0 0
2.180197694950222 2.259112909619505 0 0
2.436742603873479 2.521463162268327 0 0
2.695090493695859 2.822485204792577 0 0
4.199650594701661 5.916134208685053 0 0
7.511236972937708 7.670827954273284 0 0
8.356216448668384 8.379547653271667 0 0
11.43470829217636 11.55677307496804 0 0
12.28276097237666 13.59651737925073 0 0
15.62894927037653 15.64928938087502 0 0
17.95584832815087 18.08642662125003 0 0
19.61565327411039 19.8438286840865 0 0
20.92150179379393 21.11492496998278 0 0
21.55745579750855 21.64581123087788 0 0
23.30621362208016 23.35723883120564 0 0
23.8859180494552 24.01121020413016 0 0
24.38517879610138 24.80975008844741 0 0
25.15731801553733 25.33368072566441 0 0
25.34934457363443 26.02025675015271 0 0
28.67727585883157 29.03278077428404 0 0
29.73216189410527 29.7607978472179 0 0
0
31
1.059673568725553 0.1619953544477397 0 0
1.625988606216032 1.239818101742387 0 0
2.212197767502111 2.145013480206201 0 0
3.010274983649956 2.262083174454422 0 0
3.902797668199075 3.475046734488469 0 0
4.502712126975604 4.015673330919714 0 0
5.667947897285729 4.785230525404211 0 0
6.076666870085706 5.771518175780485 0 0
7.860800866683724 7.497111441487838 0 0
8.560021176136889 8.380113530052842 0 0
10.34110495504401 9.952643478350598 0 0
10.45782718432013 10.42498590564449 0 0
12.34227767585213 10.53083384758898 0 0
13.89570494001117 13.19694379629899 0 0
15.23957142195462 15.06175723754018 0 0
20.67569083115516 20.67429574397125 0 0
21.21790637389102 20.80473162613501 0 0
21.58236344477617 21.54333863010066 0 0
21.84971266440875 21.69566181398708 0 0
22.10916650481068 22.00768192249671 0 0
22.3846676196342 22.34860376307299 0 0
24.14470500296587 22.71254757753063 0 0
24.42204513952456 24.21890681303252 0 0
25.117142129243 24.89891038126514 0 0
25.19307404698875 25.19229937431905 0 0
25.68384094645706 25.67105367628158 0 0
26.35578196924068 26.26783442211407 0 0
27.32032119733566 26.50235624801621 0 0
27.49577217446159 27.37625751686244 0 0
29.93254773882985 28.63615034294031 0 0
29.96802503667963 29.95518487468743 0 0
0
1
17.45252788066864 17.2775012254715 0 0
25
2.69277566258384 2.042812843421567 0 0
2.871793801166685 2.702921442106992 0 0
3.082116427889099 2.915909858659676 0 0
4.190147831451779 3.888780842203225 0 0
4.613739134059542 4.450529195961934 0 0
5.636349845469862 5.287102686639887 0 0
6.079751838424775 5.954770466412585 0 0
6.911829862374817 6.227751616268911 0 0
11.630569736403 11.63017313968305 0 0
12.15934355764847 12.10239042036015 0 0
13.61614580407673 12.30373283641759 0 0
14.29983834808836 13.76309626619365 0 0
14.56774427759236 14.55832145628227 0 0
14.79617437803034 14.74953656068445 0 0
15.55448446435435 15.3666433153118 0 0
15.98448869568149 15.94644622127671 0 0
16.15875313503671 16.04070779679713 0 0
16.40121453559464 16.33397237322837 0 0
16.62897220255863 16.41788125748863 0 0
18.30320260508364 18.25806618149075 0 0
19.22234587617831 18.97854054774585 0 0
21.51896530020382 19.46956426528659 0 0
24.03313215061814 23.74927551624236 0 0
24.79648973258507 24.66193394449581 0 0
28.92249803774418 28.759865793328 0 0
0
