# Status file for ctqmc. Used to save all times t_s, t_e.
10
26
0.7230787511174387 0.3965953585100528 0 0
1.995364557137199 1.516135347701904 0 0
3.459603661517391 2.176760393187437 0 0
3.657597944917441 3.546663143357173 0 0
4.333073417120153 3.781711504883301 0 0
6.952707375126154 6.887334902989931 0 0
7.331039448446034 7.037112568622756 0 0
7.581159812507332 7.507356230667107 0 0
8.030691987583685 7.661145608719501 0 0
12.20469030328408 8.802066332064109 0 0
13.35972987414391 12.53138163068081 0 0
13.91815969878692 13.36507263823114 0 0
15.59968892502684 14.00170591018817 0 0
15.86731506014011 15.79421137539381 0 0
16.65989125082534 15.93393826940624 0 0
17.54587271646231 17.11826446100187 0 0
21.11012239496246 20.73186367927249 0 0
22.29876627463473 22.22867435995814 0 0
23.82925882964477 22.34499099863987 0 0
24.21325147827489 24.11982006688469 0 0
24.97184454235135 24.75156682343502 0 0
26.04469964263126 25.35255953988072 0 0
26.18503006103163 26.12557767780792 0 0
26.59403810591211 26.55744801169169 0 0
26.8694308514705 26.73357126746497 0 0
29.22634272829675 29.04851751281089 0 0
1
10.57525455951691 10.1239550113678 0 0
0
36
0.2000149037568839 0.4471191326711761 0 0
0.7830034943103676 0.7892612153193461 0 0
2.521048207009882 2.914419847555859 0 0
2.935709427331546 3.165751418001579 0 0
3.227140538141874 3.297558277968246 0 0
3.469818851954605 3.594072342009508 0 0
3.626276947837273 4.215457283112725 0 0
4.248085274707355 4.727733308643868 0 0
5.04407267606553 5.403776560998193 0 0
5.54123546019691 5.602901880674003 0 0
5.97115281424936 6.644433072819298 0 0
7.052948696970036 7.250402527911892 0 0
7.698579242834228 7.789796574090663 0 0
8.816093741475674 8.909383322334413 0 0
8.973914936699664 9.052242861419495 0 0
10.15239298484588 10.36226524538188 0 0
10.4973679030777 10.61662817085318 0 0
10.64940172382946 11.52564963497486 0 0
11.85642982905327 12.49075224725532 0 0
13.37242551873393 13.37295260043726 0 0
13.74699145667301 14.01990161427642 0 0
14.32057498900037 14.36861994844252 0 0
14.73495769892976 14.9275951598606 0 0
15.08411083926357 16.88736651975182 0 0
17.27343080466578 17.34522694157545 0 0
18.07246566350424 18.44687457945374 0 0
19.23522939240518 19.26104966312711 0 0
19.79095687366643 19.79292973848607 0 0
20.10465805372124 22.87964872986206 0 0
24.38445756529384 24.48981311435852 0 0
24.97637918465728 26.1763450849791 0 0
26.29795147676175 26.43242836369065 0 0
26.61035820820957 27.27905518060819 0 0
27.8321706168961 27.90271505051579 0 0
28.65652072299917 28.68792610259507 0 0
28.97735749898877 29.23436836362436 0 0
0
24
0.002262329453399159 0.1300601735290527 0 0
0.138569210416545 1.964485211981413 0 0
2.186355411206074 2.366937967488524 0 0
2.466133049230725 2.472410313057555 0 0
2.681088884934168 2.717254083690269 0 0
2.795439273688075 2.862465572799316 0 0
3.069041830912066 3.432458940075223 0 0
3.85856040364168 3.949576675380182 0 0
4.002541396586122 4.056537978685705 0 0
5.914969832360261 6.063268683990827 0 0
6.692316197495422 6.836208887220058 0 0
7.052637692026502 7.434278945274055 0 0
7.602319432095432 14.74426995872174 0 0
14.81111063469906 15.04029791533594 0 0
15.97084559856921 16.17918997926247 0 0
16.40144458986396 16.63460651634562 0 0
16.6731599178367 16.80159401941425 0 0
16.85026562682136 17.71768596055105 0 0
17.79801950316223 18.12889505179948 0 0
21.07499782712902 21.44942888372697 0 0
22.61540729833619 23.9996848235904 0 0
27.68581205025874 28.70431931715323 0 0
28.83772607764503 28.98261323300497 0 0
29.5300706512758 29.66171860938964 0 0
1
3.887872695922852 3.656115531921387 0 0
0
25
0.6125949695459538 0.1011915584335128 0 0
1.181407978132745 0.7423812583380149 0 0
1.928259785547159 1.587534965002673 0 0
2.765534816390097 2.412979805368197 0 0
3.684857528665338 2.808743575165559 0 0
5.817954214890833 3.742084750369846 0 0
6.273178273509738 5.822934298164896 0 0
7.403062054501279 6.290080225586146 0 0
8.126863874541828 7.689651492306573 0 0
8.536190923198683 8.156419750127196 0 0
8.926007868782213 8.567884488624124 0 0
10.31696938555018 10.26985777720639 0 0
11.53105090520723 11.44106551392143 0 0
12.30823549390017 12.07246780533445 0 0
12.56247217369588 12.48122404387022 0 0
12.74833613328044 12.70118294658654 0 0
14.772568511157 14.66029840898291 0 0
18.19523616548481 16.5362393787391 0 0
18.62907544313998 18.48219440956203 0 0
21.61192431998399 18.81885580358507 0 0
22.19716026611306 21.89801391090578 0 0
22.74731240232911 22.35475495872554 0 0
25.64243150738038 25.06185840504163 0 0
25.97299809183546 25.78906456501486 0 0
28.60075280217344 26.02122889302798 0 0
0
