# Status file for ctqmc. Used to save all times t_s, t_e.
10
30
0.1489155416397452 0.1696350376238023 0 0
3.01856596412712 3.041106360116985 0 0
4.506205587501563 4.559088426938955 0 0
5.921154152667754 6.012150648935668 0 0
7.072946071558309 7.208627687965116 0 0
7.87271062958607 7.893115853866377 0 0
8.035437866702864 8.251674749347863 0 0
8.255759443103127 8.869123459650584 0 0
8.91513907117044 10.91317926795949 0 0
13.97445565664916 14.136203317439 0 0
14.15111930877681 14.27708967695828 0 0
14.70638912218092 15.08959242658818 0 0
15.8269764982501 16.16381979430197 0 0
16.90883227652206 16.94127519254502 0 0
17.80708433689911 18.00903688531889 0 0
18.02027472039831 18.10340815711761 0 0
18.31612684934622 18.49605870941375 0 0
18.81641581454134 19.378454797805 0 0
19.84172156325047 19.90784615043935 0 0
20.08651254279785 20.13295029424186 0 0
20.23772733379928 20.43305320693975 0 0
20.98025108599896 21.0012922333157 0 0
21.14254401919 21.14320221104176 0 0
21.46369443031017 21.81609383107413 0 0
23.18424668399575 23.29701152302552 0 0
23.30663431531045 24.00701073397561 0 0
24.88151810882511 25.05942204952807 0 0
25.68331489370389 25.87314555413398 0 0
26.11551029745834 26.85587098036191 0 0
26.86267346188181 29.80645440027299 0 0
1
24.18002486228943 22.89226233959198 0 0
0
29
1.367680670153706 1.406220797309712 0 0
2.00473956307204 2.225840067649967 0 0
2.807653539175898 2.865056743361896 0 0
5.655375481641431 5.824963672691769 0 0
5.984983641543044 6.432028034077435 0 0
7.269359351448526 7.542645377708252 0 0
8.104097581400294 8.441546064006941 0 0
9.301170830541466 9.366977324788314 0 0
10.08085669941386 10.65129059288199 0 0
10.68228898387857 10.71820946999332 0 0
10.76468473735652 11.88662625078324 0 0
11.92296066806995 12.01260507688208 0 0
12.37121553043755 13.60197119474225 0 0
13.78278906692382 13.83207918870865 0 0
13.99189521034331 14.06382438874721 0 0
15.10607016357564 15.57905683924119 0 0
15.86200383473924 15.88273083635544 0 0
16.66075257937649 16.7680962273285 0 0
16.83524985312398 16.8681282863575 0 0
17.50004193774748 18.24112227611702 0 0
18.25951511934209 18.34067441567095 0 0
18.59756998631249 18.77095812963653 0 0
19.11601992949519 23.89004137066219 0 0
24.75818418200997 24.82279329058004 0 0
25.00235610330705 25.1539650488815 0 0
25.31389786524522 25.559313023574 0 0
26.47149877533811 26.60701334047468 0 0
27.48921960635326 27.69455537230297 0 0
28.10802992650947 28.40327192697246 0 0
0
43
1.469886713043235 1.171897092391006 0 0
2.485739301374751 2.011406381047372 0 0
3.379857400225329 2.785708440913559 0 0
5.61412384256298 5.275814142965694 0 0
7.215918454149551 5.658050039913683 0 0
7.494110301838339 7.222385278209066 0 0
8.366405180653523 8.305086575584248 0 0
8.609423740039603 8.472877192660702 0 0
9.234979593696796 8.953439479198636 0 0
9.479949262054296 9.311585200240401 0 0
9.87236633223705 9.747808700491204 0 0
10.20812280568557 9.951318719215296 0 0
10.74246287664931 10.36910766462005 0 0
11.23266214382637 10.79920368382544 0 0
11.53762825221063 11.44545309632302 0 0
12.8416190450186 12.82911975241217 0 0
13.86468153405047 13.13045719110892 0 0
13.93152089938907 13.91337126294184 0 0
14.51492242356279 13.99326577840113 0 0
14.89881151213195 14.78162493416117 0 0
15.67311559787997 14.95904380950055 0 0
16.13264992945415 15.86191917502036 0 0
16.99924933920035 16.86461111818979 0 0
17.13948666423681 17.07555299341567 0 0
18.27628900297601 17.37681051341777 0 0
18.52598345744601 18.2989722250084 0 0
18.88386407504046 18.60282583392377 0 0
20.46261850926295 20.13206443234586 0 0
21.09672413014595 20.70853589760067 0 0
22.07501165888924 21.13597932923663 0 0
22.18573925140182 22.15501460618665 0 0
22.98568931995884 22.26969840460655 0 0
23.05354499953397 23.03676004992396 0 0
23.27180102268719 23.1311682222405 0 0
23.5124147427712 23.27435450692295 0 0
26.54745785734602 26.36185341687835 0 0
27.00718876752332 26.75755673427322 0 0
27.38558138329778 27.01942553911917 0 0
27.55141085135043 27.51022651712974 0 0
27.88070385141444 27.5752247523947 0 0
28.33234479518173 27.96555188018817 0 0
28.62802209125843 28.45828840743894 0 0
29.83190407849327 28.88514293680732 0 0
0
0
34
2.365618626408979 1.856428369802485 0 0
7.513821429733621 7.386503427013061 0 0
7.974609443812694 7.915972274562087 0 0
8.607576141758351 8.06218039872293 0 0
9.494606467088468 8.871072410611999 0 0
10.70359653625063 9.499754442447758 0 0
11.00561372965921 10.78013473121021 0 0
12.50283777443799 11.00799346356623 0 0
13.03116548778853 12.52120866739297 0 0
13.43480915808851 13.10557300684832 0 0
14.69406524104011 13.51583627268629 0 0
15.50324473901151 14.73716933906557 0 0
16.00884573309239 15.70743225379036 0 0
16.08363328685368 16.01146139609284 0 0
16.90620249241337 16.45524767746778 0 0
18.16090051244412 17.71069835348337 0 0
18.34068780042948 18.26241292263 0 0
18.66880118181936 18.43115739064751 0 0
20.43565055005381 18.79485277340827 0 0
20.90390487519602 20.59091511381307 0 0
21.34226367198912 21.11233329872799 0 0
21.79305028331386 21.36858151646577 0 0
21.81594215249746 21.80361574146354 0 0
22.90726019146345 21.97421332027649 0 0
23.48042026004322 22.98689819780222 0 0
23.88024502231952 23.70162723423767 0 0
25.48727319385433 24.53210372993334 0 0
26.27721116858826 25.87024874955797 0 0
27.63724361668363 26.32622598844253 0 0
28.42757568786602 28.07876224133791 0 0
28.54557835407526 28.4438303259192 0 0
28.84022781089239 28.74668340554711 0 0
29.25233828243201 29.20884571138929 0 0
29.8464590635733 29.50360347446862 0 0
0
