# Status file for ctqmc. Used to save all times t_s, t_e.
10
35
0.3275283183978743 0.4024864922483715 0 0
0.4589598689007073 0.4911304107352847 0 0
0.5700679544999963 0.7386006428772914 0 0
0.8354786214661278 0.8820077131974958 0 0
0.884169004508407 1.471356354875673 0 0
1.543984842775812 1.922905877074998 0 0
2.004822718700695 2.124302920236528 0 0
2.475914939475055 4.350247347440339 0 0
4.432481040539042 4.50501483945416 0 0
5.330257112539197 6.112588564629267 0 0
6.397144556315958 6.444273068889919 0 0
7.946217644532881 7.962919904274428 0 0
8.002356356251854 8.007064440068881 0 0
9.178418706955535 9.179125836508547 0 0
9.320439545936434 9.553533195590795 0 0
9.904914359092343 10.38962610294467 0 0
10.53533700212213 11.98745463971589 0 0
12.33351093457892 12.34548612322408 0 0
12.50424449927287 12.55129622713548 0 0
13.13167050514386 13.29631536278178 0 0
13.94148422469478 15.89962952035324 0 0
15.95887240787231 16.14243227423907 0 0
16.16221658324981 16.26508490046646 0 0
16.351932344099 16.7363371582682 0 0
16.82741540859236 18.01830332948669 0 0
18.07856917423103 19.43400641674571 0 0
20.25179714202637 20.28231235946981 0 0
20.31324302730655 20.50984092299043 0 0
20.66166831489224 23.17521262143007 0 0
23.32916724801137 23.48500727110707 0 0
24.19516980245569 24.24323987147841 0 0
25.59370863829495 25.83386981315457 0 0
27.30217994895906 27.34838537832646 0 0
27.95906390625439 28.34453835293361 0 0
29.10476028169589 29.17736682611637 0 0
0
0
24
0.01642381995312547 0.02973963875416877 0 0
2.118041755712315 2.789922843150452 0 0
3.146686859077202 9.436954466653543 0 0
10.16218577957246 10.73851467468524 0 0
10.78484371491537 12.24046279469157 0 0
12.58601384061186 12.84612391393037 0 0
13.05762918666796 13.70081512034549 0 0
14.97862968138558 15.62607816958714 0 0
15.90547848418234 16.00322517702365 0 0
16.19658323432165 18.11885622276803 0 0
18.27746752305668 18.29032889041182 0 0
18.98164032532983 19.13552525687117 0 0
19.31090514038073 19.40241482762542 0 0
20.23047541106126 21.10212693275048 0 0
21.44201092628394 21.57364166467621 0 0
21.922164593115 22.19715472860793 0 0
22.42175217362329 22.50444267863963 0 0
22.74168001001592 23.79699204379918 0 0
23.82332038037931 23.85949605851697 0 0
23.90096473831208 24.48442273860089 0 0
26.58334811919592 26.77653956698546 0 0
27.08951339251688 27.21494770521348 0 0
27.24315012712359 27.32838369854682 0 0
28.15369495962248 28.23649939802364 0 0
0
24
1.338134143618205 0.2581950182403148 0 0
6.845283492425034 1.78698438628742 0 0
7.293691345658392 6.910451598191333 0 0
7.810989146804811 7.300452854954988 0 0
8.049965052718511 7.871316361212081 0 0
8.481480749866414 8.103507624040292 0 0
9.470856782099299 8.939923709227511 0 0
9.920253851435227 9.60437026619868 0 0
11.1307251961308 10.25988879576088 0 0
11.23320135273323 11.14742768294085 0 0
12.02305108746376 11.25539118889204 0 0
12.28716803246097 12.14203354109982 0 0
13.35437639602949 12.31994657463984 0 0
13.63256316839048 13.42461602127501 0 0
14.91926070155072 13.72872833295717 0 0
15.17834154183283 15.11180399295426 0 0
15.33372195184281 15.28023525392998 0 0
17.01996952470817 16.56925545702601 0 0
17.12617669156961 17.10586029919691 0 0
19.34984174176821 17.60205097056482 0 0
21.96636000928626 20.0492244983297 0 0
22.52211438805778 22.02236718054925 0 0
23.18651067900485 22.63845257619856 0 0
28.19697985234855 28.17602111391066 0 0
0
0
24
0.3739727598491474 0.3551882200843133 0 0
2.028368852990444 1.537289136117836 0 0
3.369829750832152 2.272099591421363 0 0
9.439182010459929 3.497149054286299 0 0
9.968299443402444 9.813573493552065 0 0
10.68865058286729 9.978787141455557 0 0
13.5051422690396 10.73925585637627 0 0
14.62705402032512 14.02190894582125 0 0
15.62298990909988 14.99005453247795 0 0
15.79593610537342 15.74292608897213 0 0
15.95900421824513 15.92825958564039 0 0
16.81048518503123 15.99961527189542 0 0
18.26385458744191 16.88908315034749 0 0
21.21955125577507 21.08813792324778 0 0
21.78238285220767 21.50591349907363 0 0
22.14145357713771 21.8207648716165 0 0
22.44755709271988 22.21283641584907 0 0
23.21119464766585 22.48309161351323 0 0
24.19151456210529 23.33249422508981 0 0
25.00877007132228 24.67391045826789 0 0
25.73640214749345 25.28140936127154 0 0
26.91001237520212 26.46648608770445 0 0
27.4909631268874 27.466841665438 0 0
28.42068138160704 27.81211224053762 0 0
0
