# Status file for ctqmc. Used to save all times t_s, t_e.
10
40
1.670867624890043 0.5945796932944276 0 0
3.241550343505603 2.07119092902962 0 0
3.570637632618915 3.286535050881004 0 0
3.913350545686612 3.82795691024175 0 0
4.224823537940466 3.957078035002981 0 0
5.244893795161747 4.37463145139942 0 0
5.80561101977889 5.699159946308155 0 0
5.967253972331701 5.838157789231071 0 0
6.717951568769267 6.39670930324435 0 0
6.879086555931647 6.848855430862607 0 0
9.063359805943257 7.58622838183332 0 0
9.403968790223519 9.381458352199592 0 0
11.07124477123727 10.07693150232914 0 0
11.23472639111903 11.09183138967041 0 0
11.50122961209565 11.48207834741986 0 0
12.58896006886861 12.15060975631966 0 0
12.97401430615309 12.66004145554239 0 0
13.80269866834204 13.67366193109595 0 0
14.70581047313243 13.98917562491341 0 0
14.94656115269188 14.71716445808019 0 0
15.08024291443192 15.03948546843337 0 0
15.57203347593407 15.11297847807714 0 0
19.26446589909263 18.58726055911142 0 0
20.0481754068295 20.02274682159091 0 0
20.26114952175013 20.14231912641844 0 0
20.89828592839673 20.34134107996894 0 0
21.62020036318645 21.26042620743478 0 0
21.75381039413898 21.66258858536877 0 0
22.18278031685094 22.16212585560062 0 0
23.36770472852533 22.97093074151432 0 0
23.67973724044526 23.37295876661964 0 0
24.0254192689359 23.83865023654748 0 0
24.62330617111358 24.06954900561022 0 0
25.6018083384353 25.42661244369013 0 0
26.31616057167717 25.81295805788134 0 0
26.38315527682218 26.3609290691201 0 0
26.82507727968511 26.76505149105008 0 0
27.76862204156022 27.71792842470022 0 0
28.39281975681407 28.036832936498 0 0
29.38965171962962 28.43209067424406 0 0
0
0
27
0.9217453126205832 0.9506652363094261 0 0
2.019875746536647 2.412761743893947 0 0
3.05554879209898 3.252600937909115 0 0
3.942392415012999 4.841312008743294 0 0
4.867019659197341 5.050690219284434 0 0
5.075034102094989 5.126367751309269 0 0
5.142854890842958 5.566351885114512 0 0
5.877451786249186 5.882640257298443 0 0
8.311446370779214 9.706859899373894 0 0
9.738072383029786 9.754759611866 0 0
10.52392816257342 10.82471825779479 0 0
10.98692742058116 11.1487826165766 0 0
11.39855172364964 11.47539054871697 0 0
11.81742726274969 12.05923334488207 0 0
12.57406705291934 12.77043690703628 0 0
13.92014619072331 13.96522178068816 0 0
16.24169307438585 16.31961307827564 0 0
17.90691568065742 18.045677449091 0 0
18.59656007739964 18.67394353722418 0 0
18.97383230766444 19.36421466448362 0 0
20.26606583370216 20.27708684240981 0 0
21.49455113116295 21.72891476918718 0 0
22.16091999475004 23.16373971025689 0 0
24.5576965247842 24.65663319295219 0 0
25.84723888791193 29.23601226649698 0 0
29.34722494275859 29.44079493716211 0 0
29.47126788022023 29.98911004612964 0 0
1
4.806697368621826 3.991729617118835 0 0
36
0.2206262255206966 1.866486823448742 0 0
1.907632364822972 1.922002305362594 0 0
2.309949351520034 2.350973888295012 0 0
2.364381548385243 3.108488636511851 0 0
3.715823342630781 3.717553306154797 0 0
3.998880866179755 4.164106054875705 0 0
4.169206191319519 4.316397862638306 0 0
4.475630974253757 5.003921283138436 0 0
5.322520750361688 5.462464319849325 0 0
6.744070791287294 6.826845063034035 0 0
6.949948777732491 7.244039590562994 0 0
10.1223809719785 10.21319145484659 0 0
10.2850678500868 11.93134633435583 0 0
12.0205261649473 12.22628764425669 0 0
12.49439651096413 12.62891595133668 0 0
12.755701983879 13.16071219438246 0 0
13.38645174443417 13.48290517721526 0 0
13.95009961380184 14.06871405083685 0 0
14.23564566624757 14.3313593500945 0 0
14.48908397729627 14.71388986306684 0 0
15.36509176816754 15.48524844744649 0 0
15.57403937396165 15.68041801266659 0 0
15.86927343918607 15.98463862234462 0 0
17.45106498202148 17.67477582689171 0 0
17.8646905896288 17.96948870197359 0 0
19.98618306844244 20.20920721187204 0 0
20.44355137504379 20.69357185371333 0 0
20.87432179958562 21.055086219123 0 0
21.89159538816402 22.10032483212456 0 0
22.51318253395135 22.81689338380139 0 0
23.14855628789702 24.04613467054329 0 0
25.02933083054023 25.10858326569521 0 0
25.59959051544717 25.66372965296434 0 0
26.33405084583686 27.04520165882498 0 0
29.17402283790381 29.18708097838893 0 0
29.23095533544649 29.31247036573229 0 0
0
0
20
0.5329645888869194 3.458970505892336 0 0
3.48575480590844 3.560845531116453 0 0
3.843308095103086 4.133429779335168 0 0
5.55536900859437 8.24176964683849 0 0
9.006299978793052 9.019059601334583 0 0
9.233193869762125 9.233808001062011 0 0
9.831974741675296 11.75663621774709 0 0
12.19631627931224 12.38541135097084 0 0
12.73349326705216 13.6496956647552 0 0
14.03150717384736 16.46011091535496 0 0
16.53608633350245 18.60164908696894 0 0
18.71804495075574 19.12892435437422 0 0
20.25493112523804 20.82824035386779 0 0
20.86507221738821 21.69039845392675 0 0
24.29480217751133 24.74937568747477 0 0
24.86012699019283 25.18653544926965 0 0
27.60871957732601 28.14454351570868 0 0
28.98465082804539 29.07507896568301 0 0
29.65507882585167 29.76661333174921 0 0
29.89623411346169 29.9827834640379 0 0
0
