# Status file for ctqmc. Used to save all times t_s, t_e.
10
28
0.9517644158193374 0.6615408578904294 0 0
1.608368019464221 1.460118568160623 0 0
2.757322317265224 2.559990685370752 0 0
2.970134627734655 2.767874172043587 0 0
6.441909784255197 6.208180228271607 0 0
6.523287769952248 6.522054314346489 0 0
7.6415101861185 7.039224003456699 0 0
7.986920913930473 7.689163571343336 0 0
8.313128497544076 8.000850629287385 0 0
9.051091199851165 8.844756714280164 0 0
9.383861287127393 9.165310199767783 0 0
11.38253234017166 10.33415792434909 0 0
12.03238176095423 11.48100704897567 0 0
12.41696695041254 12.07790342292478 0 0
12.80352229327886 12.451517634887 0 0
13.10339137837902 12.97619138165671 0 0
14.28533105240819 14.07891056267301 0 0
14.79259137963013 14.74817527331919 0 0
16.57945111309322 16.52023553098881 0 0
17.85985265954595 17.77025032610645 0 0
18.69649074587607 18.1432786538627 0 0
19.0487174304786 18.74409805495761 0 0
20.26503054269554 20.04764742469804 0 0
20.50746508866986 20.29536754047378 0 0
20.626709252975 20.53704123805039 0 0
26.36150765961933 25.72306577559631 0 0
26.47227150814316 26.37594510302425 0 0
27.29725479591633 27.28917225948228 0 0
0
0
25
0.08115120078186422 0.165242650044533 0 0
1.922322799544244 1.953662481608888 0 0
2.670261183029087 2.717916270568636 0 0
2.920521262211623 3.076139971134937 0 0
3.657373277678671 4.746019448591649 0 0
4.969479323048704 5.459369652887531 0 0
5.740000351651747 6.091336010400557 0 0
6.247485250078548 6.275923233666228 0 0
6.398696762969467 8.382657240813572 0 0
8.773020044304383 9.823663798289124 0 0
10.54907846857865 10.59689205781577 0 0
10.95122438564963 11.07561649009511 0 0
11.20108632347396 12.24433729557226 0 0
12.77969151227166 19.66012895231958 0 0
19.66101142561276 22.43591264381127 0 0
22.49865753609841 22.78060069108612 0 0
22.99667572453107 23.08543024003274 0 0
23.81244054764725 23.83191461902373 0 0
24.93153568856417 24.98091986988468 0 0
25.03110107647778 25.10069359598086 0 0
25.2762276564934 27.12093931038297 0 0
27.12385770104122 27.25682999643622 0 0
28.28289671502445 28.68928671657556 0 0
28.93132610394779 29.16519540649719 0 0
29.28703470772917 29.55771702273598 0 0
0
40
0.2384440487868709 0.03030199447434256 0 0
0.7223988193598236 0.6211747271630712 0 0
1.234885130739293 1.087547805268591 0 0
4.715412533192667 3.44968938972098 0 0
5.556524871007297 4.746088161620635 0 0
5.982357997066955 5.605544918098403 0 0
6.270710337946343 6.024016079362992 0 0
6.820654722214296 6.326575749461536 0 0
7.363804662526817 6.894909615883813 0 0
7.912644894862936 7.810911577162989 0 0
9.151585292883349 8.388564702937433 0 0
9.820777011764278 9.384582767519129 0 0
9.981058723906528 9.909321391033252 0 0
10.84136541102263 10.79158323111857 0 0
13.10267044581984 12.78248621069545 0 0
13.91101000619473 13.16335721661053 0 0
14.07512228700153 14.00488725524282 0 0
14.50674865169508 14.4750212872406 0 0
15.40050706420387 14.83083457159322 0 0
16.11866055252878 15.42839516397909 0 0
16.44714878370566 16.19541276270146 0 0
17.64169134589598 16.45702202456767 0 0
18.12212313190234 17.78823011141164 0 0
18.56306103446957 18.40075973078055 0 0
20.05989923631915 18.65470493975339 0 0
20.33085649449732 20.1020899168005 0 0
21.35959947085768 20.45748450973799 0 0
21.75538405742902 21.69043928070641 0 0
22.23014992611179 21.83577503607836 0 0
22.27505606838743 22.23220137693965 0 0
24.28775759119269 22.48631356097127 0 0
25.99563291564102 24.29483580966159 0 0
26.27023790480932 26.01291084794686 0 0
27.37991401873715 26.45476336285691 0 0
27.79755129514317 27.55435109463804 0 0
27.98953169706935 27.85024292961937 0 0
28.96312891312087 28.04828421768767 0 0
29.38507589463663 29.10235388111991 0 0
29.42733352405512 29.38715502631298 0 0
29.71355352185931 29.55276753519083 0 0
0
0
30
0.01461826015950507 0.2611207105265478 0 0
0.4215311425545956 0.4823978932951754 0 0
1.518659602818688 2.708699033067478 0 0
2.972369458096625 3.120043338143029 0 0
3.400078015374332 3.599491913895548 0 0
5.911764791023442 6.02663997847805 0 0
6.151239546931958 6.195334250905496 0 0
6.328540036960844 6.428520484404707 0 0
7.180626030099797 7.351002687338555 0 0
8.861006560260934 9.184972861585448 0 0
10.08249770209623 10.09869266219523 0 0
10.10122506176154 10.56820026284719 0 0
10.72735926695822 11.28731529390786 0 0
11.60890686130208 11.73988292551955 0 0
12.090265756422 12.85345544756692 0 0
13.60201991588905 13.62735117044462 0 0
15.03011715496084 15.32370238813039 0 0
15.62807471453945 15.6540503681331 0 0
16.87550736120027 17.15589129751699 0 0
18.57915748405497 19.051750719468 0 0
20.29933090479373 20.35194662651569 0 0
21.33073982844144 21.41783423681617 0 0
21.62304000098239 21.62618208702194 0 0
21.71218079467828 22.13301848732306 0 0
22.24805249550716 22.25859121345112 0 0
23.00879308910582 25.26601819818052 0 0
27.43421546034767 27.49010642094069 0 0
27.9372572270626 28.03844030150444 0 0
28.09991219644449 28.92392571931523 0 0
29.37583589110547 29.71071825240394 0 0
0
