# Status file for ctqmc. Used to save all times t_s, t_e.
10
36
0.05084014045690566 0.1208548917137335 0 0
0.5400652332642027 0.7169145914766319 0 0
1.727619031926288 1.747511789096985 0 0
2.127092146544108 2.199329530820776 0 0
2.358203697445998 2.663445547755827 0 0
2.867054737257409 2.870838900179241 0 0
3.285378500854468 3.334649793186517 0 0
4.864473452742006 4.895603921069863 0 0
5.033882750234419 5.180669450984334 0 0
5.497850951377883 6.005933147438224 0 0
6.194457404553551 6.429932896844143 0 0
6.608397640039844 6.737662481468677 0 0
7.198255667730248 9.194627531869859 0 0
9.349673884732557 9.582070631033552 0 0
10.51005975001705 11.53870823547519 0 0
12.02144340465653 12.04552315483992 0 0
12.11894443440278 12.12101458239494 0 0
12.35530614566604 12.8782799952626 0 0
12.99765966111498 13.0358341884766 0 0
13.6262127430336 13.71724354974355 0 0
14.35546383151847 14.39619309358798 0 0
14.99149246679195 14.99357476328837 0 0
15.27786888292015 15.53224406473312 0 0
16.07246406067433 16.13220718443152 0 0
16.96923975419882 16.99587605191828 0 0
17.38269290000692 17.54455638446811 0 0
18.16841127540722 18.84068705870532 0 0
19.18067101472078 19.44128065524117 0 0
20.06098743898215 20.1676754205837 0 0
20.32475138683631 22.37281597861012 0 0
22.85013962928951 24.91285981405493 0 0
25.01779435453088 25.81742181174203 0 0
25.83804287711783 26.74977063907438 0 0
26.80000701189501 26.84238718015757 0 0
26.94242864674786 28.63250455454804 0 0
28.93600783293395 28.99139962021223 0 0
0
0
39
0.6573127502761196 0.8445626520863121 0 0
1.36486575267092 1.423666980260997 0 0
1.478356380264355 1.592282771568736 0 0
1.795704280972056 2.389494170901691 0 0
2.897138693478488 3.218972576560317 0 0
3.605939620729344 3.89935482119754 0 0
3.997768084959273 4.116924217662747 0 0
4.817390560549445 4.839660287338678 0 0
5.288312450342128 5.500827681639231 0 0
6.421307813509623 6.649761253357894 0 0
6.947742166717592 7.07365816068274 0 0
7.107361744089604 7.425399718818575 0 0
7.540656309553254 8.439389202421221 0 0
8.57052484551572 8.709812542106523 0 0
9.46007656347774 9.715304136594211 0 0
9.722319709318221 9.747649244877074 0 0
9.765654498170617 9.937901614173903 0 0
9.957260076671469 10.02143084999787 0 0
10.53679946507796 10.54499965308752 0 0
10.60495154359233 13.76103902835771 0 0
13.76752023073749 13.93392389581599 0 0
14.0435339487046 15.22503474380042 0 0
15.4141513984718 15.93923482267323 0 0
15.98557837146156 16.65565214363892 0 0
16.89028811186703 17.31967547033877 0 0
17.61529215240814 17.98594489433063 0 0
18.18835020429806 18.73632505218262 0 0
18.88327455103055 19.0854732915776 0 0
19.63019475610578 19.74457845685159 0 0
20.3066323550713 20.86051572917552 0 0
20.87208435922984 21.14048047649347 0 0
21.47454414043478 21.52334084758181 0 0
23.32840325600902 24.68066008622403 0 0
25.45293273637362 25.59077397157356 0 0
25.82858949108478 25.87922864155099 0 0
25.91833564349778 26.40832179156954 0 0
27.31637597071749 27.4253911889445 0 0
28.075869950296 28.49576729831157 0 0
29.67835288985474 29.69130669674592 0 0
2
20.02292847621902 19.60856437683105 0 0
21.67945861816406 20.12791913541535 0 0
26
0.3960547735340044 0.9232182006955263 0 0
0.9579885093230669 1.211399065150939 0 0
1.971087230729634 4.994377268746641 0 0
5.340951643648372 5.730685903854022 0 0
8.925233113807016 8.927997344558674 0 0
9.127185005463181 9.441945271752623 0 0
9.559534828003921 9.628946143078716 0 0
10.24949663650001 10.62961041140145 0 0
11.01723761325488 11.27145577298008 0 0
11.72477807713346 11.99425608447504 0 0
12.58113853018743 12.63708674604498 0 0
12.86927926599112 13.04374337638842 0 0
14.12579441602917 17.88127256668515 0 0
17.92529576622618 18.32253700904477 0 0
18.38540850420879 18.46494484333964 0 0
18.69178244063616 18.69328563857388 0 0
18.70642431389208 21.90169506966793 0 0
22.56484696820112 22.69282393723817 0 0
22.90244588796633 22.93277904159856 0 0
23.43233348729727 23.4695616549725 0 0
24.26357166419762 24.36223479854133 0 0
24.70664694941187 25.8704019880488 0 0
26.39516634161023 26.49506913628929 0 0
27.27393902042513 27.36066616509142 0 0
28.33035136793358 28.34497200137337 0 0
28.64398134754821 29.92751138489383 0 0
0
0
29
1.893303366297141 1.880870959917144 0 0
2.182351820244814 1.935648492567049 0 0
2.266090449945705 2.22106621036777 0 0
2.623229375096995 2.579539000849784 0 0
3.685630122835284 3.443197788371928 0 0
3.70904790996686 3.691704998000275 0 0
4.265210590262619 3.943497170625242 0 0
8.693233551839603 7.225718754129794 0 0
9.181058877415401 9.039538350080242 0 0
12.34885925754678 11.19053909767644 0 0
13.03315606032731 12.62020238950266 0 0
14.3036089128818 13.57811263129456 0 0
15.61235752999483 14.50952389024502 0 0
16.70904404529503 15.74374132835164 0 0
17.79435648299791 17.28631924365493 0 0
17.92583685995976 17.89732404995766 0 0
18.37462868534628 18.0091024070398 0 0
19.04328459840695 18.88073776436329 0 0
19.49265312847614 19.27245659258849 0 0
19.6783287433845 19.50498273038998 0 0
20.01614376672417 19.98651429278867 0 0
21.68176556485579 20.54284562164153 0 0
22.29061601654501 21.73541522128643 0 0
23.5955765214674 22.42089985945495 0 0
24.45383276861708 24.12427432280187 0 0
24.90320919881134 24.74641611160396 0 0
25.75513158644846 25.47087115890506 0 0
28.92134266893887 27.9555848019696 0 0
28.99359338502999 28.92448609532032 0 0
0
