# Status file for ctqmc. Used to save all times t_s, t_e.
10
23
0.6574618470596784 0.2440839711477416 0 0
1.121448917034166 0.9476818459738842 0 0
1.565977044286036 1.502390511846142 0 0
5.002183446185994 1.788992852903364 0 0
5.428176780008854 5.347242749931223 0 0
6.547274181807079 6.154488441925801 0 0
8.387329635458212 6.718482998194914 0 0
9.052949215676117 8.495612801731049 0 0
13.16640975753026 13.16237428084463 0 0
15.5823279243296 13.76171055196669 0 0
16.5051366652884 15.82001072508053 0 0
17.79866584557713 16.99199651544064 0 0
19.18916324495254 18.46639984232336 0 0
20.64496179158893 20.29827371259638 0 0
21.83892867871384 21.48182797140315 0 0
22.48130972534316 22.27088130496902 0 0
23.14728139720535 22.63530448986742 0 0
23.48756459070018 23.30999257638421 0 0
24.63654288933942 23.93961291183808 0 0
26.39222990962878 25.18579415679659 0 0
27.13523276933025 26.40716978780572 0 0
28.31006671830798 27.36168833950823 0 0
29.07738146929959 28.5374795611205 0 0
0
0
39
0.2665492225810837 0.635038942602858 0 0
0.7497298632688529 0.9462614958440195 0 0
1.476907429436636 1.669650684262972 0 0
2.116258232592602 2.123895718626008 0 0
2.274812183270229 2.295188168250413 0 0
2.376428991335524 3.110708412104707 0 0
3.700058448810518 3.701460063465889 0 0
4.725503929876956 4.856438844025194 0 0
4.94566851216572 5.06846843561642 0 0
5.076945401885223 5.722014574203649 0 0
6.189256723912173 6.318243492760733 0 0
7.674538880943293 9.353004808168693 0 0
9.732714753900726 9.863747835016667 0 0
10.13004756656733 10.53993534684159 0 0
12.98738960328055 13.36466234414651 0 0
13.61863221978379 13.64431039778694 0 0
13.79752461446443 14.03104825015102 0 0
14.21964571028482 15.34262368760398 0 0
15.49767919828685 16.23931842788603 0 0
16.25204016807277 16.83962862641568 0 0
17.13564738202311 17.14155906251109 0 0
17.51389833793868 17.76737218543955 0 0
18.48126972047735 18.4941489002295 0 0
18.59652810095409 18.63584253237076 0 0
19.27831318020445 19.34395460326099 0 0
19.47865628855006 19.77188933114784 0 0
20.12217524139673 20.21592009820927 0 0
20.60372358159499 21.87372545201355 0 0
22.43723764795192 22.47048600949721 0 0
22.50070783818232 23.97531670568655 0 0
24.24017027721398 24.24377606515647 0 0
24.44755822542419 24.70631045195625 0 0
24.93774039082426 25.7371429621268 0 0
26.13809017332014 26.99390048257117 0 0
27.05034747767694 27.20590720051024 0 0
27.36109645922673 27.9941598237711 0 0
28.17669670721069 28.25926214881082 0 0
29.2424658104426 29.38940098547099 0 0
29.39701843648304 29.49431847385871 0 0
0
30
1.505901370765081 1.290939123839803 0 0
5.118496516146102 4.7332602250972 0 0
5.913911576323906 5.15705117943723 0 0
6.116062146318299 6.00978013988825 0 0
7.924535946600935 7.917342782535184 0 0
9.057825008800998 8.535881543886804 0 0
10.08622456582635 9.59404233344001 0 0
10.17214841020105 10.09193014007741 0 0
11.33915612434737 10.27506608841903 0 0
12.48123893175116 11.3581681531648 0 0
12.92729330246503 12.48561908411601 0 0
13.67248410273737 13.22348364041951 0 0
14.25910316491812 13.91610177888856 0 0
15.20766658904306 14.52241432680239 0 0
15.45015979094109 15.30631479251051 0 0
16.92747777094252 16.53924455121394 0 0
17.57098140335007 17.33517203771261 0 0
18.73729814274826 17.60435229487632 0 0
18.76551302077645 18.76482536081013 0 0
19.18666029722894 18.9250952089319 0 0
20.17381218733129 19.79568908982785 0 0
20.77879030355566 20.67373902421816 0 0
21.18772559989188 20.83998269928141 0 0
22.49175561920751 21.25427828431565 0 0
24.06695543291561 22.65852570712869 0 0
25.88001985018912 24.44250366655143 0 0
26.50060857752963 26.32675199606852 0 0
27.32660381368181 26.8879081818245 0 0
27.71014476857378 27.35853023196548 0 0
27.89838054899137 27.89270197118876 0 0
0
0
32
0.4648251452823988 0.9162012016215215 0 0
1.045659747803719 1.568906714142051 0 0
1.577257597962129 2.731432793509318 0 0
2.778008298545832 3.09689028854479 0 0
3.202323023937728 3.412902457864775 0 0
3.544991474471536 3.589986121385154 0 0
3.734953021160984 4.605530236591484 0 0
5.703938206194355 8.819342560301902 0 0
9.115993783124184 9.133091494259006 0 0
9.531884174445253 9.586100951309668 0 0
10.09282919280177 10.13489103481579 0 0
10.90890831354109 11.03050520744909 0 0
11.05722891205318 12.78136596579776 0 0
13.39500232986035 13.4235990358838 0 0
13.4672290418858 13.9635069322368 0 0
14.15345113953776 14.22411784760668 0 0
14.51786625143373 15.07617771128309 0 0
15.27585946237993 15.52642401087721 0 0
15.79827073558651 16.27895674639006 0 0
16.71487013386956 16.75096592649818 0 0
16.83343935475476 17.57261997373631 0 0
17.77516370397158 17.82653477728044 0 0
17.90518492984037 18.96905368179057 0 0
19.30113232807309 19.36991948766108 0 0
19.4723959295121 19.48282806708185 0 0
19.91323467495064 19.9964074442145 0 0
21.67686706949968 26.13898707629612 0 0
26.79573568309493 26.93925581636953 0 0
27.18028827972527 27.39106465205142 0 0
27.60946396972535 27.65910181196436 0 0
27.85996062457218 28.39751275033932 0 0
28.46165478742018 29.29188511380956 0 0
0
