# Status file for ctqmc. Used to save all times t_s, t_e.
10
35
1.145009967138814 0.1184177845027214 0 0
3.35293746803363 1.180925116036782 0 0
5.185046401675556 3.50384975087064 0 0
5.620517922842727 5.212282774999727 0 0
6.912051301507594 5.822562812557655 0 0
8.267972740553382 7.091073475263274 0 0
8.395820599422397 8.323359329614924 0 0
9.190956139834771 8.891163002837155 0 0
9.373828170704138 9.252918783665926 0 0
9.741085916179388 9.40969294369188 0 0
10.71290340383307 9.771610766569946 0 0
10.89538178594015 10.82881780955578 0 0
13.23176233679109 11.81379568647692 0 0
13.82637666991203 13.31682813083831 0 0
14.14229590293925 14.04839112436951 0 0
14.40265701072337 14.33304607203518 0 0
14.57764847872072 14.40471900514479 0 0
14.92605066728841 14.92142379090763 0 0
16.52008582983486 16.35859473438646 0 0
17.19925207254125 16.6036697552667 0 0
17.30955122768593 17.28391396960903 0 0
17.98589046802604 17.80878132297578 0 0
18.37050959434939 17.99204839717687 0 0
20.06615507364766 19.36792878506851 0 0
20.67584749761578 20.15275098929945 0 0
20.99971667065176 20.93234212594238 0 0
23.23069385100385 21.72442113390012 0 0
23.85288916975827 23.23648645096062 0 0
25.92447149448739 23.94726871704646 0 0
25.98659319125852 25.9369397781738 0 0
26.1811407754026 26.15084359009344 0 0
27.47977352520198 27.31658868473926 0 0
27.73192045400928 27.65196477214077 0 0
28.99361550913824 28.20474928928666 0 0
29.98700324930621 29.46881421324419 0 0
1
13.85019063949585 13.60557675361633 0 0
0
33
0.04750524575350212 0.1458769440200349 0 0
1.888888064079561 2.025526401761776 0 0
2.837869140373939 3.005289625903915 0 0
3.857663671712389 3.987138605342513 0 0
4.049583366362468 4.254515087730388 0 0
5.263381858044776 5.842288294949762 0 0
5.958032279720801 5.971547098252443 0 0
6.122301425085431 6.168213352855741 0 0
6.419140668328454 6.862182395576699 0 0
6.944412181583214 7.706064323166595 0 0
7.748681874887129 7.928809796968054 0 0
7.934626640331382 8.160749196347014 0 0
9.866638356747828 9.97085376907207 0 0
10.43382490790032 10.47561417271999 0 0
10.54330411150296 10.58650070621757 0 0
11.14949991652205 11.22783972098459 0 0
12.51177511305899 12.66982346328848 0 0
12.92274847030048 13.21244809957262 0 0
13.35641031681981 13.63949157497624 0 0
14.31153209394176 14.36672735594273 0 0
15.2967649325431 15.63338201767477 0 0
16.6913173813576 16.93529319770679 0 0
20.00764202919223 20.03562796589709 0 0
20.7261130621349 20.8007812289912 0 0
21.4602747308879 21.62447293565915 0 0
23.26366534387803 23.31531877893611 0 0
23.53387258492384 23.72766042932096 0 0
25.1546272298719 25.44096540458178 0 0
25.46147738195933 26.35863495996311 0 0
27.70069273434848 27.83374087072568 0 0
27.92456680460334 28.73380664884736 0 0
29.15173593314846 29.20209159670357 0 0
29.29214311762269 29.95718424999568 0 0
0
29
0.5061382282398024 3.451130606978362 0 0
3.818896066377122 6.208870513868691 0 0
6.355972895921162 6.56076179830584 0 0
6.807249253328412 6.928395427456439 0 0
7.243892552034602 7.258991006392985 0 0
7.281431191542745 7.333838155028568 0 0
7.387158551662077 11.20029815065853 0 0
11.35666821228769 11.36760062492514 0 0
11.70399511063983 13.38825955511959 0 0
13.42867236891877 13.51728538741528 0 0
13.60307780194763 13.81466271562381 0 0
14.34529100799594 14.55784160561573 0 0
15.31968096889176 15.55399605796609 0 0
15.71884110549429 15.77979614654806 0 0
15.832471863414 16.36534092639846 0 0
16.62734411751438 16.73809658442839 0 0
16.86968253775961 17.40151461877657 0 0
17.66133694162919 17.92063753096105 0 0
18.74242928024914 18.92137698447044 0 0
19.13530413695944 19.18898633448112 0 0
19.376980727658 20.49635910922699 0 0
20.58769801523998 20.62843022212376 0 0
21.50234021023068 21.67051079269873 0 0
22.01387780404637 23.01334654023674 0 0
23.01509094280796 23.8463629112423 0 0
24.07126362908209 27.62739057740655 0 0
27.67305091735624 27.83372113175991 0 0
28.55368147062095 29.04104666466006 0 0
29.53560774586788 29.56872180170237 0 0
0
0
20
0.1110465527131694 1.637816902171383 0 0
1.744922390867179 5.676319494009545 0 0
6.751069512334797 6.820571332545024 0 0
7.567948740982274 7.688848468203779 0 0
8.278008152946491 8.338905684056753 0 0
8.470236802803033 8.487110640665158 0 0
8.831493510934857 10.00942412021267 0 0
10.01336955825734 12.59721275875129 0 0
12.76049208524693 12.85698507227054 0 0
13.56078130251619 14.04924873642129 0 0
14.27860320114918 14.65806911410093 0 0
15.0960506968753 22.43102997860747 0 0
22.43917905971851 25.98048725162636 0 0
26.73183992116672 27.18202602991146 0 0
27.33704083364426 27.63496632381212 0 0
27.81128473187579 27.83123762456356 0 0
28.23747205262828 28.35682341910812 0 0
29.1807489873537 29.27387783972004 0 0
29.55519913258384 29.64743770738514 0 0
29.7375381393987 29.75679791074712 0 0
0
