# Status file for ctqmc. Used to save all times t_s, t_e.
10
33
0.9808230261532223 0.5546605467354452 0 0
2.040061248507894 1.245778669749649 0 0
3.466138638208548 2.124898236083066 0 0
3.959546753091266 3.602371798861383 0 0
4.732456411278857 4.067357269249526 0 0
5.118509508129208 4.748893914291894 0 0
6.222951517883055 5.414265199994349 0 0
9.331287566372966 8.917329877902718 0 0
9.515084015911057 9.361059422661253 0 0
11.08513469255309 10.35358672851739 0 0
11.46962742139644 11.23275256148834 0 0
11.6219171376732 11.47028018834973 0 0
12.1383296209811 11.77780810644289 0 0
13.10909816826586 12.85756900020853 0 0
14.67465245540863 14.58686637420561 0 0
16.16923227025288 16.05628654625227 0 0
16.37193335381211 16.33082267269618 0 0
17.38397881993118 17.34915864190693 0 0
17.88176493564061 17.46538555574869 0 0
18.88004236556953 18.48815599906572 0 0
20.22036275175208 18.93428967036247 0 0
20.56474705767921 20.227374557878 0 0
22.75896307556928 21.00163159780299 0 0
23.79165288593431 22.85506124149519 0 0
23.89319761467555 23.84928724524141 0 0
25.59426882879866 25.35430930550042 0 0
26.00410836376293 25.86487698210813 0 0
26.26245689155531 26.24887273772514 0 0
26.59973491719576 26.27298887441475 0 0
27.04930494035748 26.64024583886943 0 0
27.72766506310789 27.25753473899617 0 0
29.34200139068458 29.29490153887163 0 0
29.95476616585954 29.38964456088581 0 0
0
1
10.47989845275879 10.40188372135162 0 0
40
0.003233086685426656 0.2073725126099467 0 0
0.2485885039147575 0.4386350395860106 0 0
0.8943594200111731 0.9693370622052567 0 0
1.508533498589948 1.525177526257873 0 0
1.786973679373296 2.581768445304054 0 0
2.629227205996986 2.635490584323724 0 0
2.926514520161844 3.171738321273208 0 0
3.895185134655739 4.283996153715795 0 0
4.801631492431135 5.088174986026694 0 0
6.217658860267974 6.492994831874602 0 0
6.778839628978971 6.88047507497686 0 0
7.389145459170177 7.429323662267779 0 0
7.49203379198304 8.084328208948294 0 0
8.227644749910757 8.283367298489797 0 0
8.694894131587615 8.835013087867216 0 0
9.51184317058731 9.567366360398811 0 0
9.771419927953595 9.813180401360095 0 0
10.29812494656259 12.62836260750362 0 0
12.68480520963396 12.78942909431857 0 0
12.84185550958398 14.25874239392031 0 0
15.21536537958733 15.37878867817642 0 0
15.80075192695803 16.2487606484685 0 0
16.27318734389102 16.33169262039116 0 0
16.56889158062707 17.91876080730517 0 0
18.13575061202074 18.17110569699107 0 0
18.4191603143858 18.75379940428919 0 0
19.00946922140254 19.51293109533299 0 0
20.43351501607108 20.5048161102035 0 0
22.70926355707792 22.91783743375469 0 0
23.03806826879295 23.45484799724467 0 0
23.51313970734394 23.70272458273257 0 0
24.34170894873777 24.39401351731808 0 0
25.22667740286747 25.6836917243165 0 0
26.45675125404476 26.58270456411912 0 0
27.04098611502042 27.81579111481626 0 0
28.23725307460302 28.58777930674485 0 0
28.65264786366316 28.88721169598938 0 0
28.91069428203297 29.06282173924938 0 0
29.22975828062335 29.23176178440828 0 0
29.90129864369086 29.9854340917931 0 0
0
27
1.319059727178499 1.292371056661573 0 0
1.434779951133584 1.377491466486222 0 0
4.165580658835855 3.996422985118805 0 0
4.414783908015907 4.204933234863298 0 0
5.473274667297103 4.995676809885031 0 0
5.80529381050232 5.514424387954588 0 0
9.004330483074799 7.19611457539189 0 0
9.512593631925867 9.495219603736619 0 0
9.805892916324916 9.684486342483726 0 0
10.35265311158248 9.983847610354925 0 0
12.05041282761708 11.04505985535972 0 0
12.37546384955092 12.1895615487623 0 0
12.74279306090134 12.54582833196758 0 0
13.3867144643625 13.08667663166562 0 0
14.57616570460533 14.20639316403297 0 0
15.32605964671118 14.70678527604065 0 0
17.25517062109304 16.09350441725656 0 0
18.07928134984776 17.8050177703981 0 0
18.87978822582908 18.67942969066464 0 0
22.92203297272393 22.89676203838024 0 0
23.25492331979686 23.05527955054206 0 0
24.77192613999612 23.93554594357715 0 0
25.32145426555532 25.25164389593355 0 0
25.70629074528623 25.46868069955041 0 0
26.39720966037224 26.37773150544861 0 0
27.28776412104641 26.78755201231158 0 0
28.45225054516432 27.92369944756574 0 0
0
0
31
0.1642328412397021 0.3359242860348261 0 0
0.6253768440309546 1.906832693363475 0 0
1.976977658034063 2.077224410124383 0 0
2.419325240459351 3.526495161517385 0 0
3.541535708188285 3.58066368192055 0 0
4.058052735770231 4.131826688302833 0 0
4.162156056470199 5.206845459744339 0 0
5.608714199448542 6.292587650981194 0 0
6.427481422874287 6.551772807306089 0 0
8.571993322166236 10.03796770205964 0 0
10.76444746121613 10.95134529549224 0 0
11.59919386017873 11.80680836746297 0 0
12.04641771452594 12.37727258704233 0 0
12.65313693830389 12.74240794020947 0 0
13.10904083842755 13.14481692634341 0 0
14.32402160540593 14.33825973238861 0 0
14.54713301510392 14.75065500355009 0 0
15.42541283297984 15.58079172385284 0 0
16.04008369278692 16.3360336108186 0 0
18.15890738932079 18.16428953546206 0 0
18.6067057581559 18.95944815791158 0 0
19.34194700283861 19.54180601626869 0 0
19.54528801189416 19.72907455778544 0 0
19.74473751689403 19.75202723255637 0 0
19.99358309086182 22.20295794364621 0 0
22.39716773625852 22.48634068403817 0 0
23.23645023713267 23.47705679714321 0 0
23.67740012996481 24.57168597413396 0 0
24.95677771366594 24.96815035490123 0 0
25.42401308703661 25.55368043378315 0 0
26.36513707068496 27.01316958339007 0 0
0
