# Status file for ctqmc. Used to save all times t_s, t_e.
10
21
2.306991255150753 2.032912246683332 0 0
6.552584180627106 6.382105385689883 0 0
7.316996037361277 6.860421626422841 0 0
9.88243631862659 9.600743844732733 0 0
10.34998674551369 10.22465369509071 0 0
11.15146827193792 10.49971258575102 0 0
12.66231413211016 12.61138519429148 0 0
15.12905628989603 14.64241940323131 0 0
18.50304444515288 16.86310721232573 0 0
19.64300093206825 19.41318045414339 0 0
20.08866749199503 19.77634336627568 0 0
20.49552983451803 20.38217611236955 0 0
22.07259233398255 21.18015537156923 0 0
22.38868304790759 22.1698364311604 0 0
23.30416546097378 22.92737850324453 0 0
24.37153992179572 23.91729419045294 0 0
25.09423932339905 24.81234548710882 0 0
25.23001683781473 25.11473883839589 0 0
27.82659695161366 27.781614786635 0 0
28.21129158620057 28.04275840303964 0 0
28.8533897749527 28.51003511046773 0 0
0
0
32
0.7957712578688529 0.3555501613976126 0 0
1.87334252059345 0.8509541285892238 0 0
2.105528446723982 2.003842161043723 0 0
6.194903664081616 5.251113717079538 0 0
8.306827754261596 7.638990449726821 0 0
8.687018372772268 8.344335814664891 0 0
9.972967649086199 9.44007668521915 0 0
10.05420229088715 10.0401139976987 0 0
10.78333215957718 10.05950063365531 0 0
11.77223252860941 10.93934526750415 0 0
11.95750458458567 11.78316351327241 0 0
13.83659443807109 13.73637113377029 0 0
15.33381134215686 15.29726835201906 0 0
15.82832512072765 15.66177444745724 0 0
15.98503927378579 15.98474679892937 0 0
16.99142516633778 16.1916925556075 0 0
17.50598699712495 17.04038020203685 0 0
17.95286420728552 17.65496330826481 0 0
18.81410979217526 18.14048979592863 0 0
19.23372056414434 19.02621750125372 0 0
19.91522601937687 19.30852041915171 0 0
20.28998896534278 20.0941780104982 0 0
21.39593425677051 20.54418654547321 0 0
22.19984940367701 21.58859466387076 0 0
22.41905730257223 22.32051424530637 0 0
23.83075728414746 22.55994009089472 0 0
24.73984305490864 24.31614899740232 0 0
24.88269630280629 24.78976533692408 0 0
25.38214154413766 25.32565710635357 0 0
25.72972365232802 25.51653316112563 0 0
29.04441960801396 28.96759481153169 0 0
29.59656456546855 29.134492675572 0 0
0
38
0.7073783874961501 0.6661513908379874 0 0
1.041753466943698 0.7645646960436601 0 0
2.052166089484596 1.169781668215818 0 0
3.341029849713007 2.319056436707192 0 0
5.205989007644067 3.442629356859002 0 0
5.569337085151877 5.504119257358676 0 0
5.88528213087065 5.635223323142742 0 0
6.639352204138036 6.167720850142651 0 0
7.219428856000601 7.164148286723697 0 0
7.306316217412986 7.296378486822612 0 0
7.88572968040519 7.361136589385801 0 0
8.064594275486943 8.035988481333183 0 0
8.829286302517337 8.375725164977824 0 0
8.997236020370854 8.953724029127946 0 0
9.593921509403334 9.054265057228184 0 0
10.49279178215225 9.974482030476821 0 0
11.08516556897704 10.65543216906688 0 0
12.29004718866676 11.22711921767641 0 0
14.43811455011268 12.44550982082672 0 0
14.79860138273435 14.50817632565201 0 0
16.83569302005468 15.50463810653521 0 0
19.01397676568466 18.58223106673405 0 0
20.01977778527891 19.04740279806833 0 0
20.27521466849434 20.17626288674591 0 0
21.25768596316477 20.67366427825899 0 0
21.59072068968814 21.33503603891295 0 0
22.64843871095135 21.86895310917415 0 0
23.01323493777079 22.77946725969809 0 0
23.79022174291536 23.1047514265039 0 0
24.38638152310378 23.83387091047187 0 0
24.77736663431474 24.64900416416308 0 0
24.86977394345793 24.80377198162018 0 0
26.07075085915646 24.91726484316136 0 0
26.42894949206982 26.21008199982424 0 0
27.27646943813329 26.68962618294761 0 0
27.62359582782095 27.34932169533475 0 0
28.5016124762838 28.19747109302863 0 0
29.98894434121546 28.54506849529499 0 0
2
0.4377526044845581 4.002750680397269 0 0
4.08722376783242 29.93472933769226 0 0
0
25
0.9449475385005712 0.5399800916570258 0 0
1.527653521589841 1.491729959085805 0 0
2.718597326998459 2.442030598248595 0 0
3.778356326330639 2.808635313970767 0 0
4.272454831871674 4.271371713245961 0 0
4.82193212106936 4.37330148741191 0 0
5.788748062346882 4.922549275890113 0 0
7.218959648859448 6.244906062637129 0 0
7.975493080524827 7.584777763605424 0 0
12.13017404728108 11.96161498063502 0 0
12.36120728361603 12.22911726133642 0 0
12.90125551358578 12.40688770504236 0 0
13.99434454683486 13.47278958666475 0 0
14.67820814305562 14.02202867830533 0 0
16.09733384813216 14.70960500772979 0 0
19.87716304450138 19.85849150689792 0 0
21.55249045104699 21.34197779575862 0 0
21.92705812846127 21.75777332638017 0 0
23.32134159424715 23.11990256589498 0 0
25.21545196577509 25.14884763495528 0 0
27.87680986976317 25.57133456547461 0 0
28.51723900111958 28.06698234801759 0 0
28.78239172672006 28.67704620814939 0 0
28.93667392181997 28.8909409156256 0 0
29.88055742245569 29.18350426090439 0 0
1
0.461890697479248 29.79155302047729 0 0
