# Status file for ctqmc. Used to save all times t_s, t_e.
10
27
0.5357471800016846 0.1922773753645686 0 0
1.542002163837492 1.053889963434859 0 0
2.580136754052206 1.693035582070612 0 0
4.829050238570703 4.007354529748874 0 0
5.568287959096313 5.527685037791193 0 0
5.845979042025446 5.604334056657696 0 0
7.431540739970343 5.855460637185979 0 0
7.779269376934103 7.501230691648802 0 0
8.76943361172831 7.925837172969062 0 0
9.961587755672646 8.875252328934783 0 0
11.92503544358967 10.08140157710541 0 0
12.13669368916289 12.08333349030559 0 0
13.58918710704522 12.20999774839232 0 0
15.63842148459833 14.06052014513469 0 0
17.2514657128763 16.04428948643333 0 0
17.71294709142816 17.42419563525125 0 0
18.07040655088694 17.983046551541 0 0
19.90922434904352 19.62252421905965 0 0
19.9561653714815 19.94585129184426 0 0
20.4528153702412 19.96076709077788 0 0
21.17565020670591 20.76378846313341 0 0
21.60347282577389 21.29117583554513 0 0
21.86964173337543 21.61728847331225 0 0
22.27661135023379 22.24521501786657 0 0
26.32873007513946 25.99679614068582 0 0
29.5720447493377 28.84422592214093 0 0
29.88543930080385 29.81692024977617 0 0
0
0
32
0.4777853679149651 0.8792259766986601 0 0
1.151498085157394 2.019330065123631 0 0
2.087544541824812 2.210710748943027 0 0
2.224170846610408 2.542852254308429 0 0
3.294324696972298 3.378600091036938 0 0
3.620628280436397 3.716669057752407 0 0
4.386778698222494 4.794730919208304 0 0
4.838613585725326 4.90172235415688 0 0
5.363356785951542 5.382662735816325 0 0
6.107528200570734 6.513014347132031 0 0
10.89639399960559 11.20919225373098 0 0
11.23833429511695 11.2805991293443 0 0
11.28789429501116 11.3732305323952 0 0
11.45513159867509 11.52134623545861 0 0
11.52677725358982 11.72722819577123 0 0
12.83767875828003 12.84739218420774 0 0
13.14447176466729 13.16803601609398 0 0
16.64956082274312 16.7480571733852 0 0
16.92510272098469 16.99995796160593 0 0
17.56157694570255 17.64302818924013 0 0
18.8057157560099 18.97535975508 0 0
19.45449563894747 19.52811643263314 0 0
20.98483260030696 21.77592719522643 0 0
21.9216969136161 22.14627945606078 0 0
22.3639834784655 22.55019414690231 0 0
22.86685360333443 23.78312375130242 0 0
24.38559623402791 24.86107303982767 0 0
25.0384586024449 25.61928934909547 0 0
26.21516280552405 26.31428326566659 0 0
26.34402800560225 27.15078521516569 0 0
28.59591488757525 28.70465142807169 0 0
29.60823582681451 29.85064416023969 0 0
0
36
0.2534390515441167 0.3358115966515598 0 0
1.038698243501035 1.285778642717901 0 0
1.511506056010294 1.589230156097679 0 0
2.390808652197792 2.923898443088729 0 0
4.02584075781986 5.106394641666704 0 0
5.2026580572536 5.269384803607077 0 0
5.79216893183267 5.924529396407435 0 0
6.163800593205528 6.722555523548856 0 0
6.754464988071434 6.788108223356025 0 0
7.263664359190884 12.35558543940364 0 0
12.65556404887006 13.79910012862436 0 0
13.87242738076823 14.14013606604731 0 0
14.1661425634177 14.43442620453637 0 0
14.7468101149369 14.95376309057635 0 0
15.1152288788506 15.27356834999693 0 0
15.35453392485599 15.768424990256 0 0
16.49449959529255 16.88463909588646 0 0
16.92758681736099 18.38246320572707 0 0
18.88949704551332 18.89604797032671 0 0
19.04913966225617 19.95645549343345 0 0
20.01546371248229 20.953148566065 0 0
22.00303456711953 22.26299399496107 0 0
22.62011700214734 22.86614362717959 0 0
23.17856225518682 23.30238691981817 0 0
24.00058944437232 24.03286317250178 0 0
24.04517977419251 24.06865502149838 0 0
24.076245816714 24.31266644224743 0 0
24.56324784948816 24.62951332702601 0 0
25.17910530327571 25.3054232749023 0 0
25.94828334706264 26.47423585929489 0 0
26.51546237279369 26.62624282605771 0 0
26.82033195327446 27.12137362232602 0 0
27.47567042686263 27.70039931827773 0 0
27.98385070664065 28.08310656154489 0 0
28.22186276789677 28.24697701530238 0 0
29.0327557099705 29.60031595844358 0 0
0
0
27
0.8208958712336579 0.567859581909218 0 0
1.906529780895931 1.250314070904253 0 0
3.391166839606432 3.349537327121567 0 0
4.179573981374957 3.708409739828622 0 0
4.387173908764732 4.311474755413224 0 0
5.109424419982527 4.393010204688649 0 0
6.590589181545802 6.353308318164922 0 0
7.486394177775848 6.76344050550596 0 0
7.525415021078886 7.490612583609127 0 0
7.927843672915818 7.920610359961899 0 0
8.440358687962007 8.276216502650852 0 0
9.547404252468422 9.483791859286331 0 0
10.18909050041518 9.995568621463493 0 0
13.31809513273059 13.28566392418458 0 0
16.73782543373551 16.61919690035283 0 0
17.42720083763435 16.93061508813985 0 0
18.72644125058362 18.57468865943275 0 0
19.86984022872172 18.99399715211998 0 0
20.33099705705349 20.27153390658092 0 0
23.90500459489423 21.90026345895317 0 0
24.48112342749855 24.25596388872978 0 0
25.65894229202008 24.57291643740988 0 0
26.79795755016859 26.19964472820046 0 0
27.75878214390697 26.84561086875734 0 0
28.17014856155386 27.9725295041845 0 0
28.73096927317586 28.43336615942703 0 0
29.99995968715903 29.25689418633306 0 0
0
