# Status file for ctqmc. Used to save all times t_s, t_e.
10
32
1.204432373355007 1.040757399139956 0 0
2.08767950732498 1.553969965040329 0 0
2.197371151924745 2.148357743626525 0 0
3.901221218947068 2.261479395214705 0 0
4.077867042191689 4.04777727296332 0 0
5.586429481581877 4.271287450815012 0 0
6.292895815522009 5.61359188183744 0 0
6.98648687880382 6.562450973979757 0 0
7.485548136375609 6.991908726562445 0 0
8.075047082148618 7.512534430654986 0 0
9.096811017686564 9.02205218225728 0 0
10.98229044514132 9.2969816096846 0 0
11.37031779642592 11.35834940394126 0 0
12.27535389655028 12.22390180956408 0 0
12.4381046618751 12.34067150419684 0 0
13.11379554352723 12.91751543904581 0 0
13.42207826721523 13.33178205992033 0 0
13.52182935718682 13.47146020192947 0 0
15.22283554869688 14.68716172387152 0 0
16.5760243928779 15.30969511605723 0 0
17.92018827998927 17.51761247287585 0 0
18.75981847689226 18.45355748742211 0 0
19.70117931181362 18.99305694351352 0 0
20.05991223515812 19.87036069821774 0 0
23.26681719705191 21.22402141828011 0 0
23.40910719372937 23.3718244632408 0 0
24.58428295181735 23.70006176806894 0 0
26.29360393283795 25.05553842050685 0 0
26.95495373413809 26.29399152492444 0 0
27.15343550133903 26.97142518614039 0 0
27.83244275832517 27.65794239861665 0 0
29.99632308842903 28.17910154367887 0 0
0
0
31
1.52513413217618 1.492886120087845 0 0
2.907303865654639 1.756077490310974 0 0
3.739888874148956 3.370982905900289 0 0
4.923242505061531 4.890544042502298 0 0
5.089709554992929 5.022367595997413 0 0
6.128297747001594 6.032258356824835 0 0
7.032397583933582 6.418052120868496 0 0
8.035548845441259 7.249403776173523 0 0
8.81001086022944 8.060105882173913 0 0
9.175250114222431 8.844404984286578 0 0
11.44869845162862 10.5760857335731 0 0
12.02035886658094 11.50523853558412 0 0
12.92938759293097 12.43950013881716 0 0
14.25478804569759 13.74991448352493 0 0
15.29556516854367 14.80187200741487 0 0
15.51289565946833 15.337189211789 0 0
16.62043373606819 16.23121785752576 0 0
16.88638154964386 16.69572961252856 0 0
17.60440037726783 17.10370883133301 0 0
18.33417106703534 17.6176073407234 0 0
19.06666204138035 18.68565863418949 0 0
21.18970057484642 19.47948280116304 0 0
22.54506912667536 21.67178288299291 0 0
22.96406300018432 22.56685209876276 0 0
24.15633483993823 23.01511774193841 0 0
25.28815587718782 24.2197391468104 0 0
27.01395262447391 26.44874553544881 0 0
27.37850965461007 27.18959347089943 0 0
28.15855558588652 28.12236555580607 0 0
28.52655251397075 28.42243573282133 0 0
29.38396319446285 28.59016926257169 0 0
0
33
0.7131245188340429 1.385890457398453 0 0
1.418263824309343 1.479839836682787 0 0
1.69331240061971 2.373760179724753 0 0
2.463171624534093 2.672280759744398 0 0
3.205994762837608 3.807148436329163 0 0
4.237460206577603 4.369690909789565 0 0
4.550187912901123 5.770739672526894 0 0
6.083504682962106 6.104396907049517 0 0
6.464323924470878 6.989143630008457 0 0
7.136559493518871 7.20674113644537 0 0
7.243700507571879 7.595010744095646 0 0
7.72826720817197 8.040830314678905 0 0
8.777596663474119 10.33211876084057 0 0
10.54000838215034 10.67297924991332 0 0
10.7995012770582 11.0995772742069 0 0
11.48647257664656 11.60193394516425 0 0
11.72804191831104 11.78104859611893 0 0
12.16451553042698 12.702995011253 0 0
12.77183348367791 13.2378422059066 0 0
13.24288239862598 13.64114161240909 0 0
14.53211141976945 16.31063679312146 0 0
16.42971510222319 16.54071437340516 0 0
17.07389779995687 17.11473909288123 0 0
19.28289815494019 20.08899490817583 0 0
21.06745073749243 21.19871343295902 0 0
21.65109635799455 22.73234399877088 0 0
23.763007860692 24.05025905151055 0 0
25.03277711735053 25.25199639283946 0 0
25.52232070202793 25.64237512269526 0 0
26.52216141943068 26.5891708537735 0 0
26.71574146607729 27.06168034287511 0 0
27.20960761089678 27.21277837443578 0 0
28.51439933605744 29.5723665458682 0 0
0
0
24
0.5509168273696083 0.6044581242589296 0 0
1.405034934274532 2.162827290310514 0 0
2.166095369269952 3.607455766070061 0 0
3.901565562577807 3.91635392978617 0 0
4.153710389261624 4.236704390265586 0 0
5.501702373442409 5.619393335054112 0 0
6.518759212234905 6.66028936597274 0 0
6.989899645037793 7.233488813055389 0 0
7.374404250514107 9.109535087359314 0 0
9.236679296155744 9.303545568949735 0 0
9.386206435085214 9.484587130862801 0 0
9.534100015926564 9.672396188231614 0 0
10.06726712751934 10.27166468757255 0 0
10.62091191251593 11.57171541228966 0 0
11.72678936124902 11.72682268683238 0 0
12.333797292541 12.76983610174945 0 0
13.20200219074161 13.50326353046412 0 0
14.2351401809947 14.3591280182968 0 0
14.69565824021445 15.04847072891312 0 0
16.19019583542703 16.75533157669739 0 0
17.44785631344143 19.90065468964527 0 0
19.92437327962086 24.59318914826774 0 0
24.61426809791477 24.79283219242815 0 0
25.01155203383307 29.95282427989696 0 0
1
3.413969278335571 3.08566153049469 0 0
