# Status file for ctqmc. Used to save all times t_s, t_e.
10
31
1.282631495536916 1.242549162912892 0 0
1.810621704607198 1.367172551036426 0 0
2.177505896402377 1.886383974811875 0 0
2.83770361644479 2.356255570963434 0 0
2.94306414731851 2.89298928261397 0 0
5.124830300592238 5.090411569632415 0 0
6.571234994955164 5.319161240603843 0 0
6.681538272739938 6.63296708171193 0 0
7.251921709361782 6.792162567573386 0 0
7.824108133528308 7.260549327898122 0 0
8.195453092964739 7.875432998031592 0 0
8.722669067500139 8.290671963284286 0 0
9.642363508299749 9.03628315329915 0 0
11.85260869200959 11.52293982990179 0 0
13.86253908048312 12.63408735636635 0 0
14.61481705948716 14.11964503682377 0 0
14.82109891776071 14.72155392743592 0 0
15.41094735233319 14.85553031220218 0 0
15.6789787228181 15.54674638750647 0 0
16.57941312414552 16.30413233341072 0 0
18.83276336829325 16.72437528127997 0 0
20.53517095301153 18.85342982422905 0 0
22.71946181207196 20.94602626990028 0 0
23.54453631824883 23.25375625346997 0 0
24.89835877645356 24.75777309454371 0 0
25.98172766990711 25.2157804411555 0 0
26.42847604110042 25.98674195116769 0 0
28.49280146265872 27.20155002034755 0 0
28.80731333796765 28.68183613675525 0 0
29.59436955179424 28.89352197569024 0 0
29.83433528979124 29.63982698033922 0 0
1
2.701776623725891 2.561062574386597 0 0
0
30
1.714248300092019 0.1738327236310463 0 0
2.413900732923066 1.760864510694726 0 0
4.193613454094584 3.464781178150322 0 0
4.878501091106211 4.275716543327197 0 0
6.270490230184206 4.897447501621245 0 0
7.922128624302417 6.335787158585004 0 0
8.388811256907507 8.087898890760762 0 0
9.48698063910636 8.618636170175561 0 0
10.50165094867425 9.647279944553773 0 0
10.95071356780332 10.92605561573596 0 0
13.3586050548424 10.96015052469135 0 0
16.6238755106038 13.36081824340524 0 0
17.48981557620105 16.99292039710403 0 0
18.32496338047598 17.71908805165305 0 0
18.78141800586475 18.56517359000946 0 0
19.40853977918878 19.21322623311785 0 0
19.62285404676659 19.58479952590928 0 0
19.79236530433491 19.62787999370236 0 0
21.15796770244721 19.8240506664237 0 0
22.15683855178164 21.28033100341844 0 0
23.09251681962612 22.97437623618235 0 0
23.68379313499467 23.3113203194834 0 0
23.94205100908832 23.81138683753915 0 0
24.31445117643903 24.25331610005774 0 0
24.42066995957928 24.35747303608942 0 0
25.24452855800715 25.12935251326216 0 0
26.04160592254116 25.45842260979795 0 0
27.0730527424708 26.62753074303209 0 0
29.54574846847391 29.48045173863274 0 0
29.65681463523525 29.64014983148787 0 0
0
28
0.7590772584286114 0.8902012355782427 0 0
1.163246668879902 1.168049131800139 0 0
1.23211147042058 2.515808844899537 0 0
2.710637468414716 2.879804826011373 0 0
3.49276406215119 3.595945167747687 0 0
3.928941134817611 5.400265600888594 0 0
5.434603076065945 6.599127633663994 0 0
6.932584029371458 7.839386218055324 0 0
7.918241954050671 7.979554025332176 0 0
8.341592185140712 10.34883086912994 0 0
10.453100454197 10.47384441496803 0 0
11.48869885074615 11.90798409528654 0 0
12.00933519191917 13.23398483411986 0 0
13.3832085083183 14.27592666853575 0 0
14.96863209824173 15.60481331161686 0 0
16.91883291640497 17.7768356328177 0 0
17.81727640060824 18.78164516630131 0 0
18.95435325055389 22.76625131463549 0 0
23.08333627734062 23.30501670885606 0 0
24.17697101160542 24.22835114346848 0 0
24.51974519695383 24.66171769668464 0 0
24.90123735164011 25.24554720917733 0 0
25.35443544698452 25.3775842242516 0 0
25.66218127964439 26.53434299095498 0 0
26.80567120159613 26.89485567788633 0 0
27.21540215039198 28.63400980088109 0 0
29.12002565723335 29.39023193627759 0 0
29.43967776001458 29.5904272240791 0 0
0
0
26
0.3781581577855054 0.4580602946777684 0 0
0.8778665697819714 0.9654187384579116 0 0
1.160274236181393 1.301472413632914 0 0
2.405706172397156 2.895041005594243 0 0
4.952320392679551 5.160739236739451 0 0
5.251525094224657 5.716456821366109 0 0
5.839936287775066 6.165725403907965 0 0
6.400830370648826 7.406841235768062 0 0
7.625399717169471 7.63045882838248 0 0
7.647954848247343 8.071247372777218 0 0
8.222960146845628 8.311034268642068 0 0
9.606674992850062 9.668266629019715 0 0
9.776547639421491 9.803152213094121 0 0
10.13429877782154 14.8117692277496 0 0
14.88762298683206 20.43424585466164 0 0
20.81334249350132 21.07828417441353 0 0
21.46537028106069 22.16121467120859 0 0
22.38496632749211 22.49006806720659 0 0
22.66711264739798 22.93962911121552 0 0
23.2900168549513 24.05148964994001 0 0
24.33680905938153 24.5329063246497 0 0
24.9319384663369 24.97159625948307 0 0
25.37840519034899 25.98823670666122 0 0
26.03027987370766 26.05334634676347 0 0
26.4890521009589 27.69788277809058 0 0
29.20633181005657 29.60160452406856 0 0
0
