# Status file for ctqmc. Used to save all times t_s, t_e.
10
24
0.7612720295479055 0.7658276861536079 0 0
1.248309684502539 1.291161345241859 0 0
1.596361995110488 1.628189355973205 0 0
1.638937196238315 1.967173247966356 0 0
2.317379118203335 2.678852608385854 0 0
3.988115483765446 5.754169072430166 0 0
5.81577279873389 6.029881574985957 0 0
7.551901334614449 8.09635268600778 0 0
8.70206370509055 8.815808709135968 0 0
9.463555131851985 9.545111423634204 0 0
9.762966999305901 9.916084971605398 0 0
11.92672538921277 12.00917656629207 0 0
12.06517156279933 12.62792120204952 0 0
12.67219481133622 12.81458497580537 0 0
14.26181997157921 15.08870125679219 0 0
15.54086063264802 21.24804354244431 0 0
21.4540345547314 21.60974722574496 0 0
21.97405558106326 22.18434693218599 0 0
22.60141984303684 25.7716600385711 0 0
25.9112211631235 27.87740029480552 0 0
28.02714401570923 28.16802106070172 0 0
28.36517634654708 28.48220982298011 0 0
28.95995810938198 29.29229302578045 0 0
29.38153342644751 29.51843723606881 0 0
0
0
27
0.4690291170596339 0.1128693813003778 0 0
2.218019344620047 0.5028883586613517 0 0
2.42593468492415 2.339252870561884 0 0
5.138459889670544 4.534105120196616 0 0
5.446213703889823 5.392054119723936 0 0
5.624872303584474 5.555783323810576 0 0
7.227407525185983 7.059664662797645 0 0
10.23921138117735 9.98134008937558 0 0
10.71180324843966 10.299922594148 0 0
11.27564876802703 11.1628649324016 0 0
11.68336096131202 11.48486126237377 0 0
15.12933209141262 14.67551484881082 0 0
15.86511970937521 15.81028425550731 0 0
17.5566237812387 17.46136419001267 0 0
18.82985861313935 17.8659615311656 0 0
19.23592562258108 18.8973362497191 0 0
19.82670330005747 19.70804509869103 0 0
19.94317431217775 19.83317833071587 0 0
20.85625452526573 20.13298175955189 0 0
21.24475096552899 20.98621534837049 0 0
21.88383475073016 21.65946194800933 0 0
22.91007221099863 22.59832552338081 0 0
23.64131053622988 23.24103038810561 0 0
24.17677704680881 24.10681890825233 0 0
28.89420774193196 28.05024335865318 0 0
29.64473690803439 29.01010681431281 0 0
29.74149363389576 29.6738558111347 0 0
0
41
0.4134211364245657 2.086505501716908 0 0
2.689754031199933 2.746246963668729 0 0
3.01126110864876 3.307424026286294 0 0
3.877428746306236 4.169282350095026 0 0
4.258422406710227 4.271830832111025 0 0
5.213511388143917 5.246896844191039 0 0
5.380640111257941 5.460975825543788 0 0
5.841241261253493 6.632010679258437 0 0
6.738231149632071 7.319750112766849 0 0
7.778061200342695 9.333823496925241 0 0
10.07298701238593 10.69686758419398 0 0
11.24455226231031 11.24893860324098 0 0
11.55200643467512 11.80925982833243 0 0
12.60843502001278 13.37664047501907 0 0
14.12747060429892 14.17432767194583 0 0
14.52022413413886 14.9506695893152 0 0
15.46327536921387 15.54874860216663 0 0
16.02835284734586 16.22310681995761 0 0
17.55846647619621 17.64509303293726 0 0
19.09070015836794 19.09646422663836 0 0
19.2964826624677 19.38929785872358 0 0
19.41393391300615 19.52168531776857 0 0
20.38235941190928 20.53711378844462 0 0
20.64484051727822 20.77299012211373 0 0
20.83402542874683 20.83890875549046 0 0
20.87701803873486 20.88218754703173 0 0
22.26774883330995 22.33103108633692 0 0
23.84300578786344 23.85566220779952 0 0
23.91697204419525 24.06955559124633 0 0
24.12171258247011 24.19393676197195 0 0
24.32349165821835 24.41983551516173 0 0
24.85862137858475 24.87299400751951 0 0
25.79360090480109 26.13741839676568 0 0
26.44628170685318 26.45820802984971 0 0
26.46454218163951 26.52869010832742 0 0
26.80034884918925 27.0305037809899 0 0
27.9052111676192 27.99130918459298 0 0
28.06393512378897 28.10943209212408 0 0
28.30649943168056 28.33007033339491 0 0
28.93971916622729 29.02699066798466 0 0
29.54999269884697 29.79899489572249 0 0
0
0
30
0.84257578493977 0.73437610186876 0 0
1.177284645228174 0.854814576143863 0 0
2.957579604518557 2.807591185172167 0 0
3.173364729066065 3.001661605767242 0 0
4.441206593936956 3.657568517947322 0 0
4.922894094453042 4.651649088090778 0 0
5.187364229631991 4.933357504961913 0 0
5.929457698658047 5.298212438028789 0 0
6.109914194019272 6.098178344153007 0 0
6.920298157791395 6.111062120799201 0 0
7.745061916532094 7.672071161424882 0 0
9.590035814749356 7.786771277967213 0 0
11.13632013215698 10.79117525417087 0 0
11.43810755253697 11.25267195157759 0 0
13.03065833889247 11.46627981076248 0 0
14.8178779394393 14.4510973574251 0 0
14.98325958214929 14.92451849173666 0 0
15.21405050495956 15.21099612564607 0 0
17.03001816695099 15.87585607667681 0 0
17.92318882813331 17.253511231945 0 0
18.41397715771765 17.97061859150292 0 0
19.13553198701563 18.85214411730211 0 0
19.47733976047807 19.15893950317943 0 0
20.05465848695027 19.81426277414714 0 0
21.70571834572548 21.70423615948586 0 0
23.71167912332698 23.63711966075932 0 0
25.55231710308516 23.84535086326284 0 0
27.57322261281787 25.78159136456386 0 0
28.05425227975125 27.67412440096039 0 0
28.35130560639007 28.34157200407445 0 0
0
