# Status file for ctqmc. Used to save all times t_s, t_e.
10
31
0.542668340005683 0.1466557516207452 0 0
0.9575022897490282 0.5817453917036329 0 0
1.003435608919862 0.9828453610349175 0 0
1.959155116698548 1.47315583129758 0 0
2.562616941596454 2.00613275733056 0 0
2.770691927185008 2.742259801985329 0 0
3.06627035876968 2.942943219502538 0 0
3.914025559681521 3.126896331714447 0 0
7.658722745783613 7.121840421053791 0 0
8.711213529363059 7.871863049092027 0 0
9.1357563807896 8.764531969573424 0 0
9.935475225687842 9.53965224794255 0 0
10.11816172026302 10.11110495969722 0 0
11.33973048759472 11.31156744205613 0 0
11.76112742786532 11.5160833126264 0 0
13.22600294029843 12.33736975207506 0 0
13.75455146542327 13.30763543943746 0 0
15.17642327774194 15.13515169281171 0 0
16.49330753996162 15.69781578491777 0 0
17.24642558888201 17.12942394321683 0 0
17.58977035673644 17.4086615537348 0 0
18.56476161360511 17.79402570515939 0 0
19.12020729960209 18.61914605470846 0 0
19.19369994749391 19.14154543330028 0 0
20.11935499116837 19.8164718747047 0 0
21.47637615740793 21.17100534685925 0 0
24.95064865606106 24.89989163492523 0 0
25.42819164740275 25.42143537017671 0 0
26.28047835988482 25.92688229924039 0 0
26.46406974679985 26.31735512864419 0 0
26.941604056742 26.59614091714525 0 0
1
17.41858541965485 17.35460579395294 0 0
0
28
0.4961436006303499 1.002982887712056 0 0
1.437565774803613 2.561109935142829 0 0
2.70529585368641 2.991643130043419 0 0
3.042008604096446 3.612367357463439 0 0
4.450040060466423 4.793860352944257 0 0
4.894348947332379 5.654541406905048 0 0
5.930879183123123 6.65084101674232 0 0
7.098588861729853 7.637241299170492 0 0
7.693320437806568 7.710569584697458 0 0
7.815414197271751 8.102878690910227 0 0
8.636553665842175 8.819887230809162 0 0
8.863816502700034 10.29152966491562 0 0
10.36019387541894 10.48098433836534 0 0
10.84745663071825 10.91268537595422 0 0
11.23055031620438 13.59633319649264 0 0
13.87770523798724 14.4814431706023 0 0
14.52258045227138 14.57280675462397 0 0
14.64950074156957 15.10435346384675 0 0
15.37628980796809 16.60931978511891 0 0
16.91192806276024 21.66197388970271 0 0
22.49326214489985 22.64539878677805 0 0
23.02103036946635 23.04337729527208 0 0
23.20662397399607 23.30661150850175 0 0
23.74904103858598 23.98661892306552 0 0
24.51245857831245 24.64178581390903 0 0
25.76619061479559 25.97527064623886 0 0
26.98300768848758 28.12105201971748 0 0
28.2592240278442 29.25117940694138 0 0
0
35
0.1131753019069563 1.253920733432806 0 0
1.938957101745781 1.975118702839397 0 0
2.067794751394704 3.749099871342178 0 0
3.805900469526149 3.92977815149372 0 0
5.69696862789713 5.70280564997499 0 0
5.727008548106446 5.897353277526312 0 0
7.375731992334869 7.418269659314756 0 0
7.678384180765851 8.015676865587217 0 0
8.522998322551693 8.700724437120522 0 0
8.849031284955192 9.152613838628882 0 0
9.40939954022917 9.444789790256914 0 0
9.565360048494783 10.07175565753742 0 0
10.73863839881965 10.84173003467095 0 0
11.42713691491234 12.26817701363017 0 0
12.68130317823738 13.17714207964724 0 0
14.12983654953114 14.63209631534323 0 0
14.79906266693542 14.93332455205421 0 0
15.63188900283112 15.72236246317423 0 0
16.50119935610129 16.57964733763307 0 0
17.06043090675138 17.11516160651019 0 0
17.4013228957098 17.41459223822233 0 0
18.62615368557035 18.69817883758345 0 0
18.8524892201386 18.92510466022286 0 0
20.5346600749268 20.62044956920963 0 0
21.17657734947665 21.22680161150554 0 0
21.609410487814 21.70984896641341 0 0
22.31626794685387 22.47548257624399 0 0
23.01225984795916 23.02146842825208 0 0
23.29939008688968 23.53449831541355 0 0
24.18185601345855 24.25494661708276 0 0
24.42842218144141 24.55523110148324 0 0
25.70213791966971 26.10721512834189 0 0
26.82204555537764 26.94585742843569 0 0
27.86142643572153 27.88886792534649 0 0
29.44685467119841 29.53571340433292 0 0
0
0
41
0.3948577845412728 0.2080302918637322 0 0
1.186935442109109 0.5162402349046185 0 0
1.504904275946658 1.44419760269885 0 0
1.89220124603115 1.686543675782645 0 0
2.681386643688539 2.006444566939551 0 0
3.253740854719683 2.684057098002032 0 0
5.200851496479846 3.263875335357679 0 0
6.736660257483607 5.20789517709922 0 0
7.20630049574975 6.784830406113565 0 0
7.414242202932941 7.395492635687756 0 0
9.795414293710117 8.409259470203303 0 0
10.52096353616567 10.20280833145583 0 0
10.97020367010523 10.71971784002221 0 0
10.99295224846421 10.98314171001845 0 0
11.3695719339747 11.086390772302 0 0
11.49541535639479 11.41962298210616 0 0
12.41204951833621 11.52838050603924 0 0
12.90606976682477 12.7151723505729 0 0
14.88487626424481 13.74176661811892 0 0
15.16644432019043 15.0267062941043 0 0
17.01346108151269 15.27076997651515 0 0
17.49057738012086 17.18161019640348 0 0
18.0695396792552 17.67662600901493 0 0
18.26807830913292 18.12354509520122 0 0
18.31754495864998 18.26932406070943 0 0
19.15368974354368 18.82084307599049 0 0
20.17215914291034 19.21522175865266 0 0
20.57982835261962 20.19916345420772 0 0
20.62936008898014 20.59474285022583 0 0
20.88956452611859 20.71189157221322 0 0
21.24972095884524 20.98122974021046 0 0
21.89726764632864 21.34745395414408 0 0
22.57990759678886 22.10172733772142 0 0
23.28798851615255 23.14532306692545 0 0
24.94978805056862 24.20159042235405 0 0
25.89994133395641 25.14417723390884 0 0
27.23437528475309 27.01810315683747 0 0
27.43468046263327 27.23782521502293 0 0
28.98843319485756 28.34972129168484 0 0
29.26332115646897 29.11822594353627 0 0
29.89574980330976 29.88117307890688 0 0
0
