# Status file for ctqmc. Used to save all times t_s, t_e.
10
35
0.009265661883414822 0.6302440665082898 0 0
0.688010996115473 3.073532411030791 0 0
3.909190294423996 4.102153760514121 0 0
4.861529063676372 4.919127485169596 0 0
6.298005366064081 9.060556449988463 0 0
9.108264544753803 9.134855609369367 0 0
9.146110853257129 9.404061390136116 0 0
9.509547853749721 9.537990921679365 0 0
10.45916344818195 10.49185727476978 0 0
10.59732402944364 11.95502153117051 0 0
12.16506411427739 13.74037324810829 0 0
14.73999282844721 15.05008138257492 0 0
16.18608022821813 16.22474562273405 0 0
16.35678647701778 16.79858300783757 0 0
16.80287184490468 17.34973457043634 0 0
17.67588532288645 17.8396221096083 0 0
18.17716375935875 18.37630338797007 0 0
18.4819609219717 18.53547914855513 0 0
18.87789299974252 19.03583996040568 0 0
19.20756340421315 19.39332151829622 0 0
19.52181576640032 19.73072324086226 0 0
19.7744024749951 20.22144152543897 0 0
20.43761260540032 20.94035680458991 0 0
22.11943675188358 22.16686109256444 0 0
22.26022252276346 23.44342773155465 0 0
24.04758329082498 24.2208632805315 0 0
24.32839898771232 24.46156075987059 0 0
24.47354210312428 24.49060033706365 0 0
24.61887848263616 24.67383203387361 0 0
25.1784874362574 26.17629081235815 0 0
26.43930563378576 26.80895367514993 0 0
26.82958518223937 27.00746514497945 0 0
27.32818866867273 27.3362064258528 0 0
28.66471484985785 29.02462000531396 0 0
29.02761206959561 29.61542859649427 0 0
0
0
32
0.4114283673529406 0.1722802220184079 0 0
0.8140314378455449 0.4326450659123167 0 0
1.599601705328723 1.590941813188953 0 0
3.546742395689177 3.092171731609698 0 0
4.537283426985752 3.863869983005703 0 0
5.959720742090807 4.564428318862666 0 0
6.343756201712552 6.034704280086475 0 0
6.841056034142909 6.355755472284358 0 0
7.260157145273668 7.08848832454415 0 0
8.238643074229492 7.408692368042162 0 0
9.572211496642781 8.477351284201825 0 0
9.773348671946891 9.628454034178807 0 0
10.36360682014132 9.784634126874201 0 0
10.539389095165 10.50179970166771 0 0
11.81708681409077 11.41694940833486 0 0
12.44109158247584 12.03234206427561 0 0
12.77755435178467 12.69636114924699 0 0
13.05127306748748 12.87622648514169 0 0
13.26398348087964 13.21318436292806 0 0
14.64672938633332 13.30558029196485 0 0
15.95168451219533 14.66026929350554 0 0
16.05416693837122 16.01580892490711 0 0
17.87026267331085 16.19816591912199 0 0
18.291729101693 18.12706252045407 0 0
19.76325366362626 18.95449549835721 0 0
21.54834029109677 20.46829480894749 0 0
24.10317184935955 21.70500439216283 0 0
24.70845894371802 24.19823018620264 0 0
25.80859842589557 25.74158427331792 0 0
27.56150822190761 26.77902205895555 0 0
27.5775738478625 27.57729820295775 0 0
27.65795446430203 27.58179197669993 0 0
0
22
0.08782680181737845 0.1487625449242032 0 0
0.4674323826478748 0.5050237343208472 0 0
2.630963603506695 5.98214596729934 0 0
5.985331284128713 6.445349637143627 0 0
6.891134425325552 7.011644804097124 0 0
8.120216348216312 8.885912996944112 0 0
9.133803947941862 9.160702779442349 0 0
9.635260217157999 10.07260493072547 0 0
10.6725939630227 10.68962297193048 0 0
11.03385338007184 11.11057882456804 0 0
11.14893395272365 11.69199280592882 0 0
11.98435357826383 13.16621913696582 0 0
13.39116828095536 14.58623664286645 0 0
14.63121628473196 21.12161114266815 0 0
21.46487007585884 22.42047416853779 0 0
23.23377306775663 23.59933594953117 0 0
23.79634248138528 23.88876561059146 0 0
24.22900976114603 24.62013958204972 0 0
26.83660036489706 26.95489039596774 0 0
27.15517867422677 28.69359990025558 0 0
28.70140140919104 28.79528898815875 0 0
28.89268333086266 29.03277407123819 0 0
3
10.86371035188606 10.83867788314819 0 0
10.98418407095964 10.92033220249689 0 0
11.32086753845215 11.0443831815389 0 0
0
25
0.7079434736874385 0.8555750957335777 0 0
2.499652806411739 2.712043798684675 0 0
2.923525312186277 5.610391292320718 0 0
5.806163489857589 8.072487128763152 0 0
8.763040057580541 11.46754298102564 0 0
12.08334683075158 12.42736507582618 0 0
12.55452187666647 12.56849410915014 0 0
13.11759791213584 14.92588247927871 0 0
15.47129119068847 15.7102683152294 0 0
15.84466003125078 15.91434788125692 0 0
16.16661857887635 16.51669534953964 0 0
16.61549087554415 16.7269945204755 0 0
16.8741556792396 17.3112047780047 0 0
17.55868986121753 17.68522035373191 0 0
18.02129479503714 18.89089195770613 0 0
20.10298601887368 20.28357336737993 0 0
20.86267619621521 22.62607832333353 0 0
23.03526352871297 23.63589893524759 0 0
23.65402668393364 24.56050502971422 0 0
24.85913711035964 25.3516834969314 0 0
25.38028256359762 25.47281273403676 0 0
25.48445134976743 25.72001050289794 0 0
25.72805422610483 26.38108690981735 0 0
26.48904535133855 27.6283656909312 0 0
29.8668804117993 29.88223705006689 0 0
0
