# Status file for ctqmc. Used to save all times t_s, t_e.
10
37
3.937994881009348 3.286311488285889 0 0
4.359716948425881 4.112521761533714 0 0
4.881251228559974 4.528840798014002 0 0
5.408942048157241 5.375479635206661 0 0
5.506801477798327 5.471077371302794 0 0
5.733590753515328 5.634315958541051 0 0
7.213229911703888 6.03369214219344 0 0
7.833377633072096 7.661116161734292 0 0
11.63576112082651 10.84647928002431 0 0
11.93254470257583 11.64389602627132 0 0
12.6517481199506 11.94810439597662 0 0
12.83716317990034 12.76852811103686 0 0
13.05334280235416 13.00948202541654 0 0
13.44751998985399 13.09184074460375 0 0
14.75344921935417 13.64711919251413 0 0
15.73416087297316 15.12576129321758 0 0
16.80221860478109 15.85758089663434 0 0
17.12573204166268 16.93507386099804 0 0
17.40650789141431 17.132562413004 0 0
17.67505829398193 17.5378501863153 0 0
18.32464039110292 18.28692774914769 0 0
19.03151865044479 19.00825990423494 0 0
20.24645340720015 19.8537773117155 0 0
21.1731000008699 21.0941988442294 0 0
21.84621912979926 21.22172553646915 0 0
22.30003505855752 22.01883433902451 0 0
22.4747274121099 22.32188071985395 0 0
23.36745242161037 22.71784833947845 0 0
23.56550972399253 23.37970732611081 0 0
25.70975031004379 23.78534971509919 0 0
26.59655075511181 25.87098215106833 0 0
27.07592087607214 26.86725212054136 0 0
27.72327672940072 27.12116160311005 0 0
28.01832569066486 27.99290074214685 0 0
29.27213039196944 28.27904444291172 0 0
29.62044816472962 29.49578229680849 0 0
29.75574070046822 29.73621265771331 0 0
1
20.08869409561157 19.00820910930634 0 0
0
28
1.274713196131058 0.448434405090764 0 0
1.409989027378533 1.281807987158213 0 0
1.451014296044735 1.447725906417768 0 0
2.203814481442607 1.78234540837002 0 0
2.711169027695645 2.681141444402544 0 0
3.875101012607904 3.193676049746884 0 0
5.731925616783363 4.474378350551481 0 0
7.840833076401846 7.829297887757551 0 0
7.869367918561627 7.847092279988938 0 0
8.080241489881262 7.962342059616478 0 0
10.02289701206653 8.475516360546063 0 0
12.80862313795728 12.75797013261165 0 0
16.23041404083484 13.357831111028 0 0
17.15067459889163 16.76154504595619 0 0
17.19281646488065 17.17015752395928 0 0
17.98176900098318 17.56237802781381 0 0
18.81298065294823 17.98177608712771 0 0
20.07253422803644 18.98806005998512 0 0
20.32722078466935 20.22551528054921 0 0
20.58195703223873 20.37305514210497 0 0
21.12030638734154 21.01895201472792 0 0
22.04034179647824 21.17258296195449 0 0
22.4114054895209 22.05172752086977 0 0
24.58513285145949 22.69538430685191 0 0
25.0647081924213 24.60731517578699 0 0
26.9478128123896 25.11177397218896 0 0
28.39257838881563 27.71664218103518 0 0
29.84490726837549 28.91589834818325 0 0
0
16
3.089759193728305 3.095537948049292 0 0
3.162191936807671 3.807455267030151 0 0
4.743964711791384 5.3410552489421 0 0
5.399691985642898 5.895692371523126 0 0
5.905640851194648 6.481738197820025 0 0
9.869450965507518 9.872425278492143 0 0
10.26999604133903 12.74278616606444 0 0
12.88285347909328 16.25250200029234 0 0
16.3187508249052 17.61401312188332 0 0
17.62271439559859 17.73895777869038 0 0
19.07277997842564 20.29941600257182 0 0
20.70032226026535 20.70956586317933 0 0
21.91419310027428 21.94595928372408 0 0
22.03123009803718 26.47496228619064 0 0
27.22297801009936 28.01389527769084 0 0
28.07868797869078 29.75245463618311 0 0
0
0
37
0.639519695456728 0.05205998096555575 0 0
1.009127386306884 0.7166735906770225 0 0
1.822262488404723 1.168183772512391 0 0
2.172426403192611 1.946138539308428 0 0
2.587859718148799 2.288499641269144 0 0
3.273840595722923 2.722631309122791 0 0
3.370247558777307 3.287733162706584 0 0
3.4604932830388 3.439268323817889 0 0
4.358379208070488 3.701093988457217 0 0
4.942534180053965 4.538825091285939 0 0
5.373739825595889 5.224319450570468 0 0
6.495541013832879 5.911136061887227 0 0
7.921685416910941 6.962513163093922 0 0
8.045500666242765 7.985847209065177 0 0
8.457002858478498 8.117041095140095 0 0
9.121389629603419 8.65564642500954 0 0
9.391195319271381 9.153251789919125 0 0
11.41314613755873 9.65622886339162 0 0
12.513590108641 11.68261656855546 0 0
13.28300802724869 12.5648195822657 0 0
13.41457846166121 13.34161342269427 0 0
15.12820570626232 15.05475334289864 0 0
16.02057819961271 15.80101276001597 0 0
17.29656203898677 16.30181279533363 0 0
17.84885298465401 17.45358737186391 0 0
22.85417841347618 22.55321292892096 0 0
22.92335765345695 22.90007733482728 0 0
24.12342771573369 23.56974241273175 0 0
24.76868212542077 24.47859712563135 0 0
25.02399371616428 24.97383220145147 0 0
25.212950009801 25.1823038809666 0 0
26.07310725045204 25.6615057060558 0 0
27.71264753158156 26.55522172560065 0 0
28.39516090779043 27.76298299017412 0 0
28.76645566908005 28.52800771166732 0 0
29.27183708452391 28.94785712158352 0 0
29.91081369900208 29.31824056542125 0 0
0
