# Status file for ctqmc. Used to save all times t_s, t_e.
10
21
0.4035666668631204 0.3402128245783942 0 0
1.489843185042989 0.9011416876661482 0 0
1.690496927141615 1.543650588490636 0 0
1.970017993187452 1.966138355203132 0 0
2.292865112782778 2.225849287305834 0 0
2.410381203332166 2.323117071834886 0 0
3.616587034657116 2.657319351782637 0 0
3.874068768967569 3.816251179498757 0 0
4.439755063795978 4.041875265536029 0 0
4.577131880890536 4.459649527480114 0 0
4.702524088275119 4.591165806854518 0 0
16.38519823470027 16.28773502553901 0 0
17.04940329786081 17.03198724841154 0 0
22.14156003088788 21.25130808620505 0 0
22.71758262530741 22.42000359899865 0 0
23.1496622738194 22.78841323845259 0 0
24.08247287149524 23.31868175226534 0 0
24.27149191281194 24.2378393547282 0 0
25.5272954601704 24.97312636245589 0 0
27.20234626631717 26.67806939509377 0 0
28.43105128280292 28.28263228962104 0 0
0
0
19
0.05117433175630381 0.1399253125648663 0 0
1.193862017303754 1.288169450017282 0 0
1.358653340558808 1.400058397480059 0 0
1.800899440613682 5.118062265511679 0 0
5.146242115436631 6.130152565661868 0 0
6.330402918139607 12.51874629067519 0 0
12.77774272903812 14.16214597483882 0 0
14.18204296886687 17.07876058598268 0 0
17.3720032629905 17.48197348213208 0 0
17.56231879952834 18.98180090462825 0 0
19.08686015291066 23.53922925849914 0 0
23.68436981195549 23.96987556608141 0 0
23.97650446019733 24.03564482680458 0 0
24.37667494117353 24.45944435623745 0 0
24.89655314098628 25.64224951481159 0 0
26.14896347835391 27.60801200988845 0 0
27.96953983308775 28.17897401946808 0 0
28.55207069815438 28.87263884541386 0 0
29.03930070009197 29.54485672967478 0 0
0
35
0.1799318137198398 0.7791766639435771 0 0
1.00542461180118 1.329576061346801 0 0
2.508280023000843 2.539259388604092 0 0
3.946206259669932 4.191972209294808 0 0
6.109225072473736 6.145589804800569 0 0
6.526799919671425 6.805403651816897 0 0
7.119624778309726 7.131731732128998 0 0
8.008770258015076 8.009999809545121 0 0
8.035141341887606 8.087911559980698 0 0
9.628622631782894 9.667473999427708 0 0
9.800563443700341 9.818566881311915 0 0
10.09536522670402 10.13826164646703 0 0
10.15061248025749 10.17915235495472 0 0
10.23999109931854 10.40767456136076 0 0
10.6532901078816 10.72303499595953 0 0
11.02912059089003 11.03420797564977 0 0
11.75841227136999 11.82616944237913 0 0
12.59508211291707 12.69412529013409 0 0
12.85061691546036 13.4456945572129 0 0
14.84009909725012 14.85234326613219 0 0
17.07405120507362 17.18351048530445 0 0
19.63051063295432 19.89074184304639 0 0
20.22394798311827 20.41545312284289 0 0
20.44170997884488 20.50858970994269 0 0
21.13801392683839 21.17091899618389 0 0
21.54279973137765 21.90588306853712 0 0
22.4779229913985 22.54358372179607 0 0
23.66647282376444 23.84013798510534 0 0
23.86001901404075 23.93406567735396 0 0
24.53922039819149 24.61252450771522 0 0
24.96713977890636 25.12326840994371 0 0
25.33130461055203 25.36354068332787 0 0
26.22596995219855 26.24139002088689 0 0
26.88779588624951 26.90548642455308 0 0
29.51661283976987 29.52230982496075 0 0
0
0
34
3.332285577354283 2.884710269922585 0 0
4.248941945887922 4.227463916869077 0 0
5.158000231095248 4.467214279907882 0 0
5.497132462026744 5.180250436375065 0 0
6.273959159492638 5.913358972590977 0 0
7.352972002133804 6.41575883112531 0 0
7.654694363579739 7.42768136014586 0 0
7.708913982011061 7.667651814601577 0 0
10.54629234032094 8.035490034754208 0 0
12.14023196623069 10.97846931972418 0 0
14.01178507698187 12.91904958773045 0 0
14.48606984667979 14.29793170060942 0 0
15.04340772895065 14.50700827635539 0 0
15.8478043964514 15.17774575668761 0 0
16.09546460119777 15.93018220739242 0 0
17.50513541741818 16.2782492374052 0 0
18.01627828242522 17.50531423026393 0 0
18.88236170036708 18.06702688031416 0 0
19.05985599186507 18.89585512763114 0 0
19.31485461430542 19.12891941542159 0 0
19.6485092081496 19.35971712467045 0 0
20.53446997567346 19.72508128375508 0 0
21.13263931296214 20.53782386171805 0 0
22.32857711845863 21.55643667013327 0 0
22.51563430217621 22.36657308627917 0 0
22.5265753112544 22.52450777380592 0 0
23.0099632981787 22.97828422585083 0 0
23.4194983769234 23.27287762101223 0 0
23.52295042588043 23.44068047024857 0 0
25.83874236700468 25.74807917082911 0 0
27.06194585900012 26.10356323064162 0 0
27.09933528368471 27.08567943173762 0 0
27.35425944644218 27.25658464823383 0 0
28.26142697985665 27.60418002175188 0 0
1
19.23741459846497 18.80511939525604 0 0
