# Status file for ctqmc. Used to save all times t_s, t_e.
10
34
0.08728124923680269 1.205428616571117 0 0
1.242219400433304 2.346972062862513 0 0
2.45063122769082 3.086725358902357 0 0
3.605840703156669 3.723279740361819 0 0
4.079034858044047 4.166582754716824 0 0
4.370877919512544 4.518720469007128 0 0
5.247772540378016 5.489929713143258 0 0
5.568836593158734 5.959662743375386 0 0
6.050345879356104 6.125788925162349 0 0
6.170671334961186 6.416261457164469 0 0
6.502110432417716 6.958599733027278 0 0
7.333577199536688 7.412443741128496 0 0
8.677768338220968 9.009751757906603 0 0
10.13228076256823 10.26428354900699 0 0
10.42670388561052 10.78496425049145 0 0
11.04086379696621 11.33114101522267 0 0
11.54353709652618 11.56197863913777 0 0
12.80192432504002 14.23794424217258 0 0
14.8219286336707 15.00644984923847 0 0
16.28949615479727 16.71792061077523 0 0
16.8604456007866 17.0063731923023 0 0
17.2907357142802 17.34262752029758 0 0
19.38349701013033 20.09471891276732 0 0
21.6405420728604 21.87981073946295 0 0
22.36118358747419 22.47938850429651 0 0
23.50962404448453 23.60057289065827 0 0
25.036268637421 25.14238269217204 0 0
25.30385445306299 25.39926792340977 0 0
25.50556450062166 25.7759631440858 0 0
26.18176685146848 26.49461352721356 0 0
28.19620714421356 28.21895894220865 0 0
28.56766559278904 28.72085891762325 0 0
28.89723319001867 29.00564380748984 0 0
29.16148113612243 29.48179305826758 0 0
0
0
31
2.264994799720825 0.162050600188536 0 0
2.940641834608254 2.725342197178903 0 0
3.188274758029416 2.955122659901286 0 0
3.576922636153437 3.370959708947143 0 0
4.569272844686155 4.454942015434035 0 0
5.534328663608311 5.113586604712565 0 0
5.582186426447796 5.56002451952451 0 0
6.758495867608286 5.836841664649626 0 0
7.560023965697495 7.186680775446599 0 0
8.038142254511303 7.605916352391616 0 0
8.9493532256341 8.049144761251355 0 0
9.087357734504986 8.988457696353917 0 0
10.86460374450581 9.411124064582664 0 0
10.98019706400231 10.92658808314166 0 0
11.36674382054557 10.99304541404132 0 0
11.61956514742616 11.44194661073661 0 0
12.71393042412758 11.80246584545988 0 0
13.22008401596091 13.18170729749769 0 0
14.37865538254405 13.25740728612211 0 0
16.32595805701821 15.61284853793867 0 0
16.69298960579237 16.37577402130488 0 0
18.9622379332516 16.78178369879843 0 0
21.5004249019309 21.39417433964709 0 0
21.60512231264815 21.51224251366434 0 0
21.7382910288685 21.71929693133705 0 0
23.84763878632998 23.74305440922347 0 0
24.88266658235103 24.19557484573365 0 0
25.88716306578441 25.12700893699225 0 0
26.49501261495076 26.07989022416246 0 0
28.08312368926251 28.03420067850859 0 0
28.34637475442545 28.14166808359705 0 0
0
24
0.8916251204759519 0.06559604316471024 0 0
1.057868418739177 0.9644234675047159 0 0
1.820094615512325 1.299210324616448 0 0
2.286644881013118 1.822623093992283 0 0
2.50493879543069 2.325465562014465 0 0
3.041058018455461 2.551561881963969 0 0
3.505267207051123 3.457856827066891 0 0
3.771388842683103 3.723836902678284 0 0
6.346525913461579 6.187807760810918 0 0
7.230052614334163 7.178418088114129 0 0
14.35245827175531 13.93810560467025 0 0
14.66079161244644 14.49421267236153 0 0
19.64286897059512 19.34724717421672 0 0
19.76552650105056 19.64402670013592 0 0
20.93790138563868 20.42440381419808 0 0
25.71413801011708 25.61552473428641 0 0
26.18412911610263 25.75993076428621 0 0
26.33664989069804 26.20796765989002 0 0
27.46484847081577 27.33748396617428 0 0
27.71872885095221 27.56952511534198 0 0
27.83714967486825 27.82049293511473 0 0
27.93167285110555 27.92812253515132 0 0
29.18998385902768 28.52718323527525 0 0
29.40309663552982 29.23087288305915 0 0
2
5.960331320064504 5.602836012840271 0 0
7.630362510681152 5.992590886312579 0 0
1
28.9821320772171 28.88323903083801 0 0
30
0.2129637884148678 0.3908207131623443 0 0
0.608367089464204 0.6721944585170299 0 0
1.113476362322378 1.134117327293071 0 0
1.295948140551858 1.39368645865418 0 0
1.591088103821662 1.735551171366555 0 0
1.86209934750509 2.193300557353619 0 0
2.390280844460268 2.563752519003102 0 0
2.801840825703226 3.493746553501687 0 0
4.669280079184495 4.722293202410564 0 0
5.242041722063068 5.472920189417694 0 0
5.763229240288559 5.825706723055833 0 0
5.956932885663353 8.819416331924822 0 0
9.385485982728952 10.42118861291375 0 0
10.53079821768681 13.07533018802815 0 0
13.32965838963056 13.39640102914931 0 0
13.82127799467369 14.0445621383173 0 0
14.46072554799954 14.47340808471533 0 0
16.10949325873062 16.37873949466712 0 0
16.67919159976515 18.0253192263326 0 0
18.03630086771836 19.02640819098379 0 0
19.08533675033769 19.11420107606799 0 0
20.04525110218782 20.09253427478568 0 0
20.39260654990134 20.98011266782934 0 0
21.1964589036561 21.55487905205798 0 0
21.55976408195934 21.6743232156105 0 0
23.23189624774468 23.30696099921413 0 0
24.23427823039711 24.58797787255208 0 0
25.1086520946299 25.11642993751087 0 0
26.1315491583807 26.20125376725048 0 0
28.08817236376717 28.31501241767397 0 0
0
