# Status file for ctqmc. Used to save all times t_s, t_e.
10
31
0.304731299872517 0.1426385145417584 0 0
4.323684646768136 3.981740918510822 0 0
5.22971548937725 5.207425457754583 0 0
5.791011389970449 5.365067296864797 0 0
5.879935309607545 5.83954916352087 0 0
6.006209366900907 5.997318137874706 0 0
6.824324533407188 6.146613641672294 0 0
9.226825649950953 6.849163187266059 0 0
10.02803876407355 9.488751998315708 0 0
10.99650066329447 10.15367329832952 0 0
11.8185787479913 11.14444303612376 0 0
13.39811438420079 12.26909842645363 0 0
13.94391494799562 13.46613198112702 0 0
15.26695629243852 14.15644509022452 0 0
15.94438362944435 15.50278438025395 0 0
16.39473544447192 16.38324895117466 0 0
18.48647525218204 17.69825660588686 0 0
18.59806939920305 18.51462227080941 0 0
20.50062743228327 19.8104652486219 0 0
21.0699863075897 20.77672527794351 0 0
22.01433928079079 21.46172620848962 0 0
22.38305932089233 22.35741061139844 0 0
22.87752362238451 22.4644533881928 0 0
23.75443420796156 23.12403792204325 0 0
25.00393090274036 23.86918778599866 0 0
25.33456087219809 25.27699194523709 0 0
26.13940412225536 25.58630180309938 0 0
27.41916971273749 26.95400901053272 0 0
28.60442221152486 27.80026022710889 0 0
29.28538020049161 29.10171553793163 0 0
29.81882273253455 29.64668885952278 0 0
2
25.48223893291748 25.33475518226624 0 0
25.64278364181519 25.60005753986083 0 0
0
30
0.6847498470500126 3.020951238445036 0 0
4.941320724240245 5.026181754775746 0 0
5.378191515028928 5.440065625527556 0 0
5.67661684234027 5.68290835449943 0 0
6.21229135417066 6.516568579540592 0 0
7.774981878282937 7.931355188892566 0 0
8.338773639616829 8.354485564131705 0 0
8.408937589473013 8.811754392112881 0 0
8.874646782278239 8.875754000707099 0 0
10.21837736078596 10.59642931462304 0 0
11.02909011222061 11.26674116348891 0 0
11.80384127900834 12.15612352778838 0 0
12.20780632285586 12.40204621992491 0 0
12.63002903894451 12.92063505265513 0 0
13.4031721736214 16.29514310392121 0 0
16.7284303869904 17.45266339110659 0 0
18.1213591440583 18.51394823683437 0 0
18.69247444376555 19.17829986766437 0 0
19.3137333763372 19.5477623626836 0 0
19.64575850260793 20.39835105489929 0 0
21.67133936451764 21.96891044591514 0 0
22.78966462151296 24.02154127124484 0 0
24.94617677942789 25.03512167194189 0 0
25.50659316541679 25.96067229429368 0 0
26.59300672431116 26.84002726062997 0 0
26.89598855884653 27.17934919208417 0 0
27.28135453449462 27.68729826971259 0 0
27.86829271191974 27.88470228779098 0 0
29.02148246409514 29.1888773683797 0 0
29.83836626878032 29.85574715256069 0 0
0
33
0.9458011114606428 0.6041436844741739 0 0
2.350371441109744 1.032988503103916 0 0
3.449232103992486 2.439405062154554 0 0
3.933114182314767 3.875466841069375 0 0
4.444086803438859 4.36773797266695 0 0
5.286793968057015 5.228301989582695 0 0
5.367337084394318 5.35345121531643 0 0
5.520055364133535 5.472552816936077 0 0
6.128631075122933 6.042306668240123 0 0
6.429624211342225 6.311453409061788 0 0
8.727384133687639 8.305284999057575 0 0
10.12691086737618 10.0115263638414 0 0
10.45137734643087 10.36174266807744 0 0
12.18615724329899 12.1812427566533 0 0
12.28637417924481 12.22380831992482 0 0
13.15985586945224 13.07512519033327 0 0
13.61946076774452 13.41254803661709 0 0
14.35472017930844 13.66748395675011 0 0
14.95292697755596 14.46405230414136 0 0
15.7089329944304 15.21313545044384 0 0
17.27534265626237 15.86741017042128 0 0
17.72335705895022 17.37391962829998 0 0
18.68628652008939 18.05331238250137 0 0
19.5925998968674 18.69826768841504 0 0
20.58300296976087 19.64292030387892 0 0
21.81904314961413 21.13212322038087 0 0
22.33055797726975 22.09864244342799 0 0
24.70261888480889 22.80054248946319 0 0
26.87639658216217 26.50643622278954 0 0
27.83692087802526 27.44851034485488 0 0
27.92706611504387 27.84241883163719 0 0
28.17816076940391 27.99818459539457 0 0
29.11591066731587 28.83458515093866 0 0
0
1
26.32263958454132 26.24560117721558 0 0
34
3.16824975939106 0.7662303568829536 0 0
3.533791066814465 3.388963150850037 0 0
4.255126866850461 3.805213192087025 0 0
4.869034773907353 4.487262302304828 0 0
5.798276790663679 5.347480358152162 0 0
8.966726204929708 7.258032873490396 0 0
9.718247307453094 9.46278168076422 0 0
10.24541829484104 9.719607520348466 0 0
10.43163468395372 10.30435791789969 0 0
10.54051061054714 10.49488990970085 0 0
11.05746540539534 10.58394043830527 0 0
11.31860644753502 11.16261291455774 0 0
11.58685606480799 11.47489489187921 0 0
12.24584876300318 11.84285787407467 0 0
12.54534383209234 12.49195185174286 0 0
13.50733221704797 13.50143765939722 0 0
13.75514427376102 13.64313893390218 0 0
16.08260182402555 16.02256682925339 0 0
17.47357154803277 16.4660576091769 0 0
17.73266854958994 17.72977899878661 0 0
18.74020500907687 18.65502120868061 0 0
19.95811408952538 18.75882879160953 0 0
22.39600959681663 21.57766532695395 0 0
22.58531430165246 22.55161771753961 0 0
22.84578537119986 22.83659632188889 0 0
25.27398616599527 24.82412386184868 0 0
26.25623800703516 26.13150124911968 0 0
27.08818134175032 26.31798635445744 0 0
27.78502291256867 27.31677580904487 0 0
28.05899992614276 27.99495879181507 0 0
28.18006344693148 28.17051982732193 0 0
28.47816303313571 28.421022211082 0 0
28.98463576153304 28.8322972552469 0 0
29.36196729460016 29.33556219630589 0 0
0
