# Status file for ctqmc. Used to save all times t_s, t_e.
10
19
1.448785735393503 1.013996758361415 0 0
1.958541972218439 1.573207465980097 0 0
2.550406405246402 2.3152840794628 0 0
3.207833169614377 3.016779402214824 0 0
5.498742766489798 5.234188068570742 0 0
8.967984623198916 8.348614467610501 0 0
11.68508577731062 10.10967811837802 0 0
12.7357043208927 12.39096466611561 0 0
13.3949575721176 12.86546886225951 0 0
13.94855073614551 13.92542956372023 0 0
16.39616772983592 16.06966749541787 0 0
17.43399675133328 17.29027711533032 0 0
21.66597463940854 20.74663438625152 0 0
23.05575456749647 22.15197733500431 0 0
24.82760667227081 23.58899108615279 0 0
25.70154409511611 25.12391867157354 0 0
25.99888737189546 25.77880077412007 0 0
28.19084706825827 28.17828646438427 0 0
28.95774200748245 28.9064841676235 0 0
0
0
33
1.058311522200285 0.7946746456529716 0 0
1.585903092536076 1.227863601197121 0 0
2.766067967108695 1.673767269304385 0 0
2.962442659726507 2.818320125060777 0 0
3.693796567640725 3.625805268497016 0 0
3.862694831321849 3.774892464506193 0 0
4.024352581183983 4.009172375893988 0 0
4.696979407486161 4.02848782641903 0 0
5.808519221879334 5.553468886202394 0 0
6.473974034481802 6.281934961611086 0 0
7.110610841346867 6.690703070879551 0 0
8.849550520295013 8.741498229811459 0 0
9.654672485116532 8.897445666971647 0 0
10.86378165703442 9.77130331617721 0 0
11.07463846808815 10.89867969241504 0 0
12.55695442980063 11.13134384042526 0 0
13.39047569878101 12.80535581278246 0 0
14.21922451898282 13.58373946385781 0 0
14.40582433477688 14.26636036527417 0 0
16.22837145710353 15.7661308951979 0 0
16.91422126896751 16.63333963368201 0 0
17.82855930350479 16.96755638062238 0 0
18.00121220309088 17.90514477986244 0 0
18.4126707367324 18.11721746380231 0 0
20.66694020919149 20.28375450953574 0 0
21.53651571724507 21.40004351738635 0 0
22.33449907897417 22.13709355257246 0 0
23.87061240416514 23.39260222910183 0 0
26.37279380601973 25.77832863653217 0 0
26.88477027282504 26.42236264211071 0 0
27.48994469754527 27.33071657004067 0 0
28.29830244530346 27.74400696694071 0 0
28.41825487668373 28.38070900526977 0 0
3
15.63872158527374 15.59165596961975 0 0
22.22043795941812 21.55968900520179 0 0
23.35674730763099 22.54375111767997 0 0
31
0.1384930053128812 0.168293280175884 0 0
0.4728067129459184 0.6568418625513285 0 0
0.6586885366556825 0.9171403330694701 0 0
0.9721317185464186 1.837289951969012 0 0
2.184463493607769 2.737278040907634 0 0
3.271884169362802 3.340970525123698 0 0
4.069426018470241 4.237242883668976 0 0
4.531822514917859 4.872961009404015 0 0
5.41374517114062 5.773117045382805 0 0
6.202410580796248 6.352008433801404 0 0
6.439060632019587 6.637035496998044 0 0
7.738218823010627 7.747232927880351 0 0
7.822065122929605 7.889155880674021 0 0
8.014422081013191 8.056260404126906 0 0
8.065654650907787 8.442898029327656 0 0
8.893441441405152 9.05412832816473 0 0
9.143058638516511 9.27004227612716 0 0
10.060964737466 10.37600398100178 0 0
10.62447189212085 11.59851049518615 0 0
13.19249128010298 13.81956742779931 0 0
15.13175981663327 15.1976272073278 0 0
15.21772430796248 15.23927090294467 0 0
17.6422105859598 17.92966132807224 0 0
19.42227157674788 20.02419290813965 0 0
20.43115542575467 20.7266017711439 0 0
21.04447403470419 23.91420876123841 0 0
24.02239495563319 24.32413489615321 0 0
25.26838537601671 25.85354002646847 0 0
25.91495698983271 26.01355930393939 0 0
28.0688453717265 28.44225271984332 0 0
28.88773516992884 29.04111104036762 0 0
1
23.14883643116644 22.98262125876562 0 0
0
31
0.8319677152690375 1.538150620908726 0 0
1.56194278572243 1.574961098631659 0 0
1.979241158083897 2.349186646103142 0 0
2.852347158755137 3.194847347143546 0 0
3.316948354432856 4.54026123282368 0 0
4.974858312914446 5.782383612479949 0 0
6.455748484471306 6.467270932326533 0 0
7.284538198465962 7.40291908331921 0 0
8.710939839572717 8.808130854312907 0 0
9.170205485006086 9.619861639331001 0 0
9.664319894195533 9.674387078237737 0 0
9.813763110030516 10.16793440144635 0 0
10.39646570224711 13.34310229252105 0 0
13.66274441360339 14.01595955324285 0 0
15.14008997292378 15.58372759418775 0 0
15.61218442029221 15.62122120381214 0 0
16.81762536181609 18.37891731090504 0 0
18.55366084374393 18.67501298067688 0 0
18.9617366270286 19.15373148572628 0 0
19.27441825704005 19.3211657344004 0 0
20.79652937262585 20.8002171189732 0 0
21.2196821401513 21.25617537905113 0 0
21.3095458931849 21.97338786026742 0 0
22.04341257130744 22.22874634914878 0 0
22.75225904230706 23.36676788970333 0 0
23.39187759698624 23.83278182970468 0 0
23.88037788814502 24.64495886980369 0 0
25.07328663759253 25.22798975132228 0 0
25.64242714806313 25.64905970667582 0 0
27.80776263882516 27.88960214011754 0 0
29.18544466715435 29.23759208208425 0 0
0
