# Status file for ctqmc. Used to save all times t_s, t_e.
10
30
0.2544837582666943 2.006763303949573 0 0
2.52074356009721 2.807052953323718 0 0
3.230085088246408 3.599780952370232 0 0
3.719931112898061 3.743946653963659 0 0
4.055914737724661 4.57497661094666 0 0
5.26491088670149 5.71347807239379 0 0
5.806043449266876 7.22108373530121 0 0
7.255330431455369 8.688717805783337 0 0
8.782613058218555 9.336591383747789 0 0
9.460941557632722 9.866446353432909 0 0
10.4986318582695 10.51120096429532 0 0
10.57018207010897 10.68051203639564 0 0
12.28635404112972 12.40035822803105 0 0
13.10745481557405 13.28175507705503 0 0
13.99708340404086 14.11852427908181 0 0
14.48505727731396 14.66653933468415 0 0
15.58045334496247 15.62966552185253 0 0
15.95390328606056 15.95685804866685 0 0
16.85148344322125 16.8949516883857 0 0
17.13175611284553 17.16867282102986 0 0
17.61543641892455 17.98776509180921 0 0
18.44151853696657 20.0340085424983 0 0
20.4011042602564 20.46369923663547 0 0
22.02777732404664 22.08083699113901 0 0
22.70234516743038 22.71337418700006 0 0
23.06139624090511 23.0620460396581 0 0
25.85545134005291 25.89721521877323 0 0
26.34955655862131 26.39040518716449 0 0
26.91178740544962 27.0141686350345 0 0
29.51582207782798 29.80963153066899 0 0
0
0
37
0.01214178658563829 1.409250074626138 0 0
1.499025142774852 2.169073932982368 0 0
2.202440291977761 3.305872601107863 0 0
3.443460750893664 3.876112053719595 0 0
3.999036811429357 5.152422881920388 0 0
5.606205502122343 5.611705242307106 0 0
5.857352320650124 6.045820452934873 0 0
7.136950040093318 8.25617744757449 0 0
8.629814477457 9.193666374034184 0 0
9.475776208716059 9.547801703638967 0 0
9.608034255707393 9.635183183969662 0 0
9.971057887732508 10.02920868451404 0 0
10.30804800509185 10.4465842405714 0 0
10.79734360873844 10.81178275152099 0 0
11.30994927333633 11.81800805413266 0 0
12.40142696868187 12.40415643284125 0 0
12.49113663685993 13.52020188618107 0 0
14.04867523960426 14.05587957594259 0 0
14.96538922382672 15.17136672732825 0 0
18.51948089235957 18.76323033892254 0 0
18.9504455284854 19.15072744399041 0 0
19.77930338354133 19.79756984382934 0 0
20.73169125926141 20.77082202058993 0 0
21.03700617760272 21.11694929174697 0 0
21.59639579896818 21.65754961600935 0 0
22.3146279615167 22.36410529969555 0 0
22.40454331639188 22.6373697104148 0 0
22.88908576378793 23.02742241737556 0 0
23.7185974707488 24.23707410560775 0 0
24.27514121748677 24.412855788648 0 0
24.4440996273267 24.54383198655361 0 0
25.79074737577716 25.86145014639541 0 0
27.72475627972119 27.8970211622266 0 0
27.96315309697343 28.44476522728092 0 0
28.6899806959081 28.73182209421164 0 0
29.36175263596859 29.65007416396215 0 0
29.67909734953782 29.91762584328301 0 0
0
27
1.433000636312904 0.3201367818210449 0 0
1.980002466565851 1.528609303576845 0 0
2.272109291616164 2.227104554454157 0 0
2.931272084300054 2.32122720904344 0 0
3.559272101588787 3.364507710476134 0 0
4.960569297669347 4.960275947568618 0 0
5.245062179429635 4.992265161825181 0 0
6.367055809925645 5.976592697880051 0 0
6.733047088765964 6.391230714125451 0 0
7.324484955366367 7.111984504720768 0 0
9.35461944657829 7.495705811922292 0 0
9.94759822820153 9.494556123656313 0 0
11.84750549689444 11.51025853971849 0 0
12.17953010598074 12.15728479613968 0 0
12.35614346389675 12.29552060841411 0 0
16.15956030790866 16.1305045785419 0 0
18.35294329673572 18.18020854900515 0 0
19.21212236807619 18.40605942093523 0 0
20.03321691021431 19.3708815586714 0 0
20.82567789281319 20.44314459419238 0 0
21.05956393769366 20.95755319565961 0 0
21.87917159145806 21.1787802505158 0 0
22.91802961939834 22.84832683198051 0 0
24.37198156477334 23.83787021672256 0 0
24.44053506505625 24.41534103631384 0 0
24.94515502701996 24.67100174852209 0 0
27.07337390015582 26.8711906883322 0 0
0
0
22
0.0207011921623419 0.3987130688891298 0 0
1.016491088288147 1.046057667066649 0 0
1.873231471995686 1.887046617584976 0 0
3.9473793583802 4.060245106760209 0 0
4.842792637486347 5.31108751673943 0 0
6.071601758579522 7.073545191469806 0 0
8.211366163959335 8.294237734363872 0 0
8.381204268475726 8.402613298484763 0 0
8.611515465074039 8.743210666938332 0 0
9.170251263559743 9.272165121573241 0 0
9.34895655472965 10.20935634156164 0 0
10.27388567577037 10.31479739666253 0 0
10.77924810916695 11.17740278142303 0 0
11.75348903828571 14.72566081026883 0 0
14.87347788037769 14.9089964194979 0 0
15.12960890040212 15.76624465624135 0 0
15.86208926030067 16.10855279554651 0 0
16.19050916367527 24.70761465969737 0 0
24.83050025922573 25.15926478128953 0 0
25.20751642631863 25.30598791357432 0 0
25.61756970165859 27.47772015401156 0 0
28.43960730655805 29.03185007175417 0 0
0
