# Status file for ctqmc. Used to save all times t_s, t_e.
10
42
1.305319113832531 0.1472793667485597 0 0
1.697048477814482 1.407410995136236 0 0
2.711336531120077 1.734095512138534 0 0
3.189724799044763 2.738152012190604 0 0
3.983311119513842 3.341831313554314 0 0
4.152343254465192 4.008863336967023 0 0
4.484017567266285 4.245203659490405 0 0
5.10117872068208 4.518275008332284 0 0
5.505818655162313 5.128619357371767 0 0
7.313322129046047 5.69517892917147 0 0
7.717381007358744 7.31912791063843 0 0
8.452932751485516 7.742938898108014 0 0
9.298606043355486 8.586765187272089 0 0
9.653802522120975 9.321723374524872 0 0
9.690779765677638 9.674364794428342 0 0
10.54650216789727 10.17209053454797 0 0
11.40923513781797 11.06805569192967 0 0
12.48438613899023 11.48237785457405 0 0
12.61588732086286 12.58760302394269 0 0
13.08524579574003 12.81984668866892 0 0
13.14018975352268 13.09051919568098 0 0
13.38896524722927 13.23184840167657 0 0
14.13863435209345 13.43737865728848 0 0
14.65910256935012 14.56875497732244 0 0
15.2286196448364 15.18009651926611 0 0
15.7113616223432 15.64140811927576 0 0
16.01947023498656 15.74429163228131 0 0
16.73839585038551 16.06189949569284 0 0
18.58359041960084 16.8496767751495 0 0
19.13793276649584 18.68308292379459 0 0
19.82498704917834 19.2505761394817 0 0
20.129164348368 19.8943824046473 0 0
20.17367560712971 20.15037860557317 0 0
20.39826541841354 20.36043555733047 0 0
20.56647978365088 20.50280944929069 0 0
22.36050614281177 21.06993920808751 0 0
23.1724343843564 22.99169193437671 0 0
25.04671481068748 23.58023326467517 0 0
25.33822026156273 25.2701071133109 0 0
25.62990162351672 25.4176604951875 0 0
26.82787792148462 25.71975183990475 0 0
27.57077457334801 26.8878179324003 0 0
0
0
30
0.09319606967339311 0.8497551675367632 0 0
1.177907984452808 1.223773482400515 0 0
2.207721288354375 2.494475992795516 0 0
3.613866143023194 3.624667812459344 0 0
4.834524262605598 5.010380166421048 0 0
5.655708248028942 6.00018750129898 0 0
7.082314700544639 7.286886291580333 0 0
7.298366083984776 7.472196655966059 0 0
8.952903720933755 9.205362252796011 0 0
9.614892307660231 9.615837616381008 0 0
9.663974517756881 9.70636013800722 0 0
10.07295335123896 10.10118575275597 0 0
10.56083469820465 10.71111944272673 0 0
11.07112788562922 11.16244890518706 0 0
13.65276277511351 13.68960787223896 0 0
14.21990532177124 14.74801692600476 0 0
14.92096327134562 15.1227362210493 0 0
16.16722363994034 16.36018408198032 0 0
17.27982535834931 17.33610649989355 0 0
18.58858192045783 18.6371360955189 0 0
20.73008047397253 20.77235015110389 0 0
22.32126614267307 22.50658698216483 0 0
23.02022482632637 23.74664874281502 0 0
23.78434502266352 23.80682242664717 0 0
23.95475101998932 23.95625945219067 0 0
24.25269023313106 24.72413717514305 0 0
24.73261972020684 24.87303856630462 0 0
25.98855891148104 26.40398082524096 0 0
26.44501705937633 28.62299255126291 0 0
29.05945176521248 29.09430867967149 0 0
0
19
0.6918995387898647 0.01442423510111013 0 0
1.034123499082004 0.739598502926657 0 0
1.453442894716446 1.102581893014392 0 0
2.194305293215771 2.172771052507058 0 0
2.896330007242404 2.666199723775505 0 0
5.999317259988715 5.555603442808637 0 0
7.200406325578852 7.170345226576442 0 0
10.1890191624593 9.746059886511176 0 0
11.5032754651389 10.55739157649381 0 0
14.46292187803881 14.02550387861731 0 0
20.6140929930151 20.25922386229395 0 0
20.83717867000121 20.79839067917491 0 0
20.97530022208375 20.86414412659931 0 0
22.16575550812409 22.08469435843261 0 0
22.96481241087304 22.34356660030731 0 0
23.51041287116929 23.06012109599009 0 0
24.06375974033482 23.93406144690249 0 0
25.03505239227144 24.72641957319751 0 0
29.73601479911825 27.17134566017941 0 0
0
0
23
0.4631868754164759 0.2450680503769469 0 0
2.504933073396531 2.500405723309388 0 0
3.912971421637603 3.86278710032381 0 0
8.594929657833628 8.499658671424394 0 0
9.543735422343943 8.762851636337869 0 0
9.778370100969186 9.578020475746913 0 0
10.16279899280612 9.986557177065523 0 0
12.33171484459412 12.21133620834229 0 0
12.91999199950861 12.55525989557687 0 0
14.09124724705264 13.15894559818356 0 0
14.53011911800604 14.27958547089623 0 0
16.11320946458448 15.21824301220646 0 0
20.73069089408132 20.38644690516794 0 0
21.04899281468008 21.00456485958196 0 0
21.62531736934479 21.35784758097664 0 0
22.48900575899782 22.06054845971144 0 0
22.92681967095998 22.7623267596156 0 0
23.53111801994537 23.12498187135875 0 0
26.1221285142417 25.90753604734126 0 0
27.06533010697991 26.16628558111294 0 0
28.19502017237816 27.33692749987437 0 0
28.29554340590672 28.24925297385137 0 0
29.83471378717527 29.64018189200299 0 0
0
