# Status file for ctqmc. Used to save all times t_s, t_e.
10
20
3.225565780368274 1.338098432840899 0 0
3.720451822739715 3.662368781263428 0 0
5.247394368289604 5.0739332572662 0 0
7.197980101462981 5.277481549423422 0 0
7.830152532010996 7.73584153475584 0 0
8.160295256083053 8.157910088377131 0 0
9.444028397919375 8.204316608332269 0 0
11.26961671309738 9.514750778884848 0 0
11.70946329163866 11.43504560941581 0 0
13.60424971718711 13.25535555294088 0 0
13.71202759747277 13.65352967760841 0 0
14.30379098416738 13.8318359158302 0 0
14.44789534223355 14.33252196816299 0 0
14.95928657102542 14.74213073029622 0 0
16.6857854469675 16.10438099327309 0 0
18.30450094953218 16.73758417447578 0 0
19.16563360162732 18.38633948377068 0 0
19.41948517979327 19.33234204419791 0 0
19.8625023775097 19.42262562461429 0 0
20.6399345580302 20.08782525004638 0 0
0
0
27
0.4084208825233944 0.4926107192390006 0 0
0.5716525581979464 1.073556083620389 0 0
1.880376688818564 3.422872229177435 0 0
3.588380568218249 5.325627943690302 0 0
5.588990126689899 5.665640952268501 0 0
5.675600056402527 5.894405152120315 0 0
5.937490449968815 6.649067859710742 0 0
7.841378676781741 7.921734869471785 0 0
9.710498120145992 10.94673477163944 0 0
11.08349905043862 11.42353147104662 0 0
11.82313330989505 12.14528832435009 0 0
12.70050675840996 12.76837436829441 0 0
13.25349916148741 13.29558913819945 0 0
14.24119925302648 14.46118544488758 0 0
14.64547102329091 15.50763567533361 0 0
16.22303630718292 16.96188297103618 0 0
17.77448641948791 18.11985543635302 0 0
18.27717535214459 18.2915271264651 0 0
19.20789807227182 19.37974716185665 0 0
19.69283917675434 19.7179987629099 0 0
20.35461103904564 20.62993343326458 0 0
20.73952195045012 23.90022246484985 0 0
24.51707879841274 24.60215199210035 0 0
24.68530913830128 24.77015485116713 0 0
24.82174146355022 24.97655311832322 0 0
25.45500586116893 28.25815124294753 0 0
28.40014624828854 29.84351641130343 0 0
0
31
1.438922643339025 1.589378650614949 0 0
1.819111056797713 2.12519584474074 0 0
2.955558283504992 3.052113494487555 0 0
3.178929418352376 3.304091173147754 0 0
5.345493166276928 5.412068652506997 0 0
5.418336923270136 5.468818116077732 0 0
5.918859325436753 6.004548235181195 0 0
6.030856042350422 7.175132163545944 0 0
7.564187292998112 9.773521109844509 0 0
10.82593704223872 10.83862590525888 0 0
10.88261819305758 11.07079724205636 0 0
11.17904562374349 11.59002721857239 0 0
12.02871242743442 12.18727707131402 0 0
12.61771566330092 13.00502516299019 0 0
13.23059686645437 13.76842050286149 0 0
13.83645906252668 14.39101163369681 0 0
14.80764076943175 14.90400458050627 0 0
15.51857240771881 16.39981418479096 0 0
16.93837301895701 19.52851117616611 0 0
20.02493217590518 20.15159512070631 0 0
20.41763643005051 21.45058404447849 0 0
21.65791613267179 21.69252738509533 0 0
22.05198372226869 22.08418559361779 0 0
23.32176639158196 23.35038509390015 0 0
23.3940873323313 24.24368022980435 0 0
24.9144221484973 24.99560530824915 0 0
25.75645359948259 25.80483390010416 0 0
26.09158030399309 26.10259670675413 0 0
26.21699392982765 26.47914518969182 0 0
28.56906303417735 28.8269859991842 0 0
29.48952358907936 29.69791099428913 0 0
0
0
34
0.07995995222566854 0.3000478170943025 0 0
0.6108217418737381 0.6205135456555334 0 0
1.291064018512678 2.345069695663941 0 0
2.715616664206575 3.030906246711008 0 0
3.195390131120274 3.367434767753151 0 0
3.386643409088893 3.576170679646372 0 0
4.9274139530675 4.929076634792067 0 0
5.306475773943065 5.603349169145163 0 0
5.759539306371245 6.003081174662116 0 0
6.190417590297086 6.363706588990603 0 0
6.557432625898389 7.460790772767464 0 0
7.647171308212795 7.701494082071946 0 0
8.02313843089374 9.206433516391936 0 0
9.260018717138859 9.881604885953934 0 0
9.942942804029848 11.00939613684825 0 0
11.02629664961059 11.0977811609964 0 0
12.47362668489516 12.52023352531348 0 0
13.07946334773311 14.10305808095322 0 0
14.50129503413384 14.67504995245984 0 0
14.79861645105368 15.01083193559197 0 0
15.09477300363037 15.59142014581958 0 0
15.99882075813031 16.40906523179137 0 0
16.92532738649276 18.92840949508999 0 0
19.04502381713693 19.04597879853704 0 0
19.46975674209989 20.18052850019868 0 0
20.95894219055215 21.17607228411882 0 0
21.99432254994771 22.68433454462851 0 0
23.43026486995269 23.4771670165827 0 0
23.50298735588621 23.57540232371895 0 0
23.8145841854552 23.8158208970979 0 0
24.63449790683709 24.82363390244134 0 0
26.49526815763264 26.64165537214393 0 0
26.74610178144266 26.76308427055248 0 0
29.58553544121922 29.71768072885369 0 0
0
