# Status file for ctqmc. Used to save all times t_s, t_e.
10
33
0.6277389932163331 0.6167742061489676 0 0
1.182445129293566 0.864874904141903 0 0
3.786061799527217 1.717682578768755 0 0
4.149955249390529 3.807205034230076 0 0
4.333056005647362 4.240313443400059 0 0
4.682798952541297 4.413827030331931 0 0
6.328645765750225 5.432890089960622 0 0
7.270174049198848 6.837080095343877 0 0
8.292999048193296 8.131021951392759 0 0
8.515923732586627 8.42136433053099 0 0
9.495696822421674 9.234459781935627 0 0
10.26356425245674 9.500852647861072 0 0
11.24459909460227 10.82183581500259 0 0
11.40400966875797 11.32957907314955 0 0
11.70836351446362 11.46442987207051 0 0
12.63970219544585 11.89735505648669 0 0
13.10334728166557 12.72795370625397 0 0
13.94930641703582 13.15567662741546 0 0
15.25572317626835 13.95404005651701 0 0
15.35602386335315 15.29563471643003 0 0
15.38730736916083 15.38692500316409 0 0
17.42497995920947 16.93133727581021 0 0
17.6850180372243 17.66726236109857 0 0
18.13204492050248 17.95191776501395 0 0
19.91436270978197 19.76110910399514 0 0
23.7748396173668 21.05588396442469 0 0
24.04445709993422 23.95058558457297 0 0
26.2855498525464 25.5487614577269 0 0
27.34014745288089 27.2696148706357 0 0
27.80978658628382 27.38845517384615 0 0
28.03561436582843 27.95840420674644 0 0
28.26745867499186 28.11381998174958 0 0
29.2474289247234 29.21673160004237 0 0
0
0
28
0.001487713673078872 0.3828509064160983 0 0
0.4437599066004008 1.37575251649034 0 0
1.635246058115445 2.956302138807339 0 0
3.62686687729712 3.674646618565005 0 0
3.970082122335439 4.113923236952028 0 0
6.676950696554036 7.047942340879572 0 0
7.981856182085806 8.34862633054683 0 0
8.366086010922373 8.376580382262935 0 0
8.939554387883833 8.972136840520875 0 0
9.107855136985627 9.271389484573566 0 0
9.389708409793064 9.586220785734179 0 0
9.820172794599127 9.849068470435324 0 0
10.29096658154203 10.36142165792268 0 0
10.93486389274993 11.08914143982088 0 0
11.28355606289166 11.53659925053422 0 0
11.67155178249711 11.70216418008298 0 0
11.94809688069328 13.12264691306943 0 0
13.64195395282719 13.6873515244082 0 0
13.73655220455282 13.92629525436885 0 0
13.9670558157238 14.04437720264258 0 0
14.09610179516639 14.53438462806155 0 0
15.92709855961705 16.07639877341942 0 0
16.79001887166897 20.99041287327068 0 0
21.17563672250748 22.25352815182283 0 0
23.24786685118402 24.28462502425563 0 0
25.84325952914481 29.06548439688403 0 0
29.36582372782232 29.58688622293565 0 0
29.9463950836081 29.97004433813387 0 0
0
30
1.542263941815583 1.545109659324883 0 0
2.422254683160981 4.177719277887382 0 0
4.551233290211745 4.80341069709104 0 0
5.207550704996843 7.549542659943764 0 0
7.719236661372879 7.973224641907676 0 0
8.649092668899685 8.678590616852391 0 0
8.909659113066455 9.019138491794781 0 0
9.509355746695958 9.754264866334625 0 0
10.00605604834641 14.74240497638945 0 0
14.97887904168229 15.25759069282388 0 0
15.29218228229155 15.33077410460648 0 0
16.31502530364271 16.61547982027754 0 0
16.76099902569227 16.76594008080525 0 0
16.81725214049139 16.97212448557552 0 0
17.97802542856243 18.0392421696678 0 0
18.38866728933616 18.48299983115024 0 0
18.55514794162039 18.59070541430556 0 0
19.7840550552977 20.01408249470395 0 0
20.64299078933677 20.75966657659888 0 0
21.13171896370899 21.98492734656154 0 0
22.2587480525396 24.20389873098912 0 0
24.51515324812257 24.53824267963131 0 0
24.65952361821015 24.67404014505633 0 0
25.19451475633577 25.32990440136907 0 0
25.6079600391713 25.83693204307084 0 0
27.42333565274818 27.42813567368736 0 0
28.56848721948004 28.67139834858662 0 0
28.83656773118241 28.91750441557819 0 0
28.99359801570041 29.39303106699003 0 0
29.64970947751034 29.75077695073683 0 0
0
0
33
1.395485825848926 0.09318115655910475 0 0
1.925297892614033 1.806414229033392 0 0
2.841942112616847 1.946775818506767 0 0
3.277828057362331 3.086378240974972 0 0
3.31886518076822 3.279246546169115 0 0
4.305544978024026 4.006026359368171 0 0
5.004817416780826 4.980128366902752 0 0
5.109367354494899 5.062350841019703 0 0
5.139337812691519 5.124080927752158 0 0
5.947799208949094 5.751709709049973 0 0
6.251355850512986 6.138054469400892 0 0
7.342270780107838 6.611118392459485 0 0
8.959246793111408 7.746936073821677 0 0
10.64336927024393 10.07727124273679 0 0
11.43964411111225 10.68874562991003 0 0
11.83721818833719 11.732995375197 0 0
12.27419119973424 11.93013129097377 0 0
12.97666739050559 12.53591586706844 0 0
13.85588382482049 13.66541785450191 0 0
16.11977345214438 15.36849511693008 0 0
16.23289567585925 16.18397614908918 0 0
18.14216874898436 16.6794671779346 0 0
18.93481614884776 18.27321495736329 0 0
19.97034660624459 19.28540186601303 0 0
21.17670757157637 20.00980072821072 0 0
21.40272912072935 21.2369677063763 0 0
22.76742309319854 21.41430367022569 0 0
24.63581918250896 23.14869263057914 0 0
25.7719367595762 25.20366088794753 0 0
27.43557225792745 26.00311254749546 0 0
27.66214513866552 27.59745845536597 0 0
29.58343118098768 27.75669667850172 0 0
29.83914898922447 29.6781940820699 0 0
0
