# Status file for ctqmc. Used to save all times t_s, t_e.
10
32
0.8916535841722997 0.8802530357514162 0 0
1.832636243532751 0.9478262191579466 0 0
2.178020538352481 1.856186993364543 0 0
2.46035198912472 2.195713518515691 0 0
3.330806640116299 3.116667521243972 0 0
4.6486711797194 4.160081019350867 0 0
4.823717655420186 4.754424392409204 0 0
5.086645873429658 4.939122778780639 0 0
5.357541781085046 5.229792339524583 0 0
6.925886819077535 6.813411425507609 0 0
7.062766169072519 6.951257475862803 0 0
7.23950100626578 7.150228628411069 0 0
8.641530898228908 8.316291346087793 0 0
9.040497292282708 8.895891160344062 0 0
11.06842087097963 10.35070229099814 0 0
11.38209016652929 11.2856637946319 0 0
13.86941489779565 13.29311827009568 0 0
14.61236230331941 13.97861096044476 0 0
17.37771325617738 14.78922982907693 0 0
18.42092539818362 17.91289259576498 0 0
19.19335269559756 18.93139057727559 0 0
19.37790572760814 19.28296173244705 0 0
20.75837799429929 19.93143056166397 0 0
24.27427445856093 22.93125817686615 0 0
24.86606042054157 24.73539704329668 0 0
26.71922266057066 24.86995556720431 0 0
26.80432196943958 26.74011213898751 0 0
27.93862572371952 27.07064300406903 0 0
28.00480209354276 27.97435932791017 0 0
28.82750157624993 28.32354545923681 0 0
29.65468367917275 28.8558916446406 0 0
29.97766292850039 29.82870730007381 0 0
0
0
28
1.273529719457015 0.1050485192168651 0 0
1.818402060495725 1.382378232160054 0 0
2.153331998189532 1.962609647324832 0 0
3.169050418747847 2.174443047997372 0 0
11.23769554786327 10.99169086334614 0 0
14.11570438456318 13.05776217320838 0 0
14.8035654840004 14.14727161893279 0 0
16.35710020562602 16.18232678559745 0 0
17.59179853527685 17.53020466822322 0 0
17.88585067104512 17.8176664938064 0 0
18.03118960427456 17.9564485943451 0 0
18.1225047534086 18.08653973610985 0 0
18.46950424059771 18.31711705601847 0 0
19.91420449326511 19.68329521949987 0 0
22.31440970217735 21.7725735616145 0 0
25.10093694628553 25.07756581977247 0 0
25.23123798134912 25.16010935154438 0 0
25.77092449626739 25.64761718940233 0 0
26.01013193448486 25.77578768593189 0 0
26.39165928900706 26.03694604914958 0 0
26.60626716296375 26.45687446374274 0 0
27.08110356126007 26.72177803718339 0 0
27.63123610230577 27.50778514243334 0 0
28.41130475975918 27.8797829660684 0 0
29.21200730686611 28.49232735000699 0 0
29.44912213413292 29.363545038127 0 0
29.77972950258928 29.51712320225825 0 0
29.98863022307414 29.78223860036279 0 0
1
16.19208455085754 16.04500651359558 0 0
26
0.9767522965374162 0.8472763728361661 0 0
2.069341774361857 2.045842536986584 0 0
2.348912058170784 2.114656028271245 0 0
3.272709392364912 3.21362258679799 0 0
3.801143914256412 3.273293714614253 0 0
4.051292988526049 3.893349668909801 0 0
4.119667613182563 4.074381562757454 0 0
4.57092187336186 4.372056468093224 0 0
5.852907256133504 5.130782897837291 0 0
6.546119414481289 6.142147545186194 0 0
6.91247160093279 6.584677984051078 0 0
8.237801973132179 6.939961858751033 0 0
8.348072638343286 8.271268491302727 0 0
8.607426008472684 8.458507369583545 0 0
12.69437909794529 8.618719434253608 0 0
15.74701172116107 15.06895627174518 0 0
15.99610282920359 15.97088110914901 0 0
16.78019073691287 16.77113166347336 0 0
17.48017993331842 16.7978100120699 0 0
18.63209884717195 18.41497621528044 0 0
19.1115515016689 19.06415484914441 0 0
21.50043715372865 19.57607536652938 0 0
21.88828780243194 21.74126365913648 0 0
22.45967025745342 22.23870250224578 0 0
23.34885980091839 22.56115600151097 0 0
29.86750601920335 29.29100378198564 0 0
0
0
27
0.1146875146812718 0.05168835749869061 0 0
0.8282853298623236 0.5841715772274227 0 0
1.635622592303887 1.274155065660681 0 0
2.17916734986113 2.051911543412081 0 0
2.458484093583274 2.327837415542727 0 0
2.739296604500171 2.710838548265663 0 0
3.113582025387849 2.792992777665041 0 0
3.526521438460572 3.117685793336061 0 0
4.345743370350239 3.540391827404824 0 0
4.495303370294157 4.488105939259624 0 0
5.98669461095194 4.828123107783858 0 0
8.346075884826295 6.548648148723766 0 0
9.902252674110088 8.364705465578895 0 0
12.0394152296527 10.50245711309654 0 0
13.1990162962368 12.14531124972799 0 0
15.123672873552 14.71940142999524 0 0
16.29144729697114 15.84457201651066 0 0
16.7882501670942 16.49706777654225 0 0
20.07030781272016 17.18200432953163 0 0
21.2760704669087 20.47031393513006 0 0
24.93697611516162 21.36842118356249 0 0
25.13389965568004 24.96041348369668 0 0
25.78661515543618 25.23335525679494 0 0
27.65763157916398 27.57243160762688 0 0
28.04773442779671 27.67750774717414 0 0
29.11002492372522 28.79067504469575 0 0
29.5391921744361 29.473672086609 0 0
0
