# Status file for ctqmc. Used to save all times t_s, t_e.
10
31
0.7284183761325593 2.414050371272177 0 0
2.453215220413774 3.517564296044757 0 0
3.990389326019774 4.022975223334245 0 0
4.318550968941184 4.39966355088921 0 0
5.798272613631964 6.175567370993805 0 0
6.51474413060962 8.648377848162353 0 0
10.0320440403132 10.09133421552809 0 0
10.33135908580086 10.33464171780997 0 0
11.03958271869035 11.35329219842003 0 0
11.59682781118212 11.76749918371302 0 0
12.28119654746141 12.36226464322699 0 0
14.85724785587458 14.97490276497638 0 0
15.05623539765821 15.11933251834372 0 0
15.63204138228066 16.9868220140259 0 0
17.33041738868971 17.41987356606915 0 0
18.48452147708378 18.56612993306826 0 0
18.6518607762605 19.09495153674703 0 0
19.48545475624693 19.6248220520496 0 0
20.79608057789888 21.08468793536663 0 0
22.88912715925936 22.97417473768641 0 0
23.23264697830256 23.3174968050343 0 0
23.62385123449517 24.13641651016234 0 0
24.14426108493714 24.30995722650422 0 0
25.04956638412509 25.12673353189361 0 0
25.18032289097005 25.35170277578489 0 0
26.04737845714715 26.1670935288295 0 0
26.94976075827119 27.31922597447252 0 0
27.9741090165554 28.1018162446424 0 0
28.253028738329 28.31315465534191 0 0
29.23641949458471 29.25835672461136 0 0
29.89808397164023 29.97119312096939 0 0
0
2
7.788247801839816 7.731356620788574 0 0
8.737499713897705 8.268432751328447 0 0
29
0.3386445576050754 0.3412352601452679 0 0
0.4505995421079352 0.5164525770609885 0 0
1.786859711443236 1.990427487577382 0 0
2.243094820409462 2.467920821186557 0 0
2.971411032025526 2.983677695000261 0 0
3.635310138174679 4.0257987941525 0 0
4.38229580688451 8.727083213068742 0 0
10.07613968595554 10.19027422579981 0 0
10.38867827500659 10.64818368567949 0 0
11.85875917716232 12.18747802190768 0 0
14.16559139372791 14.17039685462262 0 0
14.37927461617564 14.38417235703381 0 0
14.54613482962445 14.76937927628341 0 0
17.00614132527262 17.13244766034986 0 0
17.64575079316698 18.22740547065702 0 0
18.23172791359351 18.46132216108836 0 0
19.38536092184717 19.73648968262958 0 0
20.76818407005882 20.83361521607062 0 0
21.96665097928893 21.97864581795189 0 0
22.15346184588 22.24081655373511 0 0
22.51557288567875 22.52515803093737 0 0
22.91176697307532 23.06959783855624 0 0
23.8248614156973 23.93827632213941 0 0
24.15522681722308 24.83834564638332 0 0
26.66851415611481 26.70018698525027 0 0
27.67659132795997 27.95551062554469 0 0
28.08397541778892 28.47147184987075 0 0
28.51529382566514 28.55669189966775 0 0
29.43819168852071 29.75350456382558 0 0
0
24
0.3979451501336825 0.9657145263465681 0 0
4.064936782842841 4.337134153406104 0 0
4.614378541050433 4.631938469058497 0 0
4.64343401545864 4.738535159168078 0 0
5.160965808696795 5.219630349433708 0 0
5.492848569215768 5.728400336182747 0 0
6.503016804055574 6.548004043176404 0 0
7.395394438444027 7.455445372818279 0 0
7.732219051097099 7.774755618488052 0 0
8.651569728519602 11.13479284540917 0 0
11.34229569917738 14.96562300507993 0 0
14.97816621732626 15.94813468057792 0 0
16.0798945227534 16.08616196290222 0 0
16.79771107269407 18.43487902604794 0 0
20.10157450146573 20.37809886422038 0 0
20.43044275588876 20.63524461390981 0 0
20.67575320324683 20.82967767059965 0 0
20.92804493139835 20.96666770998976 0 0
21.10343596958804 22.04570932809061 0 0
22.25155920422984 23.20379474317561 0 0
23.29376436468151 23.75736363819333 0 0
24.63462470057467 24.69083393729062 0 0
24.80089210738287 25.06506224043821 0 0
25.06805972696545 29.72289112609377 0 0
0
1
3.574385046958923 3.511480093002319 0 0
20
1.579501253790909 1.271482614326835 0 0
1.791902909673394 1.721320110335871 0 0
2.513754758458178 2.136630594339279 0 0
4.06733372144704 3.567881503732369 0 0
5.015089247533412 4.503754946841724 0 0
6.257849251388389 5.0752542964853 0 0
7.614744556104466 6.511338137180632 0 0
8.256153217929265 7.63887249330436 0 0
8.994765448666382 8.772810172230525 0 0
9.169361551084547 9.064919223683921 0 0
10.28745935472254 9.865549083269865 0 0
10.53464051868147 10.37747537014075 0 0
10.63907582198397 10.57530789582326 0 0
10.94678898318337 10.702434705562 0 0
14.96085278625086 14.71769697062057 0 0
15.10034726455666 15.02313783633322 0 0
15.78312344560503 15.63112584940301 0 0
16.29880766025569 15.99928444968018 0 0
17.7972730350626 16.67454458137813 0 0
28.76825149959339 27.82093418326304 0 0
0
