# Status file for ctqmc. Used to save all times t_s, t_e.
10
37
0.1886025880226825 0.4326953617761546 0 0
0.899184008100316 0.9525461113137281 0 0
1.198237128217323 1.379872304730979 0 0
1.652289122601995 1.662500360378511 0 0
2.196273295365464 2.250303405886606 0 0
2.357223308718296 2.859651867290484 0 0
3.418869877875036 3.547021460866842 0 0
4.24642158353218 4.379849771171303 0 0
5.807191132133094 6.445027440880777 0 0
7.121036812215906 7.191153062953756 0 0
7.462428889458253 7.486356954481838 0 0
8.094305632287586 8.779240690750267 0 0
9.317407190291966 9.327774176652463 0 0
9.694049891283177 9.728084350268867 0 0
9.870394981315485 11.69960099971591 0 0
11.83751302172791 11.95354867328048 0 0
12.00007444387368 12.22139837677939 0 0
12.87703168930044 13.06670723633361 0 0
13.12935833900307 13.20924090942462 0 0
13.44718698910351 13.74002543362612 0 0
16.37038755464027 16.79109904078112 0 0
16.91014734558623 17.45783054664826 0 0
18.01911793907711 18.096347746947 0 0
18.58811350591709 18.70189444830661 0 0
18.78237692311416 19.30537159737316 0 0
19.39825488409038 21.57639086112043 0 0
21.63088266538966 22.07957916646611 0 0
22.61710098292435 22.64737327423371 0 0
23.40672820178485 23.69085164995572 0 0
24.3906788430143 24.4533369591577 0 0
24.78535549258281 24.80625968298615 0 0
25.04206469470524 25.05894115975313 0 0
26.98654850550023 27.12527547340016 0 0
27.16053298887559 27.52672883670364 0 0
28.07056648607613 28.3129887336245 0 0
28.98555326441591 29.27175588515039 0 0
29.69451073558846 29.74701600669847 0 0
0
0
31
0.7637751187770813 0.8546001859615694 0 0
1.427546653622517 1.502808546159868 0 0
1.709085635083137 1.989430747183648 0 0
2.021464086418181 2.03400155007009 0 0
2.153036175125676 2.34670061410112 0 0
4.460895711376252 4.534136908118492 0 0
6.579383423079228 8.119406856823234 0 0
8.976038087362479 9.048883768926329 0 0
9.366868953726579 9.428003931588043 0 0
10.08199046554133 10.16418680054003 0 0
10.18800460644705 12.16231781449787 0 0
12.30342360083331 12.5907875687933 0 0
13.23601853003513 13.45299141141942 0 0
13.60410920052039 13.99139083644117 0 0
14.66198681397806 14.77254565145961 0 0
15.28322839411905 15.51023055470488 0 0
15.81431373670299 16.09188849958542 0 0
16.58140827913602 20.05972672778346 0 0
20.38558225244248 20.71434900284177 0 0
21.26719845640155 21.4415983714795 0 0
21.48276327040743 21.61298477302737 0 0
21.69609963802085 21.71172196101667 0 0
21.77357618023439 23.40083599100966 0 0
23.61599914566101 24.13739131080342 0 0
25.17040372398883 25.19069449475737 0 0
25.29344118248214 25.33680624662582 0 0
25.6576903362501 25.72023742760723 0 0
26.58262320081818 26.58545124561411 0 0
26.92019019790816 26.99922179742366 0 0
27.69899792444 27.72423629091715 0 0
28.89298950142945 29.54834916186357 0 0
0
30
0.2124384774299806 0.1043215059941538 0 0
1.109916850449249 0.9286075976471906 0 0
1.496306674816784 1.14972909839383 0 0
1.823589036448269 1.672715243355176 0 0
2.496359705514839 1.825561577034071 0 0
6.334193679139005 5.984080614544858 0 0
8.488585393554619 7.751038293567031 0 0
8.962029433272777 8.795715261109013 0 0
10.15673965621893 9.831167202673369 0 0
10.44750790202257 10.40521133319696 0 0
11.99774325792941 10.60030150368182 0 0
15.77951834087437 15.44564338832726 0 0
16.4081386272641 16.32075610615165 0 0
17.28046153669583 16.52788551270468 0 0
17.90740071354737 17.33032679429162 0 0
18.25706983993004 17.97280629124423 0 0
19.0653081566196 18.55574816854128 0 0
20.59293086598903 19.43751198037076 0 0
21.22946480768397 20.9157312613488 0 0
21.59750098166035 21.41686806595943 0 0
22.13105771695185 21.61353203958385 0 0
22.52626461625703 22.46027472560536 0 0
25.39536006479518 24.72496117865709 0 0
26.142804372903 26.11121451106632 0 0
27.12223126190866 27.07754143145845 0 0
27.63015167652429 27.14588015875018 0 0
28.0085495213757 27.6904343177915 0 0
28.87213453270037 28.85331926043688 0 0
29.66250624051492 29.06104193052554 0 0
29.73646641010811 29.67276190184878 0 0
0
0
22
6.354537739807767 6.338387015895801 0 0
6.725778620219051 6.715131031011665 0 0
7.289954239894521 7.148571642122214 0 0
7.793621679994903 7.381414290840492 0 0
9.513088101276633 9.298912113092726 0 0
11.5734082388114 9.99225394302759 0 0
11.96972479295439 11.64079204667273 0 0
12.34107128324251 12.06977594770178 0 0
12.50238952617493 12.42559971198143 0 0
13.45253315326935 12.95857395985785 0 0
14.20025843481494 13.50885790483491 0 0
14.98677217749322 14.6374320942584 0 0
16.58035207239059 16.29922245808477 0 0
16.71272391096852 16.69409952768419 0 0
17.22440679202422 17.05466857261484 0 0
18.49589054575063 18.00746943637199 0 0
19.55742635707958 18.7305030262711 0 0
20.66483972150925 19.67765310443882 0 0
21.34039868653613 20.7094563691819 0 0
22.61691671813293 21.77799739384679 0 0
23.37858428782047 22.66250069569302 0 0
24.21926982878638 23.87333489168815 0 0
0
