# Status file for ctqmc. Used to save all times t_s, t_e.
10
32
0.7927560695218467 1.227213130791597 0 0
1.839318011037079 1.947813855676817 0 0
2.120405588531477 2.123004621200125 0 0
2.360295216692438 3.737237412431554 0 0
3.916945742346876 3.924002150252685 0 0
4.575355355037645 4.604186761936612 0 0
5.931502612451054 6.403073918557534 0 0
6.965253796151972 7.1610437852448 0 0
7.221281430818915 7.394266396600194 0 0
8.374398334608085 8.420770936433913 0 0
8.624127162252169 8.841336793766432 0 0
9.475602468146601 10.48710348481315 0 0
10.94253757375785 11.12300419378679 0 0
11.14640134636326 11.48853035808443 0 0
11.94406739169271 12.27262172389196 0 0
13.06236076734869 14.81176526811553 0 0
15.35492837074209 15.41509962662907 0 0
15.48411475091961 15.63470551404897 0 0
16.05849445776741 16.19121697664956 0 0
16.76735613845385 16.91230422007549 0 0
16.9731461735548 17.04915264512594 0 0
17.26281509568662 17.44406149144755 0 0
18.05970731972834 19.27253497655923 0 0
20.70689973489432 20.78366396699072 0 0
20.96563412282846 21.10012935716591 0 0
22.01970819564886 22.9515782940733 0 0
23.67935581242664 24.6758414254985 0 0
24.7133405740216 25.62310154619612 0 0
26.04666436869809 26.06869862245034 0 0
27.09851257929749 27.34401875610094 0 0
27.98623858894544 28.20495066070107 0 0
29.31364536145451 29.79015080633546 0 0
0
0
29
0.6152108386875519 1.69810590714409 0 0
1.827236171149114 2.027365337556092 0 0
2.935678664228226 3.169365414075773 0 0
3.700020662022593 3.701436368119881 0 0
4.010696113899412 4.549730619845816 0 0
4.773123812955532 4.784806494064639 0 0
5.567308740127626 5.743125808845773 0 0
6.020050142447582 6.142703159282462 0 0
9.962714957909258 10.69065460495472 0 0
10.94537064574563 13.72187387423565 0 0
14.00004217719003 14.00665717997305 0 0
15.19423172346144 15.32296084603379 0 0
15.71816162628041 16.09939754020981 0 0
16.8284535058388 17.164542841971 0 0
17.58887029521038 17.82299866912535 0 0
17.95785505028177 18.52386169774195 0 0
18.68435846018934 19.31505550394601 0 0
19.40253614456946 19.57943455802614 0 0
20.21292535623756 21.0272835594217 0 0
21.08549634645872 21.61150271444925 0 0
21.75498258183338 21.94502139486065 0 0
22.81337432460794 22.82238976054464 0 0
23.27253211160335 25.1215982478866 0 0
25.170681253283 25.99350896510507 0 0
26.45208859554243 26.56664868031713 0 0
27.43973138487046 27.57720911612492 0 0
28.13132228776508 28.17619012784478 0 0
28.93761293667186 29.05227150051715 0 0
29.54303149766467 29.89033002173485 0 0
1
19.61909336221574 19.57622046944891 0 0
41
1.490144765393214 1.427561586999773 0 0
1.701848956500303 1.686328859660164 0 0
2.947989940925813 2.353042119288563 0 0
3.020798058769347 2.978557860503757 0 0
3.950700455480216 3.034296723904056 0 0
4.935152666066532 3.984988524054655 0 0
5.053786889279911 4.939629455856568 0 0
5.783321332461771 5.559010883366724 0 0
6.150998350725635 5.865940089592456 0 0
6.624018028605179 6.405978199809019 0 0
7.148512508105775 7.039014851892664 0 0
7.3515966132186 7.335108785032511 0 0
7.658232708579496 7.461374641543078 0 0
8.96995695559704 8.896285551169921 0 0
9.289422856449013 9.248029012747251 0 0
9.60983173799157 9.608112264480908 0 0
9.820383762046271 9.683967451039226 0 0
10.39582295399213 10.38786382711372 0 0
11.0596360613518 10.71723494089685 0 0
11.32804169671813 11.08601053871238 0 0
11.61308272685203 11.42458011489331 0 0
12.0992109849535 12.06484755188558 0 0
12.545023608579 12.36895172311508 0 0
13.07631674541031 12.95300864952595 0 0
13.22743777791772 13.11597357039032 0 0
13.32271563464306 13.30202906353301 0 0
15.78582712781851 13.39639958871993 0 0
16.16004000781063 16.0158369864418 0 0
17.51672815676022 16.58558238785659 0 0
17.92393454224579 17.60148787178919 0 0
18.50655103991464 17.97113163211413 0 0
18.62512511589409 18.53195573037434 0 0
19.32160425873878 18.81691057790682 0 0
21.40124488279853 21.18009798883111 0 0
21.83081766531826 21.6821567925908 0 0
22.06820980671361 21.87691488976935 0 0
23.19295754259261 22.32981650875994 0 0
23.65550735295363 23.41924967648799 0 0
25.32827890702226 23.69077819055224 0 0
27.88665057773603 27.885530738743 0 0
29.92403794707765 29.30574607703861 0 0
0
0
28
0.922727816349397 0.6122671094994736 0 0
2.010440714584153 0.9298304093794911 0 0
2.425814031541698 2.369165066390134 0 0
3.243599101651117 2.533485676693172 0 0
3.714259119589718 3.365079718575469 0 0
4.878658490748763 4.827508888890141 0 0
7.462404810689208 7.304630336445308 0 0
9.182059997008944 9.13117806989581 0 0
10.74358829473394 9.513883992667871 0 0
12.407617393563 11.26874335182523 0 0
12.94655670802386 12.92401631495387 0 0
13.67980091703856 13.05541207276227 0 0
14.09965307298134 13.73043414213149 0 0
16.24156050346438 15.68620522498967 0 0
16.97000627081461 16.79835710567243 0 0
17.88008976969009 17.75479707374822 0 0
18.70556026955573 17.97648424129314 0 0
19.69826530874966 18.72417184601836 0 0
21.08856493042014 19.90059758746789 0 0
21.69728697324495 21.48990135699441 0 0
22.46119411972166 21.83326534092211 0 0
23.56600318885629 23.1581174814855 0 0
24.46405778966069 23.75710013177887 0 0
26.10399181089376 24.47349974475435 0 0
27.0066983949213 26.95739715589625 0 0
28.17734012074546 27.87475819691592 0 0
29.78154135231019 29.62162352882758 0 0
29.8609139549261 29.81735263005049 0 0
0
