# Status file for ctqmc. Used to save all times t_s, t_e.
10
30
1.793453967342366 2.28361345952602 0 0
2.480247181382445 2.488840963779102 0 0
2.656091980385428 5.481086371646154 0 0
6.169239327611356 6.401017160734404 0 0
6.501650700885257 6.682774834716144 0 0
7.333377962417789 7.720915734868957 0 0
7.999149420886455 8.121503458763222 0 0
8.317238356650986 8.547982181485635 0 0
9.243639401119218 9.377117289271196 0 0
9.454418179568792 9.527274074551777 0 0
9.617551053643838 9.908412077859847 0 0
10.50009732617674 10.5470552706415 0 0
10.6486358667762 10.72995640570253 0 0
12.72814250952913 12.78289287105121 0 0
14.90625263668775 15.02591381366451 0 0
15.69287248118205 15.76344819731509 0 0
16.42309612653186 16.67039603531861 0 0
17.38522794212859 17.59380979807945 0 0
20.03740921523433 20.21213607348755 0 0
21.28341768176158 21.98916501961886 0 0
22.9493951698824 23.00283063254277 0 0
23.90601371684883 23.9680507820631 0 0
24.99716470277492 25.03994266421027 0 0
25.06388656692952 25.87136062640196 0 0
26.20826717881573 26.23616438768762 0 0
26.27561394849352 26.31435482989711 0 0
26.48095465842288 26.48960119559201 0 0
27.65333443929029 28.0495109293081 0 0
28.70921958867549 29.1960647758796 0 0
29.21213864372388 29.8509859508636 0 0
0
0
38
2.542566886540861 0.6943361931105656 0 0
3.782169190011062 2.986207776031983 0 0
4.420046435232989 4.127670746207752 0 0
5.066413394793236 4.951556151091959 0 0
6.701812487142405 6.173430626664559 0 0
8.41645296143971 7.423833442555848 0 0
8.706241923930083 8.430137556070958 0 0
8.847168290807822 8.716232529845986 0 0
9.666900684097191 9.377914521674739 0 0
9.915574341607019 9.892610483267291 0 0
10.54465303899143 9.949685635755758 0 0
11.44752181388871 10.80577426140402 0 0
12.2721626481258 11.86515758938053 0 0
12.64933684089764 12.46587290197719 0 0
13.14035785100264 12.96715620266686 0 0
13.80323241152504 13.67544560518102 0 0
14.01768901754457 13.97943464422699 0 0
14.87860901372514 14.03544226271462 0 0
15.07079179723262 14.98295701631649 0 0
15.17999647772336 15.13918738958527 0 0
15.37787804873667 15.24828254839489 0 0
17.10392771946778 15.61916702661937 0 0
18.71392864930782 17.2642827494771 0 0
19.02089662524783 18.79465255653006 0 0
19.04581773799132 19.02931624681709 0 0
21.07226743385739 20.17414242565922 0 0
21.4958771385645 21.15467203271629 0 0
22.03661728483699 21.54340782953095 0 0
24.78537740956276 22.09680040665789 0 0
25.29136178026194 24.81882676758272 0 0
25.43556820197611 25.39774950271408 0 0
25.89533456617013 25.63969784376762 0 0
26.24450267182503 26.13299801090371 0 0
27.00835841948173 26.24616648135702 0 0
27.86316421320487 27.16462374694747 0 0
28.1898963597117 27.89109507942887 0 0
28.87543566203977 28.71442657099704 0 0
29.30279259032319 29.08815311807883 0 0
0
16
3.160463012127454 2.158498175781621 0 0
3.656237072677401 3.235805425847013 0 0
4.163899845845934 3.797214039665887 0 0
4.874213095099402 4.253312240245795 0 0
7.472352049999937 7.428045390747854 0 0
8.550294732062598 8.349491575854595 0 0
8.95963230595302 8.674070819258439 0 0
10.11130285090026 9.073096617501587 0 0
19.38756974898585 18.98654191169943 0 0
19.79273581798097 19.73969036427981 0 0
20.37982946260837 19.99377906596777 0 0
27.24673857566351 27.16678205174776 0 0
28.13673345027694 27.61514162842527 0 0
28.98548879293747 28.62358259801106 0 0
29.43549889396132 29.0008223032685 0 0
29.95340296132319 29.52261552896512 0 0
0
0
28
0.1394725361362393 0.1216730867378217 0 0
0.6865129876974042 0.2513953823790269 0 0
2.272499447268448 1.867167629017599 0 0
2.920347787571826 2.33780834762996 0 0
3.013007619987776 2.924496465516206 0 0
4.713023887110136 3.997898948759871 0 0
4.946010230359667 4.71555133708832 0 0
5.131233359886157 5.096397649793408 0 0
5.890866486267886 5.248935644045404 0 0
6.692182419777238 5.918774413266235 0 0
6.997045341449271 6.882087744700468 0 0
7.541066901288901 7.133605089828809 0 0
8.036254347516822 7.776444613344648 0 0
8.429824781465376 8.350283975678183 0 0
9.716186398897625 9.707291649603428 0 0
11.35209703742629 11.2709797148651 0 0
12.51809916542522 11.51309356142988 0 0
13.42754916610815 12.5411884476994 0 0
15.26488668280982 14.79426880088096 0 0
16.49169208870728 16.23997919911538 0 0
16.59938808106239 16.52444849647178 0 0
16.76725420905615 16.63982925365653 0 0
17.23944787998526 17.02457324122135 0 0
17.7741548492539 17.75112447921558 0 0
20.10297107404888 19.76452908882301 0 0
25.85130344842133 25.23249511389989 0 0
29.84083857168372 28.98052416157484 0 0
29.96192955122732 29.95250866801385 0 0
2
8.408698450986307 8.316761255264282 0 0
8.573877811431885 8.473269951558393 0 0
