# Status file for ctqmc. Used to save all times t_s, t_e.
10
25
1.227254163769969 1.55525024786633 0 0
2.227890879742959 2.494281922351053 0 0
3.04113000590647 3.14616385209824 0 0
3.453310931378799 3.573804536329708 0 0
3.918074118162898 4.319271910114609 0 0
5.570361353308623 5.625605034179412 0 0
5.790654534250259 5.850355144196815 0 0
6.153879491041063 6.260014627596159 0 0
7.205310802389696 7.340271659996617 0 0
7.52350193120275 7.645584101182616 0 0
8.264834171894746 8.873753548251281 0 0
9.860491977189907 10.44288395751812 0 0
11.68502471294195 12.01658908197431 0 0
12.49915147099913 12.90871387062694 0 0
13.2054269048292 14.72235429718513 0 0
14.90797588628488 16.44326282607031 0 0
16.81032812156449 17.22371318023241 0 0
17.50655224941368 18.41115247844624 0 0
18.47423728453563 18.85153941395056 0 0
19.52330351882651 19.97703949092504 0 0
20.63922078249851 20.86432097747777 0 0
20.88276327443676 26.18242948230682 0 0
26.70048509360391 28.30348006179783 0 0
28.96220860395 29.5634384353125 0 0
29.5765265392289 29.80188443197791 0 0
0
0
25
1.436505136153219 1.086403761278725 0 0
3.60907269228449 3.320339337660993 0 0
4.447597906192035 4.02567471234816 0 0
4.802296692924269 4.477463930188383 0 0
5.492451009071353 5.312013385117326 0 0
6.963828908404271 5.881306635425832 0 0
7.761541357106188 7.007321141860998 0 0
9.561731539736764 8.699673339053009 0 0
11.19005067259941 11.15627735269372 0 0
12.29848479737491 12.13850074924468 0 0
12.80153348356204 12.33642275397693 0 0
13.70482210049578 13.56126714012169 0 0
14.86141213204855 13.7670876359967 0 0
15.06113112122388 14.96853412848604 0 0
18.17667119977728 17.49019395505199 0 0
18.4727676228474 18.441446172878 0 0
20.43099910465042 19.79893769763445 0 0
21.26180709967023 20.43722199832308 0 0
22.35654246240933 21.27489981167384 0 0
22.45123907552348 22.43734844879948 0 0
22.50884516479931 22.5066564823403 0 0
23.83213431812489 22.5296896998062 0 0
24.10411684267416 24.06050819410458 0 0
24.44829739275883 24.41901337375327 0 0
29.90380480196715 29.84871060887537 0 0
0
27
0.5386839087272706 0.2236302864254043 0 0
0.7702673790467636 0.6443147174760722 0 0
2.653872747806903 1.190452221825949 0 0
8.714542382465661 8.069611440033428 0 0
9.007666950249112 8.996914880260794 0 0
9.778390228911364 9.711981189901097 0 0
10.79113750243276 9.898664628690058 0 0
11.25723683938249 11.12558014497354 0 0
11.70668433175147 11.29900375822556 0 0
12.22773870701083 11.78820053217673 0 0
13.07244166744136 12.73295332683182 0 0
14.58020122559168 13.44610243906088 0 0
15.92427190258923 15.10143321352854 0 0
17.316137895608 16.30132878241999 0 0
18.65853105400679 18.04861946740414 0 0
20.19073513405053 19.19831841394941 0 0
20.86932165140058 20.3796382598334 0 0
21.98012543852651 21.32296224485017 0 0
22.96378458116978 22.23441654938857 0 0
24.36815745680941 23.07727430986548 0 0
24.67677465392329 24.40522467284796 0 0
25.07809648136028 24.69908443238864 0 0
25.50892140354594 25.1273765287735 0 0
26.47327560815523 25.67032085714653 0 0
26.92136516429969 26.69850703273853 0 0
27.68401334600125 26.98014104499634 0 0
29.80856930608019 27.73110804333481 0 0
0
0
31
0.1920363967714849 0.1802629767637676 0 0
0.636095807049144 0.5177878316992235 0 0
1.61561943530296 1.426187101774891 0 0
1.974427100715249 1.920855750610521 0 0
3.301050073094508 2.3225947205218 0 0
3.339919921028715 3.332495367860867 0 0
4.509636907497864 3.790140472806633 0 0
5.292843340066021 5.154180538680292 0 0
5.474925661078991 5.373408674674149 0 0
5.605288733767518 5.547355600618356 0 0
6.388107623557414 6.36904242235488 0 0
7.570890242287363 6.756915929230892 0 0
7.706039923747054 7.632190624140097 0 0
8.880260979209263 8.77098559507138 0 0
9.178370958829937 8.952043521464706 0 0
9.440330523631236 9.329104904116106 0 0
11.9864620089027 9.569323967807577 0 0
12.16659934783794 12.14886027103765 0 0
13.7184345729514 12.38219458945613 0 0
14.04420323312715 13.97869748866884 0 0
15.06723090578942 14.8026425923723 0 0
16.11442829945697 15.67579867135879 0 0
16.91704641745 16.24305135383316 0 0
17.52761457216293 17.07557378890628 0 0
17.74999587931583 17.65943841576615 0 0
18.35522528920625 18.13253434499189 0 0
22.59090849758691 22.32235303624546 0 0
23.0175671460261 22.94657214964627 0 0
24.24306103652392 24.12637744256603 0 0
25.15964427285112 24.44874227079618 0 0
28.98129625971351 25.5321825059474 0 0
0
