# Status file for ctqmc. Used to save all times t_s, t_e.
10
29
0.3423270036855188 0.4269438272470821 0 0
1.8367031250536 2.33748554743816 0 0
2.670228932530538 2.739273953935553 0 0
3.02982862736515 3.112814691650294 0 0
3.487367351221319 3.54247762334304 0 0
3.696449775277153 4.116220670299465 0 0
7.561393628483278 8.214414485002651 0 0
9.212212101630881 9.259202297851214 0 0
9.610738735571056 9.680783873541884 0 0
9.791116066198855 9.797691522355398 0 0
9.841105334585306 9.919142803593227 0 0
10.15168438438371 10.18122834080927 0 0
11.77702229695839 11.88586995693557 0 0
12.09797698275571 12.22536255346984 0 0
13.31624809549413 15.84413087367371 0 0
16.19368656433201 18.54373977838328 0 0
18.75341326250431 18.80736971263135 0 0
18.94275015605222 19.79072339193787 0 0
20.28593998644889 20.86621881644545 0 0
21.64828666948561 21.68612829279807 0 0
21.80242145756707 21.86573974553653 0 0
22.82840193112502 23.13022665104866 0 0
23.17601355927764 23.38284820710852 0 0
23.88633258328089 24.19354809145782 0 0
24.49191442968571 24.56085500456809 0 0
26.392432739535 26.39929707030497 0 0
27.21945240925381 27.45962125029528 0 0
27.98982367829027 28.0712472806094 0 0
29.37985389730186 29.70578072200099 0 0
0
1
4.800689220428467 3.883459568023682 0 0
31
0.2476283560143564 0.309840198846139 0 0
0.9421491374030138 1.345862783448046 0 0
1.543187046908593 1.768109159421387 0 0
1.923165456891866 1.950518542597783 0 0
3.444960004113944 3.562513235612933 0 0
3.745625153729235 3.789016256882586 0 0
3.905661122105671 3.983355656023183 0 0
4.841543963417179 5.129132695016279 0 0
5.404429168483548 5.80918236589776 0 0
5.830153941328442 6.635864119983864 0 0
7.670145802069914 8.493314872050309 0 0
8.951873291526255 9.100527203468921 0 0
9.26541315156121 9.395050984331483 0 0
9.433109836929233 10.36378693024887 0 0
10.72858312672455 10.7802121625036 0 0
11.16978823270032 11.32606545448734 0 0
11.34192568028004 11.59112882265444 0 0
11.91129684339368 11.97616082900534 0 0
13.66438580817847 13.84454488399011 0 0
14.86841442048762 15.21705131386202 0 0
15.2628630831126 15.44628567434113 0 0
15.57214384831456 16.00206587269902 0 0
16.64719405678209 17.20448502152291 0 0
19.7120461382713 20.53329621337344 0 0
22.51499426340884 22.61106635409455 0 0
24.27755317915922 24.40594038752219 0 0
25.00626699347354 25.09506651883195 0 0
25.509162902912 25.53814214923063 0 0
26.34259006670856 27.15169727133459 0 0
27.72314751361043 28.33031872423717 0 0
28.37623243017296 29.97433021085481 0 0
0
23
9.273764298901979 8.822872649617022 0 0
10.41453873799365 9.783196671624227 0 0
13.3478818462289 13.13014500741499 0 0
14.19628997861492 13.96754740197562 0 0
15.85727630068259 14.45092790418863 0 0
16.4619512803559 15.88331583474934 0 0
17.62714097801739 16.50160655244652 0 0
18.04919497732881 17.67553202896475 0 0
18.63266080918304 18.11497204143157 0 0
18.84212454651954 18.71362244325025 0 0
19.21211156351252 18.90868303187371 0 0
20.05109049979818 19.38113643845698 0 0
20.64698466778604 20.07897789778671 0 0
21.23374555752299 21.11850843057832 0 0
22.32879068956806 22.13681048005689 0 0
22.45424032143614 22.37229368063846 0 0
22.47139274412894 22.45778978460329 0 0
22.6911896514492 22.51813160301026 0 0
23.91839101921032 23.60802396600141 0 0
27.15503446349363 27.03045002479163 0 0
28.61884524133304 27.49507757448112 0 0
28.74704704622002 28.67394146429875 0 0
29.94231358733027 29.33484105381498 0 0
0
0
35
0.1837334136412885 0.2616353709756314 0 0
0.7355266492724126 0.8126481805496395 0 0
1.044520779689702 1.059521762265857 0 0
1.159221624066372 1.246451013041502 0 0
1.2758536380932 1.394409177983021 0 0
2.531233149417074 3.739067300107217 0 0
3.974412255652737 4.828459770994686 0 0
5.013759345762766 5.153536488629687 0 0
5.234757495196353 5.442302272441245 0 0
6.139069267962554 6.498835065137894 0 0
6.506004645103089 7.424840514468023 0 0
7.517924825348225 7.650260436924534 0 0
7.914319243333061 7.983452599794673 0 0
7.996349096426981 8.275095579305074 0 0
8.793438072647227 9.208678708359821 0 0
9.629365932079235 11.20779461112949 0 0
11.41208425304183 12.30337208638642 0 0
12.36790681772947 12.44900188974455 0 0
12.54388248721765 13.48657772569407 0 0
14.61013502524497 14.68348145916144 0 0
15.7867947432687 15.83853043486742 0 0
15.90764533488322 16.81104969936013 0 0
17.2331993222931 18.37708599577983 0 0
18.65131164526221 19.53613161574528 0 0
19.72136687042499 19.7987647827079 0 0
19.80332194600628 20.18807913387484 0 0
20.39156423808027 21.03168218857884 0 0
21.07887427971183 21.44930944791874 0 0
21.49299641867764 26.5289132792229 0 0
26.87350741310144 27.21806310870886 0 0
27.73656716930557 27.96082424955168 0 0
28.1530057017645 28.32553550696556 0 0
28.34361899139845 29.09063480552874 0 0
29.19641145171506 29.40665057332653 0 0
29.48876253857303 29.57618931883779 0 0
0
