# Status file for ctqmc. Used to save all times t_s, t_e.
10
24
1.31724311697117 1.91120854890561 0 0
2.110013205215749 2.400651583441589 0 0
2.481960966315887 3.201269485883266 0 0
3.830222727125798 4.728656844428286 0 0
5.576079660927152 6.029267429092668 0 0
8.577997746834518 8.792855438580162 0 0
8.818965975784787 8.819244682864509 0 0
8.824801989446463 11.98236213630276 0 0
12.18682706006784 13.34714327476737 0 0
13.58424033529596 15.3568528695342 0 0
15.39961046613975 16.46237071310114 0 0
16.81395821376853 17.28683665348181 0 0
17.29897725292369 21.4254170138482 0 0
21.90635802504131 22.04209334984619 0 0
22.78443567910011 22.85779704502891 0 0
23.37215858687828 23.49601743572869 0 0
24.87941106563779 24.97571751240631 0 0
25.56442249527083 25.77091483532066 0 0
25.80212333702865 25.84234456006629 0 0
25.91742215729471 25.9537998666234 0 0
25.96871725697864 25.99380766660707 0 0
27.03945128378739 27.05949524933663 0 0
27.99037975941292 28.67036967827934 0 0
28.95458163681721 28.96043542082517 0 0
0
0
23
0.1971738774973133 1.536502601922824 0 0
1.749060619786274 2.072790927047252 0 0
2.509178019819693 2.54524112408971 0 0
2.624553939361813 4.868786285492259 0 0
5.548559008645546 6.077829903188967 0 0
6.743774197560004 7.478075849029445 0 0
7.57373138587972 7.581365601254647 0 0
7.855014492615854 7.980819399100668 0 0
8.290906537608715 10.58517471594593 0 0
10.66476480105075 15.87141997764492 0 0
16.42241801085187 17.17760636996448 0 0
17.76035042980163 17.86729307458168 0 0
20.59719720621215 21.37204389240847 0 0
21.56442772161095 23.3546585076745 0 0
23.66000073031696 24.31705090071527 0 0
24.68544078598775 25.28026413889332 0 0
25.77535165248231 25.90589304118173 0 0
26.21081124992611 27.75361562354616 0 0
27.78057035683305 27.88326796655953 0 0
28.21656742111217 28.28659741711185 0 0
28.62987537689897 28.78420830061516 0 0
28.92456277357351 29.07090398317988 0 0
29.62402197191383 29.73984291588648 0 0
0
31
0.1185339089149124 0.5170805825029603 0 0
1.511694222262815 2.571747845351756 0 0
2.806159135073415 2.862911426145807 0 0
3.030724159533015 3.387215463815238 0 0
3.737574184959151 3.976187811804774 0 0
4.677409486573947 7.694627428536952 0 0
7.893101977490946 7.915881906824541 0 0
8.314138952129658 8.484263863866843 0 0
8.551688934606775 8.740376715616721 0 0
9.150817731704814 9.256053999194346 0 0
9.683223300372916 9.912912486049038 0 0
10.18510485338364 10.61490757901505 0 0
11.40556184833937 11.51087058427244 0 0
11.64048056972753 11.77245855881531 0 0
13.29832352710855 13.32403738749331 0 0
14.05365623003075 14.14450423360558 0 0
14.79102437788895 14.8960765359734 0 0
15.17635864487821 15.23284221755318 0 0
16.29783608793662 16.68934693634015 0 0
17.08368120742074 17.43314383051609 0 0
17.44385912658108 17.57124767072031 0 0
17.95579550114999 18.01953702227037 0 0
18.05566955430624 18.46508278925083 0 0
18.6922023410164 18.70488144437223 0 0
19.07574462773542 19.21399474574457 0 0
21.31690147793 21.85047765907863 0 0
24.23918771273089 25.8646990683447 0 0
25.89068768634879 26.24114831699004 0 0
26.45999647739294 28.00986316574965 0 0
28.6544360149424 28.84174812571179 0 0
28.87787650133634 29.38235135082674 0 0
0
0
36
0.5103939526345956 0.08974205914145372 0 0
1.531373596248438 0.6610857622792232 0 0
1.692159491660522 1.532886957227548 0 0
3.251148873608847 1.786469837947123 0 0
5.749409994853887 3.880553007759775 0 0
7.238525513450993 5.802973423369425 0 0
9.007677851723168 8.276441374206554 0 0
9.369655476726107 9.035082320971119 0 0
12.00520604917717 9.427029751562353 0 0
12.08941767192772 12.06824375361768 0 0
12.24301981232195 12.14886231591811 0 0
12.46962697225228 12.36818870375007 0 0
12.67622776801262 12.63182445170519 0 0
13.26415578718704 13.06928407833246 0 0
15.11690224134639 13.35167233203555 0 0
15.40026047584259 15.2203825695174 0 0
15.89231476024195 15.40576614020968 0 0
16.06784134824971 15.96816185091762 0 0
16.4829246091299 16.38505361974689 0 0
16.7540566902496 16.71625895195563 0 0
17.24616223837697 16.95037600178844 0 0
19.73220130029669 19.28212196511299 0 0
20.18359739129541 19.88906629377047 0 0
21.02503652399135 20.51640712151887 0 0
22.61727428146803 21.04173061588337 0 0
22.99254765291788 22.83697594496339 0 0
23.57608438216577 23.57245666735561 0 0
24.23939115552822 23.95301155426498 0 0
24.94213886765713 24.35722988890156 0 0
25.28484733514559 24.94579239842837 0 0
25.85213825722437 25.43820051708202 0 0
26.23175195783314 26.13321370877954 0 0
26.86906896535177 26.47444712481856 0 0
28.16156521103992 27.03674403902138 0 0
28.42461853823547 28.19103791827392 0 0
28.66828727648247 28.66574391914912 0 0
3
10.05311293947049 9.732100367546082 0 0
10.64383987532852 10.35909519560165 0 0
12.53113746643066 10.75659097998294 0 0
