# Status file for ctqmc. Used to save all times t_s, t_e.
10
31
0.1477759486004402 0.2150903005664007 0 0
1.91363584673265 2.407733817518684 0 0
2.679074623947642 2.883462573755746 0 0
3.073635757443789 3.543066427566648 0 0
4.38778058164462 5.733883568734751 0 0
5.951802118011651 6.212535945083727 0 0
6.214302967709647 6.944705861033295 0 0
6.953353999533377 7.02960802285566 0 0
7.270683433185954 7.456623762166129 0 0
7.835513938807855 7.929095945191939 0 0
8.068013261070316 8.351900186761826 0 0
9.790601670611881 9.813592759907539 0 0
9.991736339155652 15.59904197759143 0 0
16.55792876894851 16.9119645269509 0 0
17.69418833222452 17.85309855806428 0 0
17.8687639752733 20.98873658045455 0 0
21.11907942716136 21.29497748122856 0 0
21.35661786422524 21.64411397812481 0 0
21.65982710224063 22.19201055171862 0 0
23.05899499365443 23.37901181682234 0 0
23.53147489464908 23.73656697715634 0 0
24.40003837747976 24.45510866378976 0 0
24.69907850952437 24.7328573449973 0 0
25.23617554550506 25.54170133852929 0 0
25.78774923527424 26.14302597908864 0 0
26.20297762619797 26.2769147931964 0 0
26.41589499730914 26.8890049979068 0 0
27.3264594445718 27.34624367491311 0 0
28.24955817189996 28.25580944327345 0 0
28.49772241555597 28.55116293518554 0 0
28.84736666480892 29.54935142841555 0 0
0
1
20.60836851596832 20.50351023674011 0 0
29
0.08479169192389691 0.1300051561513058 0 0
1.521474506247839 1.588066705218152 0 0
2.16708943581419 2.305447962380028 0 0
4.16857335706398 4.192021342653129 0 0
4.455824760172188 4.950290547855349 0 0
6.765077562511767 6.900807226654694 0 0
7.300473393390109 8.087956876354221 0 0
8.693363582437343 9.053573557946663 0 0
9.138585269426683 9.2149339935106 0 0
9.717729553682524 9.73685578606651 0 0
9.980107318449075 10.07467809636641 0 0
10.14502715783764 12.86373113298538 0 0
12.94838090710425 12.99628496934863 0 0
13.15666272504062 13.33906416538322 0 0
13.60495868627806 13.86106427514163 0 0
14.30351012503799 14.71986684681131 0 0
15.61515666823159 15.70925037145727 0 0
16.15044659210536 16.9051262199525 0 0
17.91952886982635 18.07800959783354 0 0
18.62440054152049 18.70842893991093 0 0
19.25596673788363 19.5780150360033 0 0
19.99060280159102 20.49287089468911 0 0
21.01435716509348 21.22749513683029 0 0
21.40038523775629 21.49596339616653 0 0
22.23928668446518 22.27572208611598 0 0
22.8446868708285 22.95395988713462 0 0
28.46687447481467 28.47462897465025 0 0
29.3445247305923 29.50390197918113 0 0
29.59772257923857 29.9341379438715 0 0
0
37
1.40821256603044 1.312468624216644 0 0
1.648308668465825 1.51817193920232 0 0
2.534346846279518 1.675107028242544 0 0
2.997841937708664 2.780927633037624 0 0
3.503918352889431 3.294934535478387 0 0
3.827143585068298 3.585682425471762 0 0
3.94365360344099 3.869286850622502 0 0
5.737170296522132 4.427594079322978 0 0
6.248937139659777 5.93391362437826 0 0
6.517304934765336 6.494147632862689 0 0
7.411755249489026 6.575288194104893 0 0
8.803015312621286 8.720013046890722 0 0
9.830576177632105 9.499444559414769 0 0
13.01748994851408 10.11131796867884 0 0
13.43399485613449 13.36729753610943 0 0
15.06635091828848 13.59123963585923 0 0
15.47664182884198 15.22465109974045 0 0
15.82697721964324 15.7204271189648 0 0
16.35727430429358 15.95644122883011 0 0
17.08967867661707 16.62710276139301 0 0
17.83112005624192 17.57080973594145 0 0
18.45602700090509 17.91579951025901 0 0
19.22555452726781 18.52770553976963 0 0
21.29776948554444 19.39408089339537 0 0
22.15656686385485 21.34309213542566 0 0
23.29848395067214 22.84370267793398 0 0
23.57602066476604 23.55911211304696 0 0
23.62064409268331 23.59825363552898 0 0
24.78174085006183 24.62722179726847 0 0
25.50674565323219 25.03054928608359 0 0
26.54938873259174 26.37906575534977 0 0
27.19817550462695 27.02657603112917 0 0
27.38954900452205 27.37712509556273 0 0
27.92955399192957 27.91927009588018 0 0
28.65232627608341 28.42004173726699 0 0
29.6563106056238 28.84670455969872 0 0
29.99284643110929 29.793915230242 0 0
0
0
22
3.901129196416389 3.741304829493422 0 0
5.158655015594006 4.58625713197799 0 0
5.287809864570441 5.276263843718166 0 0
5.317726622691833 5.30462299938858 0 0
5.922915665383408 5.894903016779348 0 0
6.431088910511641 6.271494714685883 0 0
8.024839458340741 7.548816374947024 0 0
8.895873977583397 8.521815793440988 0 0
9.371463545598127 9.30398074439139 0 0
10.00469175101777 9.795452249926857 0 0
10.99486233340481 10.09006069580646 0 0
11.22130487462449 11.08959932425069 0 0
11.8479152344851 11.31121937552189 0 0
13.24550074984839 11.99145160752563 0 0
13.51651697404492 13.40296798365564 0 0
14.2665022860714 13.97575939006075 0 0
15.78230751358996 14.46216607492826 0 0
16.85276064179508 15.82248592294984 0 0
19.63917177121319 19.27816126635466 0 0
20.45782879686086 19.7206810750578 0 0
25.83455788762598 25.82726758465368 0 0
26.4601394434518 25.94053593678835 0 0
0
