# Status file for ctqmc. Used to save all times t_s, t_e.
10
34
0.5866285431099822 0.1834091001412261 0 0
0.9700135840586745 0.8235192075720759 0 0
1.949164723055758 1.113411107982051 0 0
2.278890771408884 2.040352030529655 0 0
2.875705218946268 2.580212692144127 0 0
3.006116185005292 2.954114837517956 0 0
3.766068659548801 3.239914992167687 0 0
4.582101385207741 4.073733536288173 0 0
5.968088164725199 4.684603355910274 0 0
6.336915745171805 6.322543954146396 0 0
9.594173422118672 6.389980608631216 0 0
10.65351305941929 9.71873579876126 0 0
11.3151233970171 10.68757465143737 0 0
11.67251931611743 11.44053622755319 0 0
11.85317962473428 11.71126122434118 0 0
13.3289985389592 11.88061775325787 0 0
13.53561605955804 13.40565651718499 0 0
14.10790993802271 13.7276815269066 0 0
14.63719966171809 14.49656888630998 0 0
15.17942245678799 14.93061983618399 0 0
15.64931185265891 15.58453712240515 0 0
19.60408984742301 19.5066111464081 0 0
19.7659921358922 19.66531586933363 0 0
21.23717640899023 19.87774689104004 0 0
21.53182344415742 21.36889994895878 0 0
22.6895128069361 22.14249291860768 0 0
24.1487355532896 22.73484469536498 0 0
24.6411092784221 24.21552548898111 0 0
25.48008329883024 25.01238892139039 0 0
25.78064159718715 25.60005224720727 0 0
26.06424735857215 25.85866824252232 0 0
28.10510712999738 27.02932674446362 0 0
28.84170771712272 28.16898420839681 0 0
29.0894321816222 29.02609309493848 0 0
0
1
13.95286560058594 12.92509853839874 0 0
33
0.02727883143977294 0.3753673623026688 0 0
0.4648617315054244 0.7141900602530755 0 0
1.443685923329895 1.554393451692243 0 0
2.220467216190386 2.277009331453892 0 0
2.29705409901317 2.298523717939911 0 0
2.693744126883984 2.855715819872383 0 0
3.792939618642454 5.603090617156375 0 0
5.973958245336767 6.260142996679038 0 0
6.546840384602834 6.620575810521399 0 0
6.916131730291736 6.947421413292814 0 0
7.249582222995647 7.692034594901993 0 0
9.269787851785894 9.398816894329125 0 0
11.01668957971292 11.6301489941292 0 0
12.43524988410781 12.76596106974852 0 0
12.9928803940418 13.58720161151612 0 0
13.77908552973005 14.06085490547319 0 0
15.82062042425522 16.02349374329594 0 0
17.18768240031917 17.44746674794958 0 0
17.75790676552729 17.80642002510612 0 0
18.12636690749638 18.30806105524714 0 0
19.2866918117445 19.69913182516206 0 0
19.79094923725471 20.06674130991398 0 0
20.16470992822242 20.20481617947171 0 0
20.33053110501526 20.70653184817003 0 0
21.36618243616511 21.81779723379172 0 0
21.83446599943968 22.60961990094466 0 0
23.03209853678018 23.76244302377452 0 0
24.96290691006264 25.13844861202082 0 0
25.89478710845509 26.13851508249328 0 0
26.63735668674439 26.68119867847506 0 0
27.18625228467799 27.71556842917717 0 0
28.06460104421436 28.21832628188373 0 0
29.59470791863801 29.99038387303574 0 0
0
24
0.3830599221288189 0.4078227064673732 0 0
0.5653490410422561 0.5880312185941821 0 0
1.254804575209742 1.489064175182264 0 0
1.748819987644463 3.526888163362351 0 0
4.241384036597006 4.293585670758185 0 0
4.46084379252708 4.498933154060032 0 0
4.730215925044255 4.747406351587891 0 0
5.322603285821775 5.968734638994666 0 0
6.102321186094573 12.24154695221711 0 0
12.25950716959366 16.18345612197545 0 0
16.39346945683971 17.16604762815667 0 0
17.69975835564886 18.01712322044385 0 0
18.33977017069906 18.59744450924812 0 0
18.70286354999852 18.72511108107856 0 0
19.05166952824681 19.07071512329893 0 0
19.57040698823213 20.33023186061929 0 0
20.66883883774476 20.98535313845949 0 0
22.17844548044265 22.3968070177383 0 0
22.4609982664222 23.11277598012822 0 0
23.27723002881864 24.38915661349244 0 0
24.42682516223654 25.69405452074189 0 0
25.80825690196776 25.94180445555852 0 0
26.89498472109729 28.29536787556258 0 0
28.79621690950924 29.10855834362947 0 0
0
0
32
0.1393763078027206 1.292151693902248 0 0
1.374104113930244 2.091749402581735 0 0
2.452096486716162 2.972300576372806 0 0
3.097110959068039 3.694993547629033 0 0
4.227068420723787 4.515179123163513 0 0
4.519160537334104 4.58153112213828 0 0
4.668517188634128 4.70260984782555 0 0
5.28549656249524 5.349159433596956 0 0
5.559144267480584 6.020934115134581 0 0
6.534315578725259 9.984970215359244 0 0
10.4043302826455 10.50279303031088 0 0
10.81442564669929 10.84282841816343 0 0
11.391723751227 11.53718340247821 0 0
11.64735107328448 12.41584027908188 0 0
12.85036899882514 12.9633181050111 0 0
13.15649670403434 13.49228115732824 0 0
13.66322584633503 13.84675523673183 0 0
13.99062953417585 16.691716988415 0 0
17.0765205043791 17.51374931079343 0 0
17.82303066911302 17.84248335356809 0 0
18.49733821667876 18.85528453034849 0 0
19.49364941026176 19.85816046917923 0 0
19.98573821024104 20.25958997665447 0 0
20.61790605108407 21.70698019963983 0 0
22.75030893153094 22.75743681920294 0 0
23.8771303209968 24.12611757678937 0 0
24.39534705603176 24.47338473066099 0 0
24.71636949941578 24.85674352092823 0 0
25.22061477853972 25.42738729511551 0 0
25.57200106318367 25.84161882213403 0 0
25.96624067110022 26.45894186051369 0 0
26.49974581014344 29.8795112942336 0 0
0
