# Status file for ctqmc. Used to save all times t_s, t_e.
10
24
0.2063651801662267 0.2875713996874829 0 0
0.4470176129283407 0.5285621149579003 0 0
0.6005520873049308 0.7055575692722369 0 0
0.880983877331954 0.949153816410595 0 0
1.318238198020526 1.760733508401676 0 0
1.936287765514871 8.347062803044302 0 0
8.514556675507867 8.810133486126364 0 0
8.913206277602058 10.28207041318901 0 0
10.42330368608728 11.26405240839422 0 0
12.66400300390652 12.99031008991433 0 0
13.22019015832385 15.47057057626263 0 0
15.56666665101922 15.8398652068398 0 0
16.28494157099322 16.46798458528541 0 0
17.87920560103117 18.10511878268306 0 0
18.21220721423395 18.49057951619182 0 0
18.7219928017366 18.74975151252409 0 0
18.80778203736465 18.8492476020745 0 0
19.3294478433201 19.89055923082576 0 0
19.95260596588849 20.49314613442546 0 0
21.0107717098925 22.78270037114706 0 0
23.26691914203544 23.42928900471297 0 0
23.80603823182284 27.04178548256304 0 0
27.76093798420589 27.90693775786207 0 0
27.93542981032202 29.91821702250773 0 0
0
0
25
0.4214416926501993 0.5108175351768112 0 0
1.447750290028919 1.45037925286248 0 0
2.699413477044327 2.783012552906279 0 0
3.054799416861707 8.029726559560425 0 0
8.136595818168606 8.167739227196479 0 0
8.424184739976239 10.34180771192691 0 0
10.39916528465606 10.96044052702006 0 0
11.09586290848086 14.33413407564615 0 0
14.59472479920598 14.72213425086605 0 0
14.73744833920704 15.29303763856306 0 0
15.70406601521623 15.72950622549828 0 0
15.7585910411232 19.92538621410317 0 0
20.62327582922819 21.41345070402903 0 0
21.6796214917035 22.07600487749554 0 0
23.19271487499052 23.40011574599932 0 0
23.55641559851851 23.80094234746077 0 0
23.88483412113214 23.90802017262424 0 0
24.26619110400199 24.4134011962576 0 0
25.03375909831293 25.10158806167836 0 0
26.4332752682147 26.51725292901433 0 0
27.45017344425192 27.78318219102864 0 0
27.88526522026163 28.1093501493268 0 0
28.35739560680907 28.43705480772928 0 0
28.72739227735914 28.90389371756608 0 0
29.42208499064757 29.53820247068744 0 0
0
32
0.5712613106022434 0.5579287558128747 0 0
1.00132964340784 0.664408260866163 0 0
1.27229966220729 1.003217793374676 0 0
2.290387984458191 1.317777567624019 0 0
3.082312059097794 2.553942118431095 0 0
4.07983957557055 3.363408837605808 0 0
4.764091485401448 4.1492910380683 0 0
6.291878775417279 4.878020144960106 0 0
7.746451728762617 6.562023249976545 0 0
8.673846554185776 7.79193277505963 0 0
10.19219834162073 8.997963043574481 0 0
11.271281611386 10.35839208325677 0 0
12.31324989955414 12.17154878237008 0 0
13.35376369420349 12.87908786349418 0 0
13.48581963655207 13.38815112014247 0 0
14.66823689340059 13.7623709887707 0 0
14.97465043834546 14.69125336379645 0 0
15.33149645253153 15.29745669875891 0 0
17.57921929722449 17.52138595284125 0 0
18.35251176055438 17.94638811773901 0 0
19.89393894540714 19.00861707577372 0 0
20.01809524306826 19.91327768257924 0 0
22.28623112946385 20.73701045951426 0 0
22.75615682308987 22.31087181315592 0 0
23.69036299887781 22.86445679278879 0 0
24.17583723264532 23.78837868480533 0 0
26.01543027065291 24.19827174666633 0 0
26.90019535042634 26.30945356432127 0 0
27.02722292111103 27.02019614650433 0 0
27.81777902170683 27.7765992958756 0 0
28.20850402994456 27.84865470119631 0 0
29.93858881257058 29.39131947720986 0 0
0
0
39
0.6610905181389335 0.3706280366332858 0 0
0.7733332865014404 0.7394082603258427 0 0
2.674437098801196 2.441683299654179 0 0
2.859426465057007 2.723284432932185 0 0
3.712511988760578 2.865056129280364 0 0
4.182021704702263 3.724952904335944 0 0
4.677113897368374 4.200854550121223 0 0
5.700432923854883 4.693297203046297 0 0
6.939941553780724 6.159096396064001 0 0
7.205620432149544 7.073181228699392 0 0
7.744282655630707 7.720077354431384 0 0
8.174106966613031 8.046924798520362 0 0
8.959831103114675 8.444729425793858 0 0
9.207811722452513 8.998468742841936 0 0
9.4836746930358 9.270827690221337 0 0
9.839854909795296 9.550983681214262 0 0
13.50055906516523 9.949849229987304 0 0
14.3312105461402 13.53794437755489 0 0
14.79225779209889 14.66590346144716 0 0
14.87331069797167 14.85721661296386 0 0
16.6758377463851 14.93484175481342 0 0
17.28556884627775 16.68685031864496 0 0
17.94191462374365 17.52685667856544 0 0
18.55414646691567 17.96561685126879 0 0
18.91051025281672 18.84790709778087 0 0
20.39337040854092 19.15431276784206 0 0
20.82337684854283 20.40255871200045 0 0
21.18854080809589 20.83791912688737 0 0
22.14395406694723 21.26970675511242 0 0
25.21014226485065 24.79314858508434 0 0
26.06050963245825 25.49986004962133 0 0
27.38651904533303 27.20395892833388 0 0
27.47982625651432 27.42975400128343 0 0
27.55972325564746 27.51714366981129 0 0
27.77809864644202 27.75198596389803 0 0
28.08522623012542 27.91273168127181 0 0
28.6225527819992 28.19275931715487 0 0
29.47970358519709 28.7191154785129 0 0
29.59688688787582 29.56873557202621 0 0
0
