# Status file for ctqmc. Used to save all times t_s, t_e.
10
34
0.600872625299097 0.4661322404410326 0 0
1.591627440305277 0.8762436071311405 0 0
2.207443542430219 1.617774031313658 0 0
3.544121382990645 2.296475005682225 0 0
3.827729925742672 3.564783293865032 0 0
4.711541242352558 3.842100891138204 0 0
4.802984385745044 4.724111635618054 0 0
5.455434288236402 4.861244352826196 0 0
5.834974286048868 5.502970271531272 0 0
6.69971196061495 5.859750730220922 0 0
7.340415050670681 6.960931232164555 0 0
7.636391837234117 7.455185092362428 0 0
8.078676839201092 7.833890960269747 0 0
8.211016820015121 8.116919228823546 0 0
8.891553110936821 8.253176342432241 0 0
9.090597255238515 8.957322348079877 0 0
10.44177304003783 9.541973737837203 0 0
11.13536021769363 10.64716278319774 0 0
11.4295316462559 11.20041570373852 0 0
11.53207258179204 11.48396987724229 0 0
11.69111562155546 11.58933778381827 0 0
11.92405948551647 11.9015472074685 0 0
12.52366916571776 12.37455119253253 0 0
15.47488381958446 13.27950192142537 0 0
18.10623336651437 15.8172728462217 0 0
19.36735063196599 19.14229009182893 0 0
19.92075459372471 19.49868107119273 0 0
23.24572525366093 21.73896441235308 0 0
24.39960559561982 23.71483907678261 0 0
25.66127519311651 24.41187912920718 0 0
26.78940902094879 25.66569275633087 0 0
27.31799870818998 26.81284212812443 0 0
28.23460880408638 27.35875815924288 0 0
29.9015089853191 28.83225524954219 0 0
0
0
40
0.04732481737122995 0.3561940577917159 0 0
0.4064696632514682 0.6995653970825408 0 0
0.9741571329486879 1.229518524950188 0 0
2.21892833771352 2.402736605606369 0 0
2.410012342067734 2.428041889931752 0 0
3.042264393928392 3.097914151974226 0 0
3.412114342062714 3.583455181241732 0 0
4.280820362339212 4.305955934630907 0 0
5.451221595328471 5.784747301922054 0 0
6.073027417633614 7.309058732148786 0 0
7.398106158197261 7.444593551691222 0 0
7.509447507517523 7.913844582238397 0 0
8.756382552267569 8.796682754532164 0 0
9.847234813715476 9.936889355237195 0 0
10.51476772719655 10.8419035304253 0 0
11.12735750514925 11.15387906597473 0 0
11.25069692213446 11.92602332282445 0 0
11.9496094450694 12.13971148304852 0 0
12.20839599394277 12.44652224011763 0 0
12.45917998573404 15.06998569149754 0 0
15.24826027097524 15.40575499058768 0 0
16.31511428473275 16.35777747364842 0 0
17.38536339239566 17.50683916061373 0 0
17.72904939110836 17.82881491622639 0 0
18.14755898968029 20.11688172276547 0 0
20.17667854688703 20.5860672245547 0 0
20.82146400280963 21.24470332307918 0 0
21.53757028982854 21.58137888695052 0 0
21.65512057531648 21.88846115632116 0 0
22.19018751718454 22.35154854448803 0 0
22.95045740881955 23.08884970416526 0 0
23.2495146606186 23.90028598277284 0 0
25.53739075177571 25.77775629475305 0 0
25.97592995096871 26.43026686399196 0 0
26.50274227622988 26.69669319456919 0 0
27.55493264873523 27.73259662056885 0 0
27.94900548659593 28.0438203617623 0 0
28.27436499357701 28.34083978360974 0 0
29.06419021072558 29.40871869242552 0 0
29.49680332069074 29.86912318111618 0 0
0
32
0.1018438462993139 0.2832393348497307 0 0
0.4837798448919628 0.7403649606119264 0 0
0.8858208186046173 0.9448303585285833 0 0
1.114536217664956 1.82770447724574 0 0
1.946635371122811 3.033911699180599 0 0
3.460280941797536 3.748464072842213 0 0
3.994698630632754 5.062205076422684 0 0
5.079344679662657 5.213050367678467 0 0
5.590480491930188 6.055170068739277 0 0
6.328812499757062 9.131073515188035 0 0
9.387757249621989 11.64718479473899 0 0
11.98287715979642 12.04624782915889 0 0
13.97060615837339 14.21317421784931 0 0
15.13610879798285 15.59136901311239 0 0
15.59744695646698 15.67888778524235 0 0
16.12018453617011 16.98986500747332 0 0
17.28876334927553 17.98888502037027 0 0
18.42582772191784 18.73356327839559 0 0
18.91755692550543 19.74384690956101 0 0
20.02399158464538 20.07607335092841 0 0
20.32561640629826 20.45119169475069 0 0
20.48072796844156 20.51816482264894 0 0
21.10319308053724 21.12069656744996 0 0
22.02419737160319 22.4111831555823 0 0
22.6485141687734 23.37058436185642 0 0
24.12110325258299 26.41035767064894 0 0
26.44203170821206 27.14894409287111 0 0
27.23386337748571 27.73777507457773 0 0
27.7402908172142 27.87424872110185 0 0
28.20876681665061 28.27376116464354 0 0
28.79232826525908 29.22212209496529 0 0
29.2972509952057 29.91727929581287 0 0
0
0
27
1.50375648754615 0.05908856202334789 0 0
2.144360444305538 1.864331754976945 0 0
4.888953258633529 4.702373423107875 0 0
5.050105090000976 5.046398853311955 0 0
6.188636226154967 5.39769847396533 0 0
6.443162033430612 6.348090690253084 0 0
7.645841182216437 6.555360516005993 0 0
9.263155423910209 9.187356722706005 0 0
10.09660707582134 9.761976549577488 0 0
13.06605172746396 12.87855167255054 0 0
14.32094978181642 13.24880732071262 0 0
17.64511353837395 17.60832584671587 0 0
17.73084534345837 17.69099212973717 0 0
19.44037517404608 18.34709305296774 0 0
21.45431588005659 19.52291361240328 0 0
21.77875470047192 21.48880565929705 0 0
22.15442468194581 22.08767949146609 0 0
22.31753364849298 22.25262372812474 0 0
22.49595218626022 22.40265294310043 0 0
23.17874303236574 22.9934778130875 0 0
23.75377615918735 23.19818354469553 0 0
23.99564948504572 23.92409037284832 0 0
25.6684090709259 25.29825682193453 0 0
26.40368161892944 26.02021629836905 0 0
26.82057335455779 26.42222919005544 0 0
27.40368364123947 27.3698881482187 0 0
29.3975326827759 29.35254751640399 0 0
0
