# Status file for ctqmc. Used to save all times t_s, t_e.
10
30
0.6517638389637681 0.008679989046665781 0 0
1.15691757165775 1.09431448679462 0 0
2.579718566482267 1.174894455531798 0 0
2.843861236507218 2.71793147272841 0 0
5.165438550182566 3.190741935491872 0 0
5.411229205383944 5.408980333159858 0 0
6.27921317428668 6.178347395914413 0 0
7.360932903131197 6.49035012381527 0 0
8.461135711949689 7.381007084758704 0 0
8.656661732443254 8.496842804093577 0 0
9.37476324678328 8.793967314061074 0 0
9.594352158239797 9.498550919393921 0 0
10.64017872822128 9.70826901297669 0 0
11.37052134124812 10.73995221998637 0 0
13.24977344278387 11.38929692624078 0 0
14.25204916206408 13.32560681153327 0 0
14.99020333249739 14.25867833320841 0 0
15.72040984101033 15.60701509338258 0 0
16.23315188715407 16.02985765090684 0 0
18.85577837962894 16.27244675471722 0 0
19.7901164916139 19.02342329193797 0 0
20.02360243198659 19.92130479170273 0 0
21.30247125659071 20.79201630050163 0 0
21.97200097155141 21.48043519531733 0 0
22.79583308748412 22.24220484855095 0 0
23.98268585878939 23.66784624469125 0 0
24.37343635159325 24.05544725629777 0 0
27.17797163539518 27.17235424556559 0 0
27.37430241619231 27.18757226528575 0 0
29.79071764939556 27.97732553053555 0 0
0
0
31
1.577804731983026 1.575558330602297 0 0
5.792650350802184 5.405292175079675 0 0
5.994390266486811 5.898105487843928 0 0
6.855026280895596 6.373135611807066 0 0
7.413088461335035 7.239541617806551 0 0
8.216596704780459 7.770407907463745 0 0
8.531352624540975 8.309863759752245 0 0
9.323451891656585 8.67620393161371 0 0
9.965306541086976 9.668197428718225 0 0
10.4253177328252 10.20184234843362 0 0
11.05160130543252 10.95379686337658 0 0
11.45897660096214 11.11787993907024 0 0
11.90964182307775 11.5115233840294 0 0
12.13266615639382 11.93781802479899 0 0
13.1551636989791 13.15462002136166 0 0
13.34529264191629 13.22594244881889 0 0
14.56835834284099 13.95431366387246 0 0
14.87136265217229 14.57103523925052 0 0
15.54722122559514 14.97635337606579 0 0
16.21181250657873 16.1790363311204 0 0
16.89464046766075 16.39119908976162 0 0
17.13689826330961 16.96359839452016 0 0
17.53245520920525 17.36917022856874 0 0
17.63733916062937 17.58256791589821 0 0
19.54192067763542 18.3789262978493 0 0
19.98491162461741 19.87111343472398 0 0
20.40805894061242 20.08999969432024 0 0
21.00834888602392 20.97163940405699 0 0
23.26723580731525 23.2545507613636 0 0
23.42286595078409 23.41328373047714 0 0
24.55724361462556 24.36197328694244 0 0
0
32
0.0525625137998027 0.9704383181442975 0 0
1.06432411456051 2.837782156251143 0 0
3.271660757529294 4.883384975369555 0 0
5.448388073732978 5.564096045638771 0 0
5.998341510291109 6.113261690076582 0 0
6.492443628890693 6.703876723385219 0 0
6.991389494315143 8.570637618591132 0 0
8.855866956948942 9.07083065038799 0 0
9.632042641408875 9.966566006999884 0 0
10.22778349630852 10.82752620789562 0 0
11.04863494175238 11.32362209401184 0 0
11.36356522467987 12.30326776006679 0 0
12.46427823373957 12.71273262208636 0 0
14.326767534728 14.42281490781244 0 0
15.87246601189588 16.02241625179561 0 0
16.38343182806165 16.89574161666764 0 0
16.89589968196846 17.19968747740268 0 0
18.3255013311784 18.33765885167474 0 0
18.39748502422133 18.72582192505956 0 0
19.01987604474627 19.26473826192032 0 0
19.60937119344419 19.95685185082878 0 0
20.67856332531091 21.22414184626606 0 0
21.46264380522171 22.87075138595924 0 0
23.06491762470535 23.19083587813889 0 0
24.5206644070427 24.82211777991905 0 0
25.7309472568666 26.09511731728062 0 0
26.39799303489306 26.43263612463374 0 0
26.89364359474489 26.91232899654863 0 0
27.063910630247 27.16758040153511 0 0
27.26112718241703 27.45396427230548 0 0
28.0848086685617 29.18605751311327 0 0
29.61043290616364 29.71349402375078 0 0
0
0
14
0.007320486091934697 0.4125782935601983 0 0
0.6504765079391899 0.7181196080097527 0 0
0.8792974643390294 1.005625874161323 0 0
1.059296784189595 1.189448581887948 0 0
2.380743705190613 2.399734723797057 0 0
5.35306758729551 5.984606158474829 0 0
6.474019585893397 6.90004308021059 0 0
7.356254743426756 20.13776869596133 0 0
21.19613459387723 21.24213273411136 0 0
22.94705722479144 22.97605130716447 0 0
25.15961260966259 25.23153916542443 0 0
25.23766372563686 25.4485118159206 0 0
25.77492341832088 25.86991687270872 0 0
28.25336931941978 28.30467371529561 0 0
0
