# Status file for ctqmc. Used to save all times t_s, t_e.
10
23
0.05797723469135718 2.546880442581568 0 0
2.577085564580478 3.202630209412146 0 0
3.383247022241157 3.93053190095897 0 0
4.466999636578318 6.406095451019063 0 0
6.535683160211997 6.951965824423301 0 0
7.10296372021191 7.336258158352546 0 0
7.602047517013388 9.190865299180146 0 0
9.450960605381004 10.4413445512301 0 0
10.65350982008912 13.06316774452399 0 0
13.33152947016861 14.13381635429139 0 0
15.58886040988501 15.82588304642034 0 0
15.91501912656542 21.11396783446807 0 0
21.19405323718145 21.35373111303505 0 0
21.36748712590826 21.56140836915166 0 0
21.72970649293659 21.75221924071621 0 0
22.18428417646684 22.25257867451762 0 0
23.08830452094826 23.24224803841362 0 0
23.97136812374563 24.15748865385491 0 0
24.7729690124046 24.97979425377912 0 0
25.87980748958858 25.93341141476269 0 0
27.20368774794412 27.49329773165711 0 0
28.59892429687166 28.71333481162239 0 0
28.89330919630817 29.66662422675637 0 0
0
0
45
1.237060185452584 0.9935670173354971 0 0
1.500887638502941 1.241649433182868 0 0
1.635910411265916 1.550768784744918 0 0
2.119850703482391 1.782298941434646 0 0
2.401063587716248 2.372329748869447 0 0
3.88988221408154 3.540539056054807 0 0
5.576755169441784 4.032535671458511 0 0
5.705618973752546 5.599370606812855 0 0
6.180240536605536 6.086486049252533 0 0
6.376663418246894 6.356231523466986 0 0
6.854653814401271 6.377292784818366 0 0
7.118442787043521 7.002904966306775 0 0
7.508626705681458 7.148954511186167 0 0
8.337379632880877 7.935654215233547 0 0
8.430096808454545 8.407690429311094 0 0
9.206523922023475 8.79911622957817 0 0
9.932984966026451 9.229152401987655 0 0
9.941248433359034 9.93624756917464 0 0
10.55501112711765 10.20241972237871 0 0
11.41870692169195 10.69927468317495 0 0
11.80766861283315 11.63186059551327 0 0
12.01104111953855 11.94491448767942 0 0
12.07777409746531 12.06155822599601 0 0
12.58591785776597 12.45361650308005 0 0
14.82287192165216 13.47658512494407 0 0
14.9394225401474 14.83486888142336 0 0
15.23577396749024 14.95527362770693 0 0
16.27694274604723 15.2418199392833 0 0
16.86409061052993 16.30615619336433 0 0
17.02386211951391 16.86592573876263 0 0
17.56009360312136 17.15997056065103 0 0
17.97601714795758 17.67757153003303 0 0
19.74836560317365 18.1666682745238 0 0
20.06987669901534 19.76812916117728 0 0
21.35715535052681 20.59894158060868 0 0
21.79476371860195 21.44628575138613 0 0
22.35653289932428 21.87319957590486 0 0
22.4792407244017 22.46402098295493 0 0
23.18359080363715 22.96552494579086 0 0
24.13514558990632 23.30686454517776 0 0
25.24401009630776 24.15884397220051 0 0
25.44963468636661 25.40522797340478 0 0
26.97321576113068 25.82553893168327 0 0
27.13978681110291 27.01321740286427 0 0
28.98431102909921 28.8943122507083 0 0
2
12.08104052158149 11.45280539989471 0 0
12.19850957393646 12.17352407207613 0 0
27
2.170679897497833 0.2422004929039545 0 0
3.675410807505819 2.259596058035366 0 0
4.907749732211381 4.693433439176466 0 0
5.440991454151156 5.171090552655418 0 0
5.944865525796378 5.54029204595874 0 0
6.671030984124868 6.441520152460513 0 0
8.636668942017206 6.841778061045867 0 0
9.994159818500213 9.095041916771285 0 0
12.3315336991004 10.07237243790617 0 0
12.7492165503974 12.45804021822872 0 0
13.12614264773028 12.81008847180177 0 0
13.86724311416093 13.1344073484037 0 0
15.32202699099386 15.31046614969763 0 0
16.40545305850821 15.90599382446623 0 0
17.2801109229894 16.41673344155783 0 0
18.61038267641206 17.59843063427349 0 0
18.72025775751866 18.66379320834457 0 0
20.47994198130834 18.90499902086757 0 0
20.63339803882354 20.58299180911055 0 0
21.09967258589981 20.82676872868986 0 0
21.4461099031963 21.12592604534025 0 0
24.3100505383252 24.30750120634973 0 0
24.89596485431749 24.32545088633321 0 0
25.51634144586205 25.01381753766272 0 0
27.17370540511724 26.4208013925489 0 0
28.29172479827314 27.17525078528024 0 0
29.87492832090454 28.45077061762689 0 0
0
0
33
0.1465539128836914 0.7165478120903773 0 0
1.716146570553028 2.025709176077485 0 0
2.748318245624568 2.918982864422307 0 0
3.522778012341412 4.053721597577561 0 0
4.163148162886928 4.928918387914086 0 0
4.933474909811651 5.249965386345366 0 0
5.826282039488034 5.860884234444736 0 0
6.300835526886332 6.412486892506634 0 0
6.729886493458367 6.971007928454284 0 0
7.276872632109916 7.344418038859561 0 0
8.698621431362545 9.03054178210364 0 0
9.115397038769796 9.307041086060314 0 0
10.00384707036939 10.59599239785205 0 0
10.68851966977215 11.40176365994674 0 0
12.99923879748793 13.64305701389782 0 0
14.49710657717152 15.65263177203481 0 0
15.93401524318135 16.26392928984707 0 0
16.29350415940793 17.38067857708644 0 0
17.4523233188752 17.48240736596622 0 0
17.96795533905667 18.65001870980005 0 0
19.09938250132049 19.54091833627987 0 0
19.54782601573276 20.37276139246405 0 0
20.56049203794705 20.60925181668362 0 0
20.63917250063181 20.97644994694522 0 0
21.18424518850956 21.96993169311154 0 0
22.0945941747337 22.1466172188696 0 0
22.36551117976254 22.90561747866418 0 0
23.39322078067388 24.52744492364574 0 0
25.14141762546264 25.22525346145916 0 0
25.39072874580666 26.98665865273733 0 0
27.33561001657959 27.55753824025433 0 0
28.12471106993026 28.24869304794933 0 0
28.59290675303029 29.09120068357493 0 0
1
0.6736242771148682 0.3189951181411743 0 0
