0.000000000000000000e+00 -5.776107098056354472e-01
1.000000000000000194e-01 -5.201708699872004127e-01
2.000000000000000389e-01 -4.875516405959852695e-01
3.000000000000000444e-01 -4.645412636374319781e-01
4.000000000000000777e-01 -4.473095440313082927e-01
5.000000000000001110e-01 -4.338660180761259033e-01
6.000000000000000888e-01 -4.231933826379339902e-01
7.000000000000001776e-01 -4.145316014965468310e-01
8.000000000000001554e-01 -4.074048152775333054e-01
9.000000000000001332e-01 -4.014152852613194766e-01
1.000000000000000222e+00 -3.962899018603806556e-01
1.100000000000000311e+00 -3.917988850093418463e-01
1.200000000000000178e+00 -3.877783081826886580e-01
1.300000000000000266e+00 -3.840992672773264061e-01
1.400000000000000355e+00 -3.806693184358318494e-01
1.500000000000000222e+00 -3.774262877104644365e-01
1.600000000000000311e+00 -3.743260874014274764e-01
1.700000000000000400e+00 -3.713487414166796174e-01
1.800000000000000266e+00 -3.684796294316894372e-01
1.900000000000000355e+00 -3.657207094645044121e-01
2.000000000000000444e+00 -3.630708584476669554e-01
2.100000000000000533e+00 -3.605380987293240191e-01
2.200000000000000622e+00 -3.581229970834537424e-01
2.300000000000000266e+00 -3.558294123020669386e-01
2.400000000000000355e+00 -3.536531253368684902e-01
2.500000000000000444e+00 -3.515897424790652703e-01
2.600000000000000533e+00 -3.496290848772759530e-01
2.700000000000000622e+00 -3.477596605741940516e-01
2.800000000000000711e+00 -3.459680575348065279e-01
2.900000000000000355e+00 -3.442399895785368535e-01
3.000000000000000444e+00 -3.425631604552950571e-01
3.100000000000000533e+00 -3.409253721868628073e-01
3.200000000000000622e+00 -3.393190930729497179e-01
3.300000000000000711e+00 -3.377375025845397172e-01
3.400000000000000799e+00 -3.361792168012929238e-01
3.500000000000000888e+00 -3.346433899411416224e-01
3.600000000000000533e+00 -3.331335502466363785e-01
3.700000000000000622e+00 -3.316529257702324762e-01
3.800000000000000711e+00 -3.302069149523431113e-01
3.900000000000000799e+00 -3.287996206184012893e-01
4.000000000000000888e+00 -3.274349493951629331e-01
4.100000000000000533e+00 -3.261149491949518753e-01
4.200000000000001066e+00 -3.248398074729086371e-01
4.300000000000000711e+00 -3.236080858790955084e-01
4.400000000000001243e+00 -3.224159687381736861e-01
4.500000000000000888e+00 -3.212590090449998770e-01
4.600000000000000533e+00 -3.201309331979128037e-01
4.700000000000001066e+00 -3.190261875328342378e-01
4.800000000000000711e+00 -3.179385242128672795e-01
4.900000000000001243e+00 -3.168635490449206449e-01
5.000000000000000888e+00 -3.157972641871730213e-01
5.100000000000001421e+00 -3.147379675980812030e-01
5.200000000000001066e+00 -3.136849285611178484e-01
5.300000000000000711e+00 -3.126393006638716887e-01
5.400000000000001243e+00 -3.116031262022590509e-01
5.500000000000000888e+00 -3.105792745317211279e-01
5.600000000000001421e+00 -3.095709610690273172e-01
5.700000000000001066e+00 -3.085809917494090615e-01
5.800000000000000711e+00 -3.076119043045834056e-01
5.900000000000001243e+00 -3.066649149676585751e-01
6.000000000000000888e+00 -3.057406474524895224e-01
6.100000000000001421e+00 -3.048381353855600384e-01
6.200000000000001066e+00 -3.039559427108036171e-01
6.300000000000001599e+00 -3.030914308803520640e-01
6.400000000000001243e+00 -3.022419581454426907e-01
6.500000000000000888e+00 -3.014044578404356245e-01
6.600000000000001421e+00 -3.005763863049216722e-01
6.700000000000001066e+00 -2.997555481601501537e-01
6.800000000000001599e+00 -2.989405569803536000e-01
6.900000000000001243e+00 -2.981308144784534653e-01
7.000000000000001776e+00 -2.973264198489929955e-01
7.100000000000001421e+00 -2.965282448950567473e-01
7.200000000000001066e+00 -2.957374092845621583e-01
7.300000000000001599e+00 -2.949554466020423149e-01
7.400000000000001243e+00 -2.941835833645881637e-01
7.500000000000001776e+00 -2.934230160242167207e-01
7.600000000000001421e+00 -2.926742504180351312e-01
7.700000000000001066e+00 -2.919374870237026465e-01
7.800000000000001599e+00 -2.912121994958602467e-01
7.900000000000001243e+00 -2.904975696535355700e-01
8.000000000000001776e+00 -2.897923544663327244e-01
8.100000000000001421e+00 -2.890952613118837888e-01
8.200000000000001066e+00 -2.884050344812585376e-01
8.300000000000002487e+00 -2.877206528448053025e-01
8.400000000000002132e+00 -2.870415084520189231e-01
8.500000000000001776e+00 -2.863673576047857106e-01
8.600000000000001421e+00 -2.856984794528208416e-01
8.700000000000001066e+00 -2.850354000613377625e-01
8.800000000000002487e+00 -2.843789845764271296e-01
8.900000000000002132e+00 -2.837300411266264200e-01
9.000000000000001776e+00 -2.830893711841945271e-01
9.100000000000001421e+00 -2.824574031903420712e-01
9.200000000000001066e+00 -2.818342610260990977e-01
9.300000000000002487e+00 -2.812195542845272733e-01
9.400000000000002132e+00 -2.806125082170214391e-01
9.500000000000001776e+00 -2.800119596441491554e-01
9.600000000000001421e+00 -2.794165387077222062e-01
9.700000000000001066e+00 -2.788248249101819010e-01
9.800000000000002487e+00 -2.782355174554858035e-01
9.900000000000002132e+00 -2.776476408590848877e-01
1.000000000000000178e+01 -2.770606217940837501e-01
1.010000000000000142e+01 -2.764744281652876112e-01
1.020000000000000284e+01 -2.758895005796118127e-01
1.030000000000000249e+01 -2.753067618905591374e-01
1.040000000000000213e+01 -2.747274163161953497e-01
1.050000000000000178e+01 -2.741528476031099837e-01
1.060000000000000142e+01 -2.735843635706480259e-01
1.070000000000000284e+01 -2.730230663895640286e-01
1.080000000000000249e+01 -2.724696488947274120e-01
1.090000000000000213e+01 -2.719243360655121400e-01
1.100000000000000178e+01 -2.713868147160763966e-01
1.110000000000000142e+01 -2.708563043046530172e-01
1.120000000000000284e+01 -2.703316351085376379e-01
1.130000000000000249e+01 -2.698114323196799114e-01
1.140000000000000213e+01 -2.692942838071142320e-01
1.150000000000000178e+01 -2.687789546352142289e-01
1.160000000000000142e+01 -2.682645429101180312e-01
1.170000000000000284e+01 -2.677506184519845567e-01
1.180000000000000249e+01 -2.672372767596784549e-01
1.190000000000000213e+01 -2.667251282532506762e-01
1.200000000000000178e+01 -2.662152203132100436e-01
1.210000000000000320e+01 -2.657088752396035147e-01
1.220000000000000284e+01 -2.652075270992334532e-01
1.230000000000000249e+01 -2.647124798946758339e-01
1.240000000000000213e+01 -2.642247587046795410e-01
1.250000000000000178e+01 -2.637448965774874532e-01
1.260000000000000320e+01 -2.632728994019657431e-01
1.270000000000000284e+01 -2.628081521503132234e-01
1.280000000000000249e+01 -2.623495426222431925e-01
1.290000000000000213e+01 -2.618955150916598695e-01
1.300000000000000178e+01 -2.614443164363333127e-01
1.310000000000000320e+01 -2.609941512640955308e-01
1.320000000000000284e+01 -2.605434465498582819e-01
1.330000000000000249e+01 -2.600910154940139218e-01
1.340000000000000213e+01 -2.596362185492663288e-01
1.350000000000000178e+01 -2.591790471888828495e-01
1.360000000000000320e+01 -2.587201004736813248e-01
1.370000000000000284e+01 -2.582605510625968215e-01
1.380000000000000249e+01 -2.578019377597207673e-01
1.390000000000000213e+01 -2.573460460877443623e-01
1.400000000000000355e+01 -2.568945991959954434e-01
1.410000000000000320e+01 -2.564491361292804417e-01
1.420000000000000284e+01 -2.560107267307842882e-01
1.430000000000000249e+01 -2.555799348792332504e-01
1.440000000000000213e+01 -2.551566678893236739e-01
1.450000000000000355e+01 -2.547402669086079596e-01
1.460000000000000320e+01 -2.543295370623848695e-01
1.470000000000000284e+01 -2.539229365182351650e-01
1.480000000000000249e+01 -2.535187529884056490e-01
1.490000000000000213e+01 -2.531153040219192851e-01
1.500000000000000355e+01 -2.527111675807786617e-01
1.510000000000000320e+01 -2.523052904242639727e-01
1.520000000000000284e+01 -2.518971710858798341e-01
1.530000000000000249e+01 -2.514868101163617031e-01
1.540000000000000213e+01 -2.510747831008332542e-01
1.550000000000000355e+01 -2.506620384223482989e-01
1.560000000000000320e+01 -2.502498618954284160e-01
1.570000000000000284e+01 -2.498395991778959990e-01
1.580000000000000249e+01 -2.494325674016968919e-01
1.590000000000000391e+01 -2.490298153189964281e-01
1.600000000000000355e+01 -2.486320540305946292e-01
1.610000000000000142e+01 -2.482395513158289213e-01
1.620000000000000284e+01 -2.478521276518287908e-01
1.630000000000000426e+01 -2.474692210317037122e-01
1.640000000000000213e+01 -2.470899436000380534e-01
1.650000000000000355e+01 -2.467132796089060998e-01
1.660000000000000497e+01 -2.463381525569599551e-01
1.670000000000000284e+01 -2.459636670128148572e-01
1.680000000000000426e+01 -2.455891223994630113e-01
1.690000000000000213e+01 -2.452142019970227071e-01
1.700000000000000355e+01 -2.448388954641418924e-01
1.710000000000000497e+01 -2.444635750346732528e-01
1.720000000000000284e+01 -2.440888402785117428e-01
1.730000000000000426e+01 -2.437154803536429326e-01
1.740000000000000213e+01 -2.433443029501552446e-01
1.750000000000000355e+01 -2.429760313563029683e-01
1.760000000000000497e+01 -2.426111978919927026e-01
1.770000000000000284e+01 -2.422500417705136799e-01
1.780000000000000426e+01 -2.418925244145203046e-01
1.790000000000000213e+01 -2.415382740413906659e-01
1.800000000000000355e+01 -2.411867267189071184e-01
1.810000000000000497e+01 -2.408371218692976767e-01
1.820000000000000284e+01 -2.404887155595784587e-01
1.830000000000000426e+01 -2.401407938150581511e-01
1.840000000000000213e+01 -2.397928722351997388e-01
1.850000000000000355e+01 -2.394446828952887518e-01
1.860000000000000497e+01 -2.390962827219321185e-01
1.870000000000000284e+01 -2.387479904014906951e-01
1.880000000000000426e+01 -2.384003699084248362e-01
1.890000000000000213e+01 -2.380541330145549694e-01
1.900000000000000355e+01 -2.377100210410640901e-01
1.910000000000000497e+01 -2.373687221418293580e-01
1.920000000000000284e+01 -2.370307153959804181e-01
1.930000000000000426e+01 -2.366962587465785139e-01
1.940000000000000213e+01 -2.363652659531855771e-01
1.950000000000000355e+01 -2.360373945586947131e-01
1.960000000000000497e+01 -2.357119977309832803e-01
1.970000000000000284e+01 -2.353882942823533053e-01
1.980000000000000426e+01 -2.350653918206958570e-01
1.990000000000000213e+01 -2.347424772642817126e-01
2.000000000000000355e+01 -2.344188705794026384e-01
2.010000000000000497e+01 -2.340941580367312258e-01
2.020000000000000284e+01 -2.337682265502141754e-01
2.030000000000000426e+01 -2.334412829646209664e-01
2.040000000000000568e+01 -2.331138406834073473e-01
2.050000000000000355e+01 -2.327866171891607161e-01
2.060000000000000497e+01 -2.324604829136555639e-01
2.070000000000000284e+01 -2.321362821197777149e-01
2.080000000000000426e+01 -2.318147855248893219e-01
2.090000000000000568e+01 -2.314965106832033714e-01
2.100000000000000355e+01 -2.311817256087952410e-01
2.110000000000000497e+01 -2.308703393031815154e-01
2.120000000000000284e+01 -2.305619792546863556e-01
2.130000000000000426e+01 -2.302559848590370883e-01
2.140000000000000568e+01 -2.299515401245761925e-01
2.150000000000000355e+01 -2.296477527132712582e-01
2.160000000000000497e+01 -2.293437875006872906e-01
2.170000000000000284e+01 -2.290389773666616224e-01
2.180000000000000426e+01 -2.287328939686493201e-01
2.190000000000000568e+01 -2.284254306479966967e-01
2.200000000000000355e+01 -2.281167705691696246e-01
2.210000000000000497e+01 -2.278074076880963195e-01
2.220000000000000284e+01 -2.274980182936401918e-01
2.230000000000000426e+01 -2.271894269046832449e-01
2.240000000000000568e+01 -2.268824322065670085e-01
2.250000000000000355e+01 -2.265777576205096344e-01
2.260000000000000497e+01 -2.262759037422928388e-01
2.270000000000000284e+01 -2.259771302194418796e-01
2.280000000000000426e+01 -2.256813933441991216e-01
2.290000000000000568e+01 -2.253883838494953329e-01
2.300000000000000355e+01 -2.250975673403960431e-01
2.310000000000000497e+01 -2.248082649987208637e-01
2.320000000000000284e+01 -2.245197670832408954e-01
2.330000000000000426e+01 -2.242314122752822048e-01
2.340000000000000568e+01 -2.239427144006176373e-01
2.350000000000000355e+01 -2.236533896402664867e-01
2.360000000000000497e+01 -2.233634381518763146e-01
2.370000000000000284e+01 -2.230730912709948943e-01
2.380000000000000426e+01 -2.227828202339370289e-01
2.390000000000000568e+01 -2.224932161286892751e-01
2.400000000000000355e+01 -2.222049398411649057e-01
2.410000000000000497e+01 -2.219185841663022796e-01
2.420000000000000639e+01 -2.216346095376707792e-01
2.430000000000000426e+01 -2.213532503760317627e-01
2.440000000000000568e+01 -2.210744842902254148e-01
2.450000000000000355e+01 -2.207980259733309802e-01
2.460000000000000497e+01 -2.205233528997685433e-01
2.470000000000000639e+01 -2.202497890695929161e-01
2.480000000000000426e+01 -2.199765725407811234e-01
2.490000000000000568e+01 -2.197029890607747338e-01
2.500000000000000355e+01 -2.194284377601158353e-01
2.510000000000000497e+01 -2.191525528443161175e-01
2.520000000000000639e+01 -2.188752201090287119e-01
2.530000000000000426e+01 -2.185966342448582012e-01
2.540000000000000568e+01 -2.183172430641223127e-01
2.550000000000000355e+01 -2.180377230119079357e-01
2.560000000000000497e+01 -2.177588671827885847e-01
2.570000000000000639e+01 -2.174815034535914071e-01
2.580000000000000426e+01 -2.172063751486673633e-01
2.590000000000000568e+01 -2.169340528180997429e-01
2.600000000000000355e+01 -2.166648645956648633e-01
2.610000000000000497e+01 -2.163988506487775076e-01
2.620000000000000639e+01 -2.161357787415811305e-01
2.630000000000000426e+01 -2.158751619715050252e-01
2.640000000000000568e+01 -2.156163545739249732e-01
2.650000000000000355e+01 -2.153586150719347669e-01
2.660000000000000497e+01 -2.151012388835483180e-01
2.670000000000000639e+01 -2.148436219185919094e-01
2.680000000000000426e+01 -2.145853700188636304e-01
2.690000000000000568e+01 -2.143263172705970332e-01
2.700000000000000355e+01 -2.140665660562391936e-01
2.710000000000000497e+01 -2.138064402592456670e-01
2.720000000000000639e+01 -2.135464460910748707e-01
2.730000000000000426e+01 -2.132871785991549141e-01
2.740000000000000568e+01 -2.130292330247099963e-01
2.750000000000000711e+01 -2.127731123797248491e-01
2.760000000000000497e+01 -2.125191411245684336e-01
2.770000000000000639e+01 -2.122674255223607753e-01
2.780000000000000426e+01 -2.120178148779018334e-01
2.790000000000000568e+01 -2.117699420452644476e-01
2.800000000000000711e+01 -2.115232468301447843e-01
2.810000000000000497e+01 -2.112770838540514728e-01
2.820000000000000639e+01 -2.110307853893715335e-01
2.830000000000000426e+01 -2.107837888968478457e-01
2.840000000000000568e+01 -2.105356933184033830e-01
2.850000000000000711e+01 -2.102863475340298605e-01
2.860000000000000497e+01 -2.100358578536060117e-01
2.870000000000000639e+01 -2.097845974135161828e-01
2.880000000000000426e+01 -2.095331512708129562e-01
2.890000000000000568e+01 -2.092822456776840534e-01
2.900000000000000711e+01 -2.090326549780419096e-01
2.910000000000000497e+01 -2.087850884918771022e-01
2.920000000000000639e+01 -2.085401092932891998e-01
2.930000000000000426e+01 -2.082980350488508603e-01
2.940000000000000568e+01 -2.080589178413533302e-01
2.950000000000000711e+01 -2.078225045055655529e-01
2.960000000000000497e+01 -2.075882983941175208e-01
2.970000000000000639e+01 -2.073555909340961123e-01
2.980000000000000426e+01 -2.071235848520900369e-01
2.990000000000000568e+01 -2.068914703012009193e-01
3.000000000000000711e+01 -2.066585561617593769e-01
3.010000000000000497e+01 -2.064243417371156575e-01
3.020000000000000639e+01 -2.061885958409950259e-01
3.030000000000000426e+01 -2.059513804035563722e-01
3.040000000000000568e+01 -2.057130402746502051e-01
3.050000000000000711e+01 -2.054741647108235814e-01
3.060000000000000497e+01 -2.052354926567347970e-01
3.070000000000000639e+01 -2.049978354514040424e-01
3.080000000000000426e+01 -2.047619416541008319e-01
3.090000000000000568e+01 -2.045284287093873110e-01
3.100000000000000711e+01 -2.042976684354627648e-01
3.110000000000000497e+01 -2.040697731510903723e-01
3.120000000000000639e+01 -2.038445496859944139e-01
3.130000000000000782e+01 -2.036215573539005841e-01
3.140000000000000568e+01 -2.034001424196326679e-01
3.150000000000000711e+01 -2.031795461319807483e-01
3.160000000000000497e+01 -2.029589920824095839e-01
3.170000000000000639e+01 -2.027377932969405272e-01
3.180000000000000782e+01 -2.025154421822341622e-01
3.190000000000000568e+01 -2.022916623816446435e-01
3.200000000000000711e+01 -2.020664559150284756e-01
3.210000000000000853e+01 -2.018400705029517739e-01
3.220000000000000284e+01 -2.016129870020382797e-01
3.230000000000000426e+01 -2.013858136449022118e-01
3.240000000000000568e+01 -2.011592324660422815e-01
3.250000000000000711e+01 -2.009338675108717220e-01
3.260000000000000853e+01 -2.007102318425932896e-01
3.270000000000000284e+01 -2.004886290077179667e-01
3.280000000000000426e+01 -2.002691400526679377e-01
3.290000000000000568e+01 -2.000516003533630016e-01
3.300000000000000711e+01 -1.998356405247960765e-01
3.310000000000000853e+01 -1.996207433396097741e-01
3.320000000000000995e+01 -1.994063181347178193e-01
3.330000000000000426e+01 -1.991918044289265888e-01
3.340000000000000568e+01 -1.989767359583199946e-01
3.350000000000000711e+01 -1.987608381504934463e-01
3.360000000000000853e+01 -1.985440389656056848e-01
3.370000000000000995e+01 -1.983265157579829907e-01
3.380000000000000426e+01 -1.981086359812057607e-01
3.390000000000000568e+01 -1.978909395010868821e-01
3.400000000000000711e+01 -1.976740295458862540e-01
3.410000000000000853e+01 -1.974585120652191939e-01
3.420000000000000995e+01 -1.972448860632812218e-01
3.430000000000000426e+01 -1.970334828589956899e-01
3.440000000000000568e+01 -1.968244092380367904e-01
3.450000000000000711e+01 -1.966175254587522736e-01
3.460000000000000853e+01 -1.964124713250454679e-01
3.470000000000000995e+01 -1.962086955540733313e-01
3.480000000000000426e+01 -1.960055553255508620e-01
3.490000000000000568e+01 -1.958023764372835984e-01
3.500000000000000711e+01 -1.955985812504986709e-01
3.510000000000000853e+01 -1.953937379268672059e-01
3.520000000000000995e+01 -1.951876582567785290e-01
3.530000000000000426e+01 -1.949803975324909677e-01
3.540000000000000568e+01 -1.947722793783362438e-01
3.550000000000000711e+01 -1.945638343112344737e-01
3.560000000000000853e+01 -1.943557452315767820e-01
3.570000000000000995e+01 -1.941487483026131944e-01
3.580000000000000426e+01 -1.939435313437410935e-01
3.590000000000000568e+01 -1.937406457318885944e-01
3.600000000000000711e+01 -1.935404108990187444e-01
3.610000000000000853e+01 -1.933428860623021550e-01
3.620000000000000995e+01 -1.931478271490742471e-01
3.630000000000000426e+01 -1.929547409007704162e-01
3.640000000000000568e+01 -1.927629102655986637e-01
3.650000000000000711e+01 -1.925715134832444164e-01
3.660000000000000853e+01 -1.923796968329843926e-01
3.670000000000000995e+01 -1.921867080002011563e-01
3.680000000000000426e+01 -1.919919708014436455e-01
3.690000000000000568e+01 -1.917951728149797641e-01
3.700000000000000711e+01 -1.915962978417060647e-01
3.710000000000000853e+01 -1.913956277465722056e-01
3.720000000000000995e+01 -1.911937137324072333e-01
3.730000000000000426e+01 -1.909912919791918462e-01
3.740000000000000568e+01 -1.907892101939701046e-01
3.750000000000000711e+01 -1.905882963435277522e-01
3.760000000000000853e+01 -1.903892830655691815e-01
3.770000000000000995e+01 -1.901926890306259721e-01
3.780000000000000426e+01 -1.899987864644846480e-01
3.790000000000000568e+01 -1.898075459395484610e-01
3.800000000000000711e+01 -1.896186699391435582e-01
3.810000000000000853e+01 -1.894316193655892211e-01
3.820000000000000995e+01 -1.892457006485837034e-01
3.830000000000000426e+01 -1.890601529085719767e-01
3.840000000000000568e+01 -1.888742464679766808e-01
3.850000000000000711e+01 -1.886873831696426751e-01
3.860000000000000853e+01 -1.884991561480264255e-01
3.870000000000000995e+01 -1.883094146617377840e-01
3.880000000000000426e+01 -1.881182530645895135e-01
3.890000000000000568e+01 -1.879260146222427874e-01
3.900000000000000711e+01 -1.877332125327236811e-01
3.910000000000000853e+01 -1.875404811480910761e-01
3.920000000000000995e+01 -1.873484656192428988e-01
3.930000000000000426e+01 -1.871577554266713461e-01
3.940000000000000568e+01 -1.869687944910199962e-01
3.950000000000000711e+01 -1.867818375065754544e-01
3.960000000000000853e+01 -1.865969216159780175e-01
3.970000000000000995e+01 -1.864138690688992295e-01
3.980000000000000426e+01 -1.862323307459131105e-01
3.990000000000000568e+01 -1.860518296461344256e-01
4.000000000000000711e+01 -1.858718517486795396e-01
4.010000000000000853e+01 -1.856919003808770730e-01
4.020000000000000995e+01 -1.855115887923931561e-01
4.030000000000001137e+01 -1.853306691124700922e-01
4.040000000000000568e+01 -1.851490836362034154e-01
4.050000000000000711e+01 -1.849669470357775958e-01
4.060000000000000853e+01 -1.847845371896376654e-01
4.070000000000000995e+01 -1.846022368886034437e-01
4.080000000000001137e+01 -1.844204767180303017e-01
4.090000000000000568e+01 -1.842396670907521794e-01
4.100000000000000711e+01 -1.840601284228635115e-01
4.110000000000000853e+01 -1.838820520383326329e-01
4.120000000000000995e+01 -1.837054553888320951e-01
4.130000000000001137e+01 -1.835301966280868391e-01
4.140000000000000568e+01 -1.833559749107537828e-01
4.150000000000000711e+01 -1.831823954288309686e-01
4.160000000000000853e+01 -1.830090076976765290e-01
4.170000000000000995e+01 -1.828353906261015460e-01
4.180000000000001137e+01 -1.826612005586806253e-01
4.190000000000000568e+01 -1.824862342397020054e-01
4.200000000000000711e+01 -1.823104546981556551e-01
4.210000000000000853e+01 -1.821340002204562269e-01
4.220000000000000995e+01 -1.819571713219754194e-01
4.230000000000001137e+01 -1.817803807992213749e-01
4.240000000000000568e+01 -1.816041098254227437e-01
4.250000000000000711e+01 -1.814288236800705723e-01
4.260000000000000853e+01 -1.812549249537765417e-01
4.270000000000000995e+01 -1.810826762399396772e-01
4.280000000000001137e+01 -1.809121819123556407e-01
4.290000000000000568e+01 -1.807433544140917836e-01
4.300000000000000711e+01 -1.805759407915786818e-01
4.310000000000000853e+01 -1.804095460695266939e-01
4.320000000000000995e+01 -1.802436950180213993e-01
4.330000000000001137e+01 -1.800778969576296573e-01
4.340000000000000568e+01 -1.799117114692769803e-01
4.350000000000000711e+01 -1.797448191868639689e-01
4.360000000000000853e+01 -1.795770548186381155e-01
4.370000000000000995e+01 -1.794084480571070395e-01
4.380000000000001137e+01 -1.792392020415330967e-01
4.390000000000000568e+01 -1.790696868876114345e-01
4.400000000000000711e+01 -1.789003692992464090e-01
4.410000000000000853e+01 -1.787317678201253979e-01
4.420000000000000995e+01 -1.785643652573598583e-01
4.430000000000001137e+01 -1.783985549125780001e-01
4.440000000000000568e+01 -1.782345779224378535e-01
4.450000000000000711e+01 -1.780724926865518976e-01
4.460000000000000853e+01 -1.779121682889345801e-01
4.470000000000000995e+01 -1.777532940309255460e-01
4.480000000000001137e+01 -1.775954331159295685e-01
4.490000000000000568e+01 -1.774380646372118453e-01
4.500000000000000711e+01 -1.772806724608143036e-01
4.510000000000000853e+01 -1.771227922319400516e-01
4.520000000000000995e+01 -1.769640938223872584e-01
4.530000000000001137e+01 -1.768044021552555578e-01
4.540000000000000568e+01 -1.766437359571716437e-01
4.550000000000000711e+01 -1.764822857362791653e-01
4.560000000000000853e+01 -1.763203942200826102e-01
4.570000000000000995e+01 -1.761584997000595343e-01
4.580000000000001137e+01 -1.759970723931715830e-01
4.590000000000000568e+01 -1.758365527474716195e-01
4.600000000000000711e+01 -1.756772781061636812e-01
4.610000000000000853e+01 -1.755194513045533200e-01
4.620000000000000995e+01 -1.753630935232570187e-01
4.630000000000001137e+01 -1.752080648268735108e-01
4.640000000000000568e+01 -1.750540621519822704e-01
4.650000000000000711e+01 -1.749006871070770130e-01
4.660000000000000853e+01 -1.747474825459233716e-01
4.670000000000000995e+01 -1.745940177315123409e-01
4.680000000000001137e+01 -1.744399369399976529e-01
4.690000000000000568e+01 -1.742850214230184935e-01
4.700000000000000711e+01 -1.741292195114811370e-01
4.710000000000000853e+01 -1.739726546136923235e-01
4.720000000000000995e+01 -1.738156197826698501e-01
4.730000000000001137e+01 -1.736585264927895111e-01
4.740000000000000568e+01 -1.735018693874755824e-01
4.750000000000000711e+01 -1.733461388307587780e-01
4.760000000000000853e+01 -1.731917804036064990e-01
4.770000000000000995e+01 -1.730391109199276856e-01
4.780000000000001137e+01 -1.728883014125432993e-01
4.790000000000001279e+01 -1.727393332568646911e-01
4.800000000000000711e+01 -1.725920204239598243e-01
4.810000000000000853e+01 -1.724460216809557966e-01
4.820000000000000995e+01 -1.723008949688542568e-01
4.830000000000001137e+01 -1.721561544212948935e-01
4.840000000000001279e+01 -1.720113296852346929e-01
4.850000000000000711e+01 -1.718660367377705667e-01
4.860000000000000853e+01 -1.717200092263460043e-01
4.870000000000000995e+01 -1.715731493065284496e-01
4.880000000000001137e+01 -1.714255103396639668e-01
4.890000000000001279e+01 -1.712773084392368306e-01
4.900000000000000711e+01 -1.711288600317300013e-01
4.910000000000000853e+01 -1.709805576398306659e-01
4.920000000000000995e+01 -1.708327892326658159e-01
4.930000000000001137e+01 -1.706859001851244728e-01
4.940000000000001279e+01 -1.705401316025131897e-01
4.950000000000000711e+01 -1.703955946835456481e-01
4.960000000000000853e+01 -1.702522567875545678e-01
4.970000000000000995e+01 -1.701099431776287862e-01
4.980000000000001137e+01 -1.699683768174630183e-01
4.990000000000001279e+01 -1.698272030257663712e-01
5.000000000000000711e+01 -1.696860636244434395e-01
5.010000000000000853e+01 -1.695446241417737365e-01
5.020000000000000995e+01 -1.694026479054693834e-01
5.030000000000001137e+01 -1.692600025222398274e-01
5.040000000000001279e+01 -1.691167020367329576e-01
5.050000000000000711e+01 -1.689728812873351194e-01
5.060000000000000853e+01 -1.688287921779713652e-01
5.070000000000000995e+01 -1.686847543479643718e-01
5.080000000000001137e+01 -1.685411148236176104e-01
5.090000000000001279e+01 -1.683981996862659591e-01
5.100000000000000711e+01 -1.682562624986526090e-01
5.110000000000000853e+01 -1.681154645628674671e-01
5.120000000000000995e+01 -1.679758386333991549e-01
5.130000000000001137e+01 -1.678373125585763126e-01
5.140000000000001279e+01 -1.676997015736498287e-01
5.150000000000000711e+01 -1.675627681009139169e-01
5.160000000000000853e+01 -1.674262369279826412e-01
5.170000000000000995e+01 -1.672898645676353380e-01
5.180000000000001137e+01 -1.671534582577928751e-01
5.190000000000001279e+01 -1.670169222746717419e-01
5.200000000000000711e+01 -1.668802616090852564e-01
5.210000000000000853e+01 -1.667435835920010323e-01
5.220000000000000995e+01 -1.666070799100961564e-01
5.230000000000001137e+01 -1.664709842286018482e-01
5.240000000000001279e+01 -1.663355437432408879e-01
5.250000000000000711e+01 -1.662009553106085225e-01
5.260000000000000853e+01 -1.660673488313316182e-01
5.270000000000000995e+01 -1.659347340667999271e-01
5.280000000000001137e+01 -1.658030152063885154e-01
5.290000000000001279e+01 -1.656719730095002063e-01
5.300000000000000711e+01 -1.655413135112889234e-01
5.310000000000000853e+01 -1.654106897438500923e-01
5.320000000000000995e+01 -1.652797664643096964e-01
5.330000000000001137e+01 -1.651482638872664443e-01
5.340000000000001279e+01 -1.650160068370352673e-01
5.350000000000000711e+01 -1.648829618268158326e-01
5.360000000000000853e+01 -1.647492419577400447e-01
5.370000000000000995e+01 -1.646151144524704568e-01
5.380000000000001137e+01 -1.644809520405843273e-01
5.390000000000001279e+01 -1.643472073225870078e-01
5.400000000000000711e+01 -1.642143280697949126e-01
5.410000000000000853e+01 -1.640827164390513127e-01
5.420000000000000995e+01 -1.639526456315194003e-01
5.430000000000001137e+01 -1.638242332740205698e-01
5.440000000000001279e+01 -1.636973989960219256e-01
5.450000000000000711e+01 -1.635718750932168009e-01
5.460000000000000853e+01 -1.634472265575849237e-01
5.470000000000000995e+01 -1.633229011144358700e-01
5.480000000000001137e+01 -1.631983034604778671e-01
5.490000000000001279e+01 -1.630728622711717923e-01
5.500000000000001421e+01 -1.629461238100767817e-01
5.510000000000000853e+01 -1.628177995360691188e-01
5.520000000000000995e+01 -1.626878346157693556e-01
5.530000000000001137e+01 -1.625564052169725104e-01
5.540000000000001279e+01 -1.624239300504062289e-01
5.550000000000001421e+01 -1.622910098904031817e-01
5.560000000000000853e+01 -1.621583788702772866e-01
5.570000000000000995e+01 -1.620268087323703532e-01
5.580000000000001137e+01 -1.618970265611069381e-01
5.590000000000001279e+01 -1.617696269647014851e-01
5.600000000000001421e+01 -1.616449987884877038e-01
5.610000000000000853e+01 -1.615232881813273291e-01
5.620000000000000995e+01 -1.614043704559786629e-01
5.630000000000001137e+01 -1.612878846614887451e-01
5.640000000000001279e+01 -1.611732617027667458e-01
5.650000000000001421e+01 -1.610598170942968421e-01
5.660000000000000853e+01 -1.609468161502790040e-01
5.670000000000000995e+01 -1.608335829943665085e-01
5.680000000000001137e+01 -1.607195643001836372e-01
5.690000000000001279e+01 -1.606044041200486161e-01
5.700000000000001421e+01 -1.604879696439561743e-01
5.710000000000000853e+01 -1.603703577484974496e-01
5.720000000000000995e+01 -1.602518684429791174e-01
5.730000000000001137e+01 -1.601329423135499086e-01
5.740000000000001279e+01 -1.600140976648426472e-01
5.750000000000001421e+01 -1.598958315512484796e-01
5.760000000000000853e+01 -1.597785584501932310e-01
5.770000000000000995e+01 -1.596625244035502766e-01
5.780000000000001137e+01 -1.595477860811828075e-01
5.790000000000001279e+01 -1.594341792921217804e-01
5.800000000000001421e+01 -1.593213563074818429e-01
5.810000000000000853e+01 -1.592088211365034756e-01
5.820000000000000995e+01 -1.590960107397328405e-01
5.830000000000001137e+01 -1.589823750686487069e-01
5.840000000000001279e+01 -1.588674615232104070e-01
5.850000000000001421e+01 -1.587509956226910157e-01
5.860000000000000853e+01 -1.586329223192334825e-01
5.870000000000000995e+01 -1.585134445514055912e-01
5.880000000000001137e+01 -1.583929938937506110e-01
5.890000000000001279e+01 -1.582722080083879823e-01
5.900000000000001421e+01 -1.581518377291888378e-01
5.910000000000000853e+01 -1.580326777188275078e-01
5.920000000000000995e+01 -1.579154500134595795e-01
5.930000000000001137e+01 -1.578007272657107052e-01
5.940000000000001279e+01 -1.576888469380172686e-01
5.950000000000001421e+01 -1.575798701012431358e-01
5.960000000000000853e+01 -1.574735680533004833e-01
5.970000000000000995e+01 -1.573694399564650181e-01
5.980000000000001137e+01 -1.572667803110931461e-01
5.990000000000001279e+01 -1.571647463516018250e-01
6.000000000000001421e+01 -1.570624768588141373e-01
6.010000000000000853e+01 -1.569591725522053172e-01
6.020000000000000995e+01 -1.568542129231154103e-01
6.030000000000001137e+01 -1.567472047712244465e-01
6.040000000000001279e+01 -1.566380456992047532e-01
6.050000000000001421e+01 -1.565269119985027158e-01
6.060000000000000853e+01 -1.564142437996346446e-01
6.070000000000000995e+01 -1.563006754664956199e-01
6.080000000000001137e+01 -1.561869546439395573e-01
6.090000000000001279e+01 -1.560738494271513566e-01
6.100000000000001421e+01 -1.559620430921480061e-01
6.110000000000000853e+01 -1.558520661174332966e-01
6.120000000000000995e+01 -1.557442160663505826e-01
6.130000000000001137e+01 -1.556385515352551319e-01
6.140000000000001279e+01 -1.555348698286347919e-01
6.150000000000001421e+01 -1.554327694623769407e-01
6.160000000000000853e+01 -1.553316867766963427e-01
6.170000000000000995e+01 -1.552309992079583534e-01
6.180000000000001137e+01 -1.551300926775355804e-01
6.190000000000001279e+01 -1.550284569991380867e-01
6.200000000000001421e+01 -1.549257436751265149e-01
6.210000000000000853e+01 -1.548218080730876522e-01
6.220000000000000995e+01 -1.547167274374458001e-01
6.230000000000001137e+01 -1.546107700453673295e-01
6.240000000000001279e+01 -1.545043690395347946e-01
6.250000000000001421e+01 -1.543980335961963046e-01
6.260000000000001563e+01 -1.542923007945346536e-01
6.270000000000000995e+01 -1.541876304501690886e-01
6.280000000000001137e+01 -1.540843699443926185e-01
6.290000000000001279e+01 -1.539826799524249834e-01
6.300000000000001421e+01 -1.538825392345806176e-01
6.310000000000001563e+01 -1.537837311868913703e-01
6.320000000000000995e+01 -1.536858917506352395e-01
6.330000000000001137e+01 -1.535885562631869039e-01
6.340000000000001279e+01 -1.534912272635010067e-01
6.350000000000001421e+01 -1.533934533888462459e-01
6.360000000000001563e+01 -1.532948796610183462e-01
6.370000000000000995e+01 -1.531953187563043217e-01
6.380000000000001137e+01 -1.530947524337052390e-01
6.390000000000001279e+01 -1.529933648295463966e-01
6.400000000000001421e+01 -1.528914871771252515e-01
6.410000000000000853e+01 -1.527895862787371772e-01
6.420000000000001705e+01 -1.526881733646906492e-01
6.430000000000001137e+01 -1.525877650471338387e-01
6.440000000000000568e+01 -1.524887960897112205e-01
6.450000000000001421e+01 -1.523915820031038204e-01
6.460000000000000853e+01 -1.522962748257777887e-01
6.470000000000001705e+01 -1.522028506257848135e-01
6.480000000000001137e+01 -1.521111275661052309e-01
6.490000000000000568e+01 -1.520207825624296794e-01
6.500000000000001421e+01 -1.519314222001610926e-01
6.510000000000000853e+01 -1.518426124007042910e-01
6.520000000000001705e+01 -1.517539696970913177e-01
6.530000000000001137e+01 -1.516651780556942386e-01
6.540000000000000568e+01 -1.515760617031507440e-01
6.550000000000001421e+01 -1.514865698871115662e-01
6.560000000000000853e+01 -1.513968049193396559e-01
6.570000000000001705e+01 -1.513069748175603357e-01
6.580000000000001137e+01 -1.512173738163471448e-01
6.590000000000001990e+01 -1.511283234868992520e-01
6.600000000000001421e+01 -1.510401247976851380e-01
6.610000000000000853e+01 -1.509530184731301405e-01
6.620000000000001705e+01 -1.508671367825215048e-01
6.630000000000001137e+01 -1.507825073419801765e-01
6.640000000000001990e+01 -1.506990258479353195e-01
6.650000000000001421e+01 -1.506165072602663191e-01
6.660000000000000853e+01 -1.505346833512350990e-01
6.670000000000001705e+01 -1.504532818397584792e-01
6.680000000000001137e+01 -1.503720359262731288e-01
6.690000000000001990e+01 -1.502907578651482834e-01
6.700000000000001421e+01 -1.502093415053235015e-01
6.710000000000000853e+01 -1.501277993946363298e-01
6.720000000000001705e+01 -1.500462469067586624e-01
6.730000000000001137e+01 -1.499648897122384250e-01
6.740000000000001990e+01 -1.498839941280781796e-01
6.750000000000001421e+01 -1.498038351113493705e-01
6.760000000000000853e+01 -1.497246716286827484e-01
6.770000000000001705e+01 -1.496466819951408622e-01
6.780000000000001137e+01 -1.495699659287368921e-01
6.790000000000001990e+01 -1.494944958531361223e-01
6.800000000000001421e+01 -1.494201560686084229e-01
6.810000000000000853e+01 -1.493467257269991411e-01
6.820000000000001705e+01 -1.492739458222716586e-01
6.830000000000001137e+01 -1.492015301226617963e-01
6.840000000000001990e+01 -1.491292334658905205e-01
6.850000000000001421e+01 -1.490568723996604783e-01
6.860000000000000853e+01 -1.489843637612903171e-01
6.870000000000001705e+01 -1.489117352109941006e-01
6.880000000000001137e+01 -1.488391147856447105e-01
6.890000000000001990e+01 -1.487667230966666643e-01
6.900000000000001421e+01 -1.486948170330052443e-01
6.910000000000000853e+01 -1.486236724221084993e-01
6.920000000000001705e+01 -1.485535066916093272e-01
6.930000000000001137e+01 -1.484844721929878264e-01
6.940000000000001990e+01 -1.484165919065222883e-01
6.950000000000001421e+01 -1.483497815309122725e-01
6.960000000000000853e+01 -1.482838242269461371e-01
6.970000000000001705e+01 -1.482184241050494289e-01
6.980000000000001137e+01 -1.481532249388844980e-01
6.990000000000001990e+01 -1.480878772176373315e-01
7.000000000000001421e+01 -1.480220832150979104e-01
7.010000000000000853e+01 -1.479556464108779390e-01
7.020000000000001705e+01 -1.478885135855536603e-01
7.030000000000001137e+01 -1.478207780734255850e-01
7.040000000000001990e+01 -1.477526949527966371e-01
7.050000000000001421e+01 -1.476846286331248148e-01
7.060000000000000853e+01 -1.476170363809140018e-01
7.070000000000001705e+01 -1.475503772178456408e-01
7.080000000000001137e+01 -1.474850807441803191e-01
7.090000000000001990e+01 -1.474214544596476606e-01
7.100000000000001421e+01 -1.473596662246810518e-01
7.110000000000000853e+01 -1.472996897267801475e-01
7.120000000000001705e+01 -1.472413227009813919e-01
7.130000000000001137e+01 -1.471841930549812605e-01
7.140000000000001990e+01 -1.471278138750314879e-01
7.150000000000001421e+01 -1.470716439402694475e-01
7.160000000000000853e+01 -1.470151561070719426e-01
7.170000000000001705e+01 -1.469579202998079204e-01
7.180000000000001137e+01 -1.468996482797834680e-01
7.190000000000001990e+01 -1.468402581173145482e-01
7.200000000000001421e+01 -1.467798645343033614e-01
7.210000000000000853e+01 -1.467187961770660687e-01
7.220000000000001705e+01 -1.466575250426093713e-01
7.230000000000001137e+01 -1.465966350091976178e-01
7.240000000000001990e+01 -1.465367144772675156e-01
7.250000000000001421e+01 -1.464783019061541292e-01
7.260000000000000853e+01 -1.464217866800615053e-01
7.270000000000001705e+01 -1.463673698856726157e-01
7.280000000000001137e+01 -1.463150178614612273e-01
7.290000000000001990e+01 -1.462644670354693033e-01
7.300000000000001421e+01 -1.462152518047640792e-01
7.310000000000000853e+01 -1.461667557594676925e-01
7.320000000000001705e+01 -1.461183013562907251e-01
7.330000000000001137e+01 -1.460692206823685502e-01
7.340000000000001990e+01 -1.460189659986038113e-01
7.350000000000001421e+01 -1.459671576884425948e-01
7.360000000000000853e+01 -1.459136666407015448e-01
7.370000000000001705e+01 -1.458586045842664158e-01
7.380000000000001137e+01 -1.458023455375909716e-01
7.390000000000001990e+01 -1.457454514609027307e-01
7.400000000000001421e+01 -1.456886319882467196e-01
7.410000000000000853e+01 -1.456326322395484762e-01
7.420000000000001705e+01 -1.455781608824294193e-01
7.430000000000001137e+01 -1.455257891632920075e-01
7.440000000000001990e+01 -1.454758908171864817e-01
7.450000000000001421e+01 -1.454285996425243588e-01
7.460000000000000853e+01 -1.453837940505381399e-01
7.470000000000001705e+01 -1.453411348713224971e-01
7.480000000000001137e+01 -1.453000986702521202e-01
7.490000000000001990e+01 -1.452600805200505718e-01
7.500000000000001421e+01 -1.452204496640624454e-01
7.510000000000000853e+01 -1.451806723799579091e-01
7.520000000000001705e+01 -1.451403483352967649e-01
7.530000000000001137e+01 -1.450993013449596303e-01
7.540000000000001990e+01 -1.450575637944712115e-01
7.550000000000001421e+01 -1.450154013749942461e-01
7.560000000000000853e+01 -1.449732419034019393e-01
7.570000000000001705e+01 -1.449316339518583741e-01
7.580000000000001137e+01 -1.448911497493829414e-01
7.590000000000001990e+01 -1.448523089712810408e-01
7.600000000000001421e+01 -1.448155047061022715e-01
7.610000000000000853e+01 -1.447809362098188557e-01
7.620000000000001705e+01 -1.447486007706784150e-01
7.630000000000001137e+01 -1.447182671350455418e-01
7.640000000000001990e+01 -1.446895465486442434e-01
7.650000000000001421e+01 -1.446619095920091413e-01
7.660000000000000853e+01 -1.446348114308957933e-01
7.670000000000001705e+01 -1.446077260087714755e-01
7.680000000000001137e+01 -1.445802733442253518e-01
7.690000000000001990e+01 -1.445522332976736379e-01
7.700000000000001421e+01 -1.445236209093611057e-01
7.710000000000000853e+01 -1.444946545390943249e-01
7.720000000000001705e+01 -1.444657498969514897e-01
7.730000000000001137e+01 -1.444374475987273976e-01
7.740000000000001990e+01 -1.444103349696151950e-01
7.750000000000001421e+01 -1.443849687897798550e-01
7.760000000000000853e+01 -1.443617662453374750e-01
7.770000000000001705e+01 -1.443409714899916985e-01
7.780000000000001137e+01 -1.443225668263761197e-01
7.790000000000001990e+01 -1.443063174113066727e-01
7.800000000000001421e+01 -1.442917366967164106e-01
7.810000000000000853e+01 -1.442782075942661280e-01
7.820000000000001705e+01 -1.442650027002800317e-01
7.830000000000001137e+01 -1.442514403628644692e-01
7.840000000000001990e+01 -1.442369293883949966e-01
7.850000000000001421e+01 -1.442210958118775865e-01
7.860000000000000853e+01 -1.442038110302925058e-01
7.870000000000001705e+01 -1.441852327241297527e-01
7.880000000000001137e+01 -1.441657906438281178e-01
7.890000000000001990e+01 -1.441461207791719379e-01
7.900000000000001421e+01 -1.441270153588126712e-01
7.910000000000000853e+01 -1.441092760851035437e-01
7.920000000000001705e+01 -1.440936651318537876e-01
7.930000000000001137e+01 -1.440807380309498953e-01
7.940000000000001990e+01 -1.440708418076657171e-01
7.950000000000001421e+01 -1.440639937748988686e-01
7.960000000000000853e+01 -1.440599537717168199e-01
7.970000000000001705e+01 -1.440581894609136437e-01
7.980000000000001137e+01 -1.440580102903528670e-01
7.990000000000001990e+01 -1.440586168042463089e-01
8.000000000000001421e+01 -1.440592449874828485e-01
8.010000000000000853e+01 -1.440592592632655156e-01
8.020000000000001705e+01 -1.440582393253298510e-01
8.030000000000001137e+01 -1.440560632390086582e-01
8.040000000000001990e+01 -1.440528861447660236e-01
8.050000000000001421e+01 -1.440491768344662193e-01
8.060000000000002274e+01 -1.440455828267697691e-01
8.070000000000001705e+01 -1.440429198959493062e-01
8.080000000000001137e+01 -1.440419698408298421e-01
8.090000000000001990e+01 -1.440434560609243353e-01
8.100000000000001421e+01 -1.440478531050702338e-01
8.110000000000002274e+01 -1.440553923168565453e-01
8.120000000000001705e+01 -1.440659589190128598e-01
8.130000000000001137e+01 -1.440791526627244745e-01
8.140000000000001990e+01 -1.440943096250172362e-01
8.150000000000001421e+01 -1.441106037789551264e-01
8.160000000000002274e+01 -1.441271755516274622e-01
8.170000000000001705e+01 -1.441432237301269459e-01
8.180000000000001137e+01 -1.441581782747752838e-01
8.190000000000001990e+01 -1.441717206329878875e-01
8.200000000000001421e+01 -1.441839258915224020e-01
8.210000000000002274e+01 -1.441951734165713983e-01
8.220000000000001705e+01 -1.442062079456954415e-01
8.230000000000001137e+01 -1.442179524762111087e-01
8.240000000000001990e+01 -1.442314849146520972e-01
8.250000000000001421e+01 -1.442478169246525499e-01
8.260000000000002274e+01 -1.442678263842007702e-01
8.270000000000001705e+01 -1.442920920473896307e-01
8.280000000000001137e+01 -1.443208388872879722e-01
8.290000000000001990e+01 -1.443539029970528631e-01
8.300000000000001421e+01 -1.443907286393309453e-01
8.310000000000002274e+01 -1.444304854827491158e-01
8.320000000000001705e+01 -1.444721142746202003e-01
8.330000000000001137e+01 -1.445145531079004564e-01
8.340000000000001990e+01 -1.445567880899041313e-01
8.350000000000001421e+01 -1.445980982636326795e-01
8.360000000000002274e+01 -1.446380533084558051e-01
8.370000000000001705e+01 -1.446766810558736127e-01
8.380000000000001137e+01 -1.447143768228617566e-01
8.390000000000001990e+01 -1.447519358853092131e-01
8.400000000000001421e+01 -1.447903884419632359e-01
8.410000000000002274e+01 -1.448309026501305996e-01
8.420000000000001705e+01 -1.448746092252794493e-01
8.430000000000001137e+01 -1.449224371415229196e-01
8.440000000000001990e+01 -1.449750138060367233e-01
8.450000000000001421e+01 -1.450325176589623566e-01
8.460000000000002274e+01 -1.450947182527989598e-01
8.470000000000001705e+01 -1.451609083181122917e-01
8.480000000000001137e+01 -1.452300899062329287e-01
8.490000000000001990e+01 -1.453009965373917023e-01
8.500000000000001421e+01 -1.453723638264227680e-01
8.510000000000002274e+01 -1.454429992614360012e-01
8.520000000000001705e+01 -1.455120321847732656e-01
8.530000000000001137e+01 -1.455789637405467407e-01
8.540000000000001990e+01 -1.456437948773203206e-01
8.550000000000001421e+01 -1.457070055193294689e-01
8.560000000000002274e+01 -1.457695104951181597e-01
8.570000000000001705e+01 -1.458325654302116692e-01
8.580000000000001137e+01 -1.458975754130589775e-01
8.590000000000001990e+01 -1.459659778375025918e-01
8.600000000000001421e+01 -1.460389911494698878e-01
8.610000000000002274e+01 -1.461175510968103497e-01
8.620000000000001705e+01 -1.462021069207967150e-01
8.630000000000001137e+01 -1.462926702123798495e-01
8.640000000000001990e+01 -1.463887346084692398e-01
8.650000000000001421e+01 -1.464894423342852914e-01
8.660000000000002274e+01 -1.465936379182051774e-01
8.670000000000001705e+01 -1.467000940157665578e-01
8.680000000000001137e+01 -1.468076440041355402e-01
8.690000000000001990e+01 -1.469153700148789765e-01
8.700000000000001421e+01 -1.470227269727597541e-01
8.710000000000002274e+01 -1.471296044989663931e-01
8.720000000000001705e+01 -1.472363713884867753e-01
8.730000000000001137e+01 -1.473437775062076405e-01
8.740000000000001990e+01 -1.474529022094980824e-01
8.750000000000001421e+01 -1.475649365371103916e-01
8.760000000000002274e+01 -1.476810808244921058e-01
8.770000000000001705e+01 -1.478023039536267569e-01
8.780000000000001137e+01 -1.479292698853477139e-01
8.790000000000001990e+01 -1.480621800756783402e-01
8.800000000000001421e+01 -1.482007963167832343e-01
8.810000000000002274e+01 -1.483444289588238263e-01
8.820000000000001705e+01 -1.484920704141994285e-01
8.830000000000001137e+01 -1.486425172581735121e-01
8.840000000000001990e+01 -1.487945637446601577e-01
8.850000000000001421e+01 -1.489471785330728770e-01
8.860000000000002274e+01 -1.490996666360883682e-01
8.870000000000001705e+01 -1.492517966302073784e-01
8.880000000000001137e+01 -1.494038464116990150e-01
8.890000000000001990e+01 -1.495566077609501998e-01
8.900000000000001421e+01 -1.497112843746365995e-01
8.910000000000002274e+01 -1.498693717578506446e-01
8.920000000000001705e+01 -1.500324481873860361e-01
8.930000000000001137e+01 -1.502020017542305408e-01
8.940000000000001990e+01 -1.503792078600419968e-01
8.950000000000001421e+01 -1.505648122071503447e-01
8.960000000000002274e+01 -1.507589930683417290e-01
8.970000000000001705e+01 -1.509613880680055753e-01
8.980000000000001137e+01 -1.511710921728791623e-01
8.990000000000001990e+01 -1.513868461950884092e-01
9.000000000000001421e+01 -1.516071469425821494e-01
9.010000000000002274e+01 -1.518305314054709254e-01
9.020000000000001705e+01 -1.520557143407407219e-01
9.030000000000001137e+01 -1.522818471728940026e-01
9.040000000000001990e+01 -1.525085853030314631e-01
9.050000000000001421e+01 -1.527362036918186172e-01
9.060000000000002274e+01 -1.529655412026436623e-01
9.070000000000001705e+01 -1.531979149796067197e-01
9.080000000000001137e+01 -1.534349701506219632e-01
9.090000000000001990e+01 -1.536784225296863871e-01
9.100000000000001421e+01 -1.539299153811267140e-01
9.110000000000002274e+01 -1.541906908612854510e-01
9.120000000000001705e+01 -1.544615784089715671e-01
9.130000000000001137e+01 -1.547427151412061330e-01
9.140000000000001990e+01 -1.550337437523566786e-01
9.150000000000001421e+01 -1.553336637136869536e-01
9.160000000000002274e+01 -1.556412170424028574e-01
9.170000000000001705e+01 -1.559548797139471699e-01
9.180000000000001137e+01 -1.562733073778969639e-01
9.190000000000001990e+01 -1.565954119276286582e-01
9.200000000000001421e+01 -1.569206797562675559e-01
9.210000000000002274e+01 -1.572492586812534454e-01
9.220000000000001705e+01 -1.575819828593436056e-01
9.230000000000001137e+01 -1.579204305892209503e-01
9.240000000000001990e+01 -1.582665893199377560e-01
9.250000000000001421e+01 -1.586229121759750726e-01
9.260000000000002274e+01 -1.589916930519288396e-01
9.270000000000001705e+01 -1.593752038971062990e-01
9.280000000000001137e+01 -1.597749645746046054e-01
9.290000000000001990e+01 -1.601920415440112877e-01
9.300000000000001421e+01 -1.606264405440184784e-01
9.310000000000002274e+01 -1.610775758124031176e-01
9.320000000000001705e+01 -1.615439695722195035e-01
9.330000000000001137e+01 -1.620237849338293512e-01
9.340000000000001990e+01 -1.625149087005841042e-01
9.350000000000001421e+01 -1.630153377405509918e-01
9.360000000000002274e+01 -1.635236018196218888e-01
9.370000000000001705e+01 -1.640387646774398855e-01
9.380000000000001137e+01 -1.645610628029055555e-01
9.390000000000001990e+01 -1.650913638575958187e-01
9.400000000000001421e+01 -1.656318810660714624e-01
9.410000000000002274e+01 -1.661851095066089745e-01
9.420000000000001705e+01 -1.667545120029847450e-01
9.430000000000001137e+01 -1.673431665155478698e-01
9.440000000000001990e+01 -1.679543672933584419e-01
9.450000000000001421e+01 -1.685903782968788955e-01
9.460000000000002274e+01 -1.692529087943716037e-01
9.470000000000001705e+01 -1.699424052743623292e-01
9.480000000000001137e+01 -1.706583247857233476e-01
9.490000000000001990e+01 -1.713992836212378523e-01
9.500000000000001421e+01 -1.721629868069697866e-01
9.510000000000002274e+01 -1.729473175430404908e-01
9.520000000000001705e+01 -1.737497435321796457e-01
9.530000000000002558e+01 -1.745691558213474104e-01
9.540000000000001990e+01 -1.754046231583185067e-01
9.550000000000001421e+01 -1.762575657615245706e-01
9.560000000000002274e+01 -1.771298987470797948e-01
9.570000000000001705e+01 -1.780260230623407769e-01
9.580000000000002558e+01 -1.789506619741790261e-01
9.590000000000001990e+01 -1.799101872994469664e-01
9.600000000000001421e+01 -1.809107217880030483e-01
9.610000000000002274e+01 -1.819584615102444181e-01
9.620000000000001705e+01 -1.830587730719301920e-01
9.630000000000002558e+01 -1.842153614008150697e-01
9.640000000000001990e+01 -1.854310285383721779e-01
9.650000000000001421e+01 -1.867057142627989164e-01
9.660000000000002274e+01 -1.880392588660199094e-01
9.670000000000001705e+01 -1.894284896437826715e-01
9.680000000000002558e+01 -1.908717889296682180e-01
9.690000000000001990e+01 -1.923655306171382362e-01
9.700000000000001421e+01 -1.939096268573735626e-01
9.710000000000002274e+01 -1.955037771198144259e-01
9.720000000000001705e+01 -1.971526306773747073e-01
9.730000000000002558e+01 -1.988625259560009018e-01
9.740000000000001990e+01 -2.006446339204183693e-01
9.750000000000001421e+01 -2.025131201177747808e-01
9.760000000000002274e+01 -2.044847417187814487e-01
9.770000000000001705e+01 -2.065795763377190619e-01
9.780000000000002558e+01 -2.088160616410847936e-01
9.790000000000001990e+01 -2.112154674244891006e-01
9.800000000000001421e+01 -2.137922365741208308e-01
9.810000000000002274e+01 -2.165630770429254337e-01
9.820000000000001705e+01 -2.195335824904835476e-01
9.830000000000002558e+01 -2.227120703321487927e-01
9.840000000000001990e+01 -2.260947309867124000e-01
9.850000000000001421e+01 -2.296830987019958803e-01
9.860000000000002274e+01 -2.334713750774382590e-01
9.870000000000001705e+01 -2.374647554988185694e-01
9.880000000000002558e+01 -2.416742393378930598e-01
9.890000000000001990e+01 -2.461311148182005470e-01
9.900000000000001421e+01 -2.508970256784176511e-01
9.910000000000002274e+01 -2.560680445064508204e-01
9.920000000000001705e+01 -2.618126008213096378e-01
9.930000000000002558e+01 -2.683575638499923199e-01
9.940000000000001990e+01 -2.760794942435709221e-01
9.950000000000001421e+01 -2.854693119625384412e-01
9.960000000000002274e+01 -2.973506268374154216e-01
9.970000000000001705e+01 -3.128662936565808073e-01
9.980000000000002558e+01 -3.342093312889996559e-01
9.990000000000001990e+01 -3.655074041907014348e-01
1.000000000000000142e+02 -4.223892901943742118e-01
