 # Occupancy
   0.896258782919244   2.001846237712618   2.001962631714562   0.896700104523869   2.001869150878461   0.896258454152776   2.001846247627730   2.001962643044366   0.896699786697985   2.001869161770593   1.914080279301748   1.835073280448335   1.984603165821988   1.913840915252824   1.948258288544079   1.871704134991807   1.913840913337081   1.948258316606443   1.871704114135514   1.914080275790115   1.835073288321670   1.984603156274299   1.913840912325214   1.948258295102334   1.871704129975927   1.913840913152059   1.948258298605651   1.871704120907097
   1.007861540197167   2.000637139024845   2.001132340950551   1.008476996382442   2.000676761604798   1.007861427929131   2.000637139935075   2.001132344305192   1.008476855081913   2.000676766075420   1.889087203416272   1.797680582528987   1.973561566100303   1.888878272608695   1.930840115029442   1.840724595403552   1.888878274753960   1.930840153447348   1.840724564689492   1.889087200172878   1.797680586181115   1.973561562327007   1.888878280542267   1.930840114714036   1.840724601081082   1.888878287925095   1.930840160671260   1.840724566826056
   1.005708168938184   2.000438229074893   2.000952875211840   1.006336573832235   2.000483239397164   1.005708021250394   2.000438229586046   2.000952878140220   1.006336450506699   2.000483242744387   1.889555058356038   1.798334054079298   1.974073383093926   1.889362439519095   1.931365208865337   1.841331619299735   1.889362444663712   1.931365241463384   1.841331588254965   1.889555066073253   1.798334049911452   1.974073379952566   1.889362447069046   1.931365206057588   1.841331624974763   1.889362448689127   1.931365238373117   1.841331592672887
   1.007168236031590   2.000306358338796   2.000856932264251   1.007816469819829   2.000355514390260   1.007168091014436   2.000306360346144   2.000856936449714   1.007816302731706   2.000355515746763   1.889315020816801   1.797818178756885   1.973970603339748   1.889123894113861   1.931158446292718   1.840914066206294   1.889123894514331   1.931158485715330   1.840914028514009   1.889315028633584   1.797818184802357   1.973970598188633   1.889123904567018   1.931158451454238   1.840914072362335   1.889123902929580   1.931158484182556   1.840914037555560
   1.007526752016676   2.000624573744931   2.001198398150504   1.008193796216553   2.000675867029391   1.007526591042785   2.000624576002564   2.001198400680220   1.008193634310441   2.000675870577481   1.889175310176064   1.797473842247495   1.973882642465165   1.888977828304413   1.931011108177931   1.840635548150521   1.888977830656593   1.931011138945716   1.840635519258201   1.889175309402861   1.797473833169583   1.973882639019861   1.888977842127882   1.931011099085933   1.840635557823070   1.888977838851411   1.931011136671266   1.840635515760948
   1.007890110724669   2.000712251152025   2.001297088878214   1.008570896933437   2.000764273639955   1.007889963769487   2.000712252787206   2.001297092926297   1.008570733068156   2.000764277144897   1.889101410121696   1.797262552190250   1.973828191509539   1.888894830500308   1.930925190773510   1.840466658630350   1.888894831950840   1.930925229802835   1.840466625455458   1.889101410186384   1.797262549973410   1.973828186707947   1.888894845898366   1.930925186788696   1.840466668871899   1.888894842136473   1.930925227515391   1.840466620012339
   1.007901386396171   2.000837224150997   2.001421922494939   1.008594021566653   2.000888382690542   1.007901235258471   2.000837223430892   2.001421925162783   1.008593888218417   2.000888383548159   1.889094088120284   1.797152006942714   1.973807110544275   1.888871299567272   1.930894536082808   1.840386159805427   1.888871298127598   1.930894575667859   1.840386122260848   1.889094097834152   1.797152010528921   1.973807104796891   1.888871308733765   1.930894528323019   1.840386161354097   1.888871308164027   1.930894570320393   1.840386119997732
   1.007867765540446   2.000865821151372   2.001446157260935   1.008569727590196   2.000915711627227   1.007867613983205   2.000865820267777   2.001446159705045   1.008569592272454   2.000915711890216   1.889122659278352   1.797117302936755   1.973802777899396   1.888883138345216   1.930894440076780   1.840368528191452   1.888883136658605   1.930894481519461   1.840368489207468   1.889122664627754   1.797117305249549   1.973802771401631   1.888883149631561   1.930894435095125   1.840368527327457   1.888883149729665   1.930894476056632   1.840368485567972
   1.007482130487604   2.001062456207743   2.001635592490492   1.008192740822049   2.001110443411483   1.007481983372564   2.001062456010132   2.001635594407841   1.008192610436638   2.001110443409591   1.889173702124918   1.797128510180614   1.973797539757061   1.888917103992283   1.930905680287573   1.840385718796895   1.888917103185627   1.930905722684842   1.840385678999477   1.889173712773906   1.797128511074431   1.973797534270540   1.888917117852118   1.930905677479250   1.840385720001124   1.888917117857821   1.930905718529248   1.840385679191571
   1.007007517959523   2.001251394588867   2.001814223874819   1.007725061733274   2.001297158584359   1.007007384599711   2.001251395306913   2.001814225770217   1.007724927434620   2.001297157966770   1.889244777927567   1.797176893344107   1.973803622892324   1.888969226712224   1.930935181325953   1.840435323953840   1.888969225733314   1.930935221528223   1.840435287796674   1.889244784979070   1.797176888544657   1.973803618657824   1.888969242984542   1.930935178422045   1.840435329349381   1.888969243301468   1.930935219428427   1.840435285397674
   1.006571817096711   2.001383680600401   2.001937823848782   1.007295124106120   2.001427684832942   1.006571682576632   2.001383680841998   2.001937825392574   1.007294997694563   2.001427684247697   1.889320647296455   1.797245386664321   1.973815794645814   1.889030219673612   1.930971744140338   1.840499112743592   1.889030219287824   1.930971782235449   1.840499073648030   1.889320661114309   1.797245389910678   1.973815790688617   1.889030232978730   1.930971742487662   1.840499111357971   1.889030233990450   1.930971780795773   1.840499075197885
   1.006189229164526   2.001453490574087   2.001997111671071   1.006916562216847   2.001495686235052   1.006189109648460   2.001453490446451   2.001997113279697   1.006916430575608   2.001495684459198   1.889401210882419   1.797327065828833   1.973838582444048   1.889096266891057   1.931019634623677   1.840574681363250   1.889096265190798   1.931019677215172   1.840574637440983   1.889401224272188   1.797327066399358   1.973838578487205   1.889096282594875   1.931019636207822   1.840574681868810   1.889096280629245   1.931019673709145   1.840574645777061
   1.005968097854773   2.001363723745724   2.001893653801670   1.006697098158733   2.001403769006514   1.005967984757388   2.001363724447863   2.001893656345452   1.006696962124832   2.001403765718273   1.889494363650775   1.797432027461623   1.973879535416512   1.889174405637236   1.931085819270496   1.840673693440811   1.889174407350061   1.931085858498635   1.840673651038458   1.889494376465232   1.797432030151714   1.973879531153830   1.889174419039479   1.931085824760824   1.840673686419618   1.889174419776606   1.931085856177553   1.840673658377842
   1.005533239610122   2.001460190173366   2.001978161920187   1.006264823068547   2.001498263296457   1.005533097773792   2.001460189076130   2.001978162979265   1.006264714140479   2.001498262781051   1.889575326597380   1.797517371988045   1.973907500598110   1.889240775680219   1.931137966481252   1.840753875256231   1.889240775364319   1.931138004290214   1.840753839228820   1.889575336617502   1.797517371667891   1.973907497300809   1.889240790037734   1.931137961739109   1.840753873423180   1.889240790647643   1.931138000869401   1.840753837443689
   1.005320979483946   2.001391177570930   2.001898833760301   1.006053793157655   2.001427585918325   1.005320871615767   2.001391178124944   2.001898836447609   1.006053676711211   2.001427583134128   1.889657134567563   1.797614641906670   1.973940264979985   1.889310261384425   1.931195279110534   1.840842299091405   1.889310261737582   1.931195317321805   1.840842261861882   1.889657147196284   1.797614638364329   1.973940261182248   1.889310275752204   1.931195280246916   1.840842301943301   1.889310277330029   1.931195317627923   1.840842262523858
   1.005140990644527   2.001324377259990   2.001822721156101   1.005874722592019   2.001359402667492   1.005140873595301   2.001324379026386   2.001822722577418   1.005874604982004   2.001359401735049   1.889729581139725   1.797697600010045   1.973972960421988   1.889370814525993   1.931247727661112   1.840920331725662   1.889370813885918   1.931247763538026   1.840920291896812   1.889729593569994   1.797697602064383   1.973972956778947   1.889370829126227   1.931247726747839   1.840920327433234   1.889370828391292   1.931247762143782   1.840920292758760
   1.004768971727695   2.001416768689456   2.001908849724642   1.005504023829669   2.001450722754837   1.004768845992139   2.001416769328778   2.001908851359382   1.005503914284456   2.001450721980343   1.889790884788870   1.797781441789584   1.973983726965397   1.889424464711879   1.931282087318659   1.840990805139728   1.889424464963092   1.931282121657606   1.840990772280990   1.889790893150035   1.797781439313795   1.973983723399276   1.889424479878190   1.931282082125781   1.840990804480384   1.889424481131187   1.931282118529930   1.840990768761956
   1.004339392978260   2.001595300036136   2.002081712254483   1.005076787641768   2.001628127973051   1.004339286203081   2.001595299803533   2.002081714261370   1.005076671317013   2.001628126763813   1.889838921774168   1.797834445813539   1.973990213784005   1.889464068522398   1.931306377994313   1.841037148200873   1.889464068681513   1.931306416738237   1.841037109386171   1.889838933600084   1.797834442396086   1.973990210138982   1.889464085108817   1.931306378195381   1.841037148983863   1.889464084218742   1.931306412990217   1.841037114298569
   1.003812388816050   2.001857737302911   2.002341228816769   1.004552269211710   2.001889760722484   1.003812272130032   2.001857736711154   2.002341230728184   1.004552167163804   2.001889759431915   1.889878517897889   1.797886278298120   1.973986677568376   1.889498881542341   1.931320256043464   1.841078480049913   1.889498881218124   1.931320292862860   1.841078444565577   1.889878530800123   1.797886274475428   1.973986674056311   1.889498897468282   1.931320252337304   1.841078480087988   1.889498898036395   1.931320289320496   1.841078442393322
   1.003796804809697   2.001733116923021   2.002210275062623   1.004536048903819   2.001764277673006   1.003796694245275   2.001733117773329   2.002210276632189   1.004535940509701   2.001764276146167   1.889927330460580   1.797947594971994   1.974013156084059   1.889541299806666   1.931359203620556   1.841135241127174   1.889541298597283   1.931359239494588   1.841135205944605   1.889927343553571   1.797947591848524   1.974013152975701   1.889541315308853   1.931359200518987   1.841135240356955   1.889541316674579   1.931359237886500   1.841135202151186
   1.003334058668102   2.001959226046737   2.002433645903586   1.004074713952118   2.001989763645956   1.003333944452575   2.001959225792432   2.002433647176122   1.004074617015092   2.001989762547737   1.889962477919131   1.797999018712270   1.974008429067351   1.889572562316677   1.931371334848746   1.841175482065900   1.889572561402794   1.931371369740778   1.841175446609547   1.889962493653041   1.797999017079627   1.974008426216225   1.889572576863328   1.931371329595102   1.841175479734157   1.889572578322332   1.931371367218651   1.841175443494322
   1.003409737824288   2.001797773795580   2.002266122458608   1.004148662286838   2.001827530669837   1.003409628417844   2.001797774145185   2.002266123797221   1.004148560931765   2.001827529161292   1.890000324923781   1.798045850564670   1.974036985382199   1.889605322367386   1.931407625391227   1.841220604077841   1.889605321508202   1.931407661394468   1.841220567583224   1.890000338247853   1.798045848436203   1.974036982502938   1.889605337899512   1.931407622045517   1.841220601490984   1.889605338576916   1.931407658101215   1.841220566080525
   1.003531812467635   2.001602178894259   2.002064645346556   1.004269225363425   2.001631353860228   1.003531709570527   2.001602179680494   2.002064646761168   1.004269119976780   2.001631352080156   1.890037710065013   1.798098772079749   1.974062940992970   1.889638153086598   1.931442725633658   1.841269843152543   1.889638152677811   1.931442761113920   1.841269806069400   1.890037727879305   1.798098770506217   1.974062938858809   1.889638168799878   1.931442723811426   1.841269843919332   1.889638168692419   1.931442759231747   1.841269809494952
   1.003697767175184   2.001406249057934   2.001863815105990   1.004433777638843   2.001435030679433   1.003697663792127   2.001406249179506   2.001863816783768   1.004433674920723   2.001435028349550   1.890064587655386   1.798132407987122   1.974089616403751   1.889661462265592   1.931473352861370   1.841303601577287   1.889661461943189   1.931473388149415   1.841303563743038   1.890064604505892   1.798132408579164   1.974089613302003   1.889661476756912   1.931473351689865   1.841303599631157   1.889661477255067   1.931473385589234   1.841303567490545
   1.003402348762072   2.001575588607021   2.002030434529181   1.004139331581543   2.001603879798940   1.003402244923631   2.001575588825175   2.002030435990023   1.004139231876605   2.001603877680796   1.890078438576164   1.798147923460495   1.974087757746195   1.889672391400022   1.931478062591176   1.841316737422335   1.889672390664376   1.931478098070722   1.841316700361370   1.890078454638126   1.798147922988432   1.974087754737636   1.889672406786081   1.931478059980361   1.841316734823101   1.889672407383967   1.931478094806303   1.841316701051067
   1.003494416182496   2.001453285924268   2.001905498492435   1.004230750935197   2.001481374452812   1.003494314235070   2.001453286067328   2.001905499901238   1.004230648936466   2.001481372239513   1.890098550279033   1.798173978346014   1.974103400339950   1.889689968526904   1.931497929673433   1.841341516494130   1.889689968320882   1.931497965487566   1.841341480004294   1.890098564955961   1.798173976844999   1.974103397014743   1.889689984933651   1.931497928139433   1.841341514770034   1.889689985591296   1.931497962335999   1.841341480644200
   1.003251435081615   2.001594588156141   2.002044551271414   1.003988354074047   2.001622192785034   1.003251335557357   2.001594588377442   2.002044552597635   1.003988252544642   2.001622190977523   1.890109475796723   1.798182590421736   1.974104655122379   1.889698308168255   1.931502689036609   1.841350122259210   1.889698307821714   1.931502725108854   1.841350084192967   1.890109491899348   1.798182590209142   1.974104652177795   1.889698323588922   1.931502688979630   1.841350120009976   1.889698323815225   1.931502722245963   1.841350087788494
   1.003081871765971   2.001685548349568   2.002135870947884   1.003819387090866   2.001712949921496   1.003081772904366   2.001685548705634   2.002135872249193   1.003819287567566   2.001712948241424   1.890120044221475   1.798198315133166   1.974099928076427   1.889707265165807   1.931504035566571   1.841361781964508   1.889707264834074   1.931504071506878   1.841361744930055   1.890120059139125   1.798198313748866   1.974099924943337   1.889707281575445   1.931504034605270   1.841361779917254   1.889707281908696   1.931504068529837   1.841361746553984
   1.002768912580731   2.001895131236445   2.002347524450449   1.003508097344050   2.001922498393146   1.002768816344935   2.001895131659444   2.002347525764793   1.003507997723803   2.001922496766867   1.890124263787468   1.798205659667854   1.974085921195446   1.889712184920638   1.931495438578863   1.841363411583802   1.889712184603995   1.931495474581266   1.841363374576234   1.890124278718872   1.798205657741114   1.974085918246909   1.889712201706664   1.931495437851763   1.841363410011787   1.889712201824084   1.931495471658243   1.841363376541361
   1.002762374865344   2.001872619426327   2.002324458308355   1.003500977210875   2.001899874753049   1.002762277375448   2.001872619522902   2.002324459655325   1.003500879132594   2.001899873195933   1.890132737227051   1.798221403478139   1.974088946873698   1.889719963155846   1.931501837237162   1.841376542874994   1.889719962954001   1.931501873389306   1.841376505865706   1.890132752108256   1.798221401863863   1.974088943942913   1.889719979568058   1.931501836796804   1.841376541062673   1.889719979759458   1.931501870303868   1.841376508157374
