     # DFT_E    <epsk>-<epsk>_o    1/2*Tr(Sigma*G)     EPOT_imp
    -81.568805       1.754412      11.410586      11.724188
    -82.124687       2.041110       4.600087      12.162091
    -82.054695       1.952376       6.279409      12.207929
    -82.041295       1.899970       7.383018      12.256560
    -82.031732       1.859367       8.300667      12.293610
    -82.027459       1.835760       9.052767      12.328543
    -82.025582       1.821311       9.666399      12.356462
    -82.026121       1.815180      10.166293      12.376027
    -82.027774       1.812762      10.571797      12.392780
    -82.030274       1.814164      10.900404      12.411986
    -82.032952       1.816322      11.171661      12.423488
    -82.036141       1.820867      11.385015      12.432673
    -82.039911       1.829219      11.554283      12.440194
    -82.043181       1.835463      11.686786      12.446261
    -82.046562       1.843733      11.789554      12.454771
    -82.049548       1.850417      11.870192      12.451292
    -82.052154       1.855624      11.939850      12.458917
    -82.054194       1.858541      11.988525      12.458795
    -82.055791       1.860241      12.027696      12.460355
    -82.058077       1.866146      12.055778      12.462063
    -82.059464       1.867814      12.085198      12.465613
    -82.061274       1.873587      12.093556      12.462469
    -82.063004       1.879783      12.101260      12.467410
    -82.064107       1.883621      12.107553      12.464728
    -82.064482       1.883672      12.113559      12.467457
    -82.065538       1.886809      12.113774      12.464706
    -82.065778       1.886605      12.113428      12.464519
    -82.066185       1.887441      12.110787      12.464040
    -82.066173       1.886094      12.112484      12.463908
    -82.066773       1.887984      12.109944      12.465414
