# Status file for ctqmc. Used to save all times t_s, t_e.
10
31
1.307685052883132 1.164048210189401 0 0
1.440050323009643 1.360286870950373 0 0
2.782218474839501 1.605017609370569 0 0
3.170561462531037 2.93203437720453 0 0
3.632406198020995 3.502770489553975 0 0
4.173002597938355 3.980327205105622 0 0
4.717576263087892 4.611403554751133 0 0
5.417913681422786 4.815389919100562 0 0
5.554978417932571 5.431683050696692 0 0
6.193512117422893 6.042336006879868 0 0
9.174368789541326 7.158773135609081 0 0
9.764508966914068 9.655705946214653 0 0
10.86005926252506 10.64549638947134 0 0
11.99955760677451 11.99550342492328 0 0
12.30260202335515 12.1854877901345 0 0
12.92394847845141 12.42886812703946 0 0
13.16261459677954 13.09498416817723 0 0
14.49969014675404 13.66503031676006 0 0
16.21345643962658 14.65446772919461 0 0
17.54903370134727 16.42347162076743 0 0
17.76516581865459 17.75690836115898 0 0
20.47881868583601 18.66794713613377 0 0
20.80269927563391 20.63887502831886 0 0
21.47161403855865 21.26295306213368 0 0
22.02576814416004 21.52921217056318 0 0
23.29412598633716 23.21728021851025 0 0
23.38002609775703 23.3016180885483 0 0
25.95552976039946 25.77988056141352 0 0
26.83945248927493 26.08777669966633 0 0
26.94942054003908 26.86222072320549 0 0
28.20273982730044 28.11581718760828 0 0
0
1
6.681069731712341 4.70796525478363 0 0
27
2.826899209356676 2.570253939409088 0 0
4.370030914423019 2.870062562965096 0 0
4.647629125018518 4.537219829213245 0 0
5.086663074507348 4.833100123824909 0 0
5.259927068027757 5.175966800830812 0 0
6.076447105057598 5.341103017797337 0 0
7.410446013905279 6.807608667219061 0 0
8.073578576918162 7.758093035213894 0 0
8.137298218372896 8.100315825825307 0 0
8.521503822894099 8.428806648404539 0 0
8.596762450189223 8.559366301482696 0 0
13.30809733658957 13.17973727780659 0 0
13.67060330479163 13.35808423920067 0 0
16.24905523220104 16.17143484799354 0 0
16.4125607031526 16.33607418657195 0 0
18.1024741197404 17.79654211746373 0 0
19.6741552465745 18.65244756433927 0 0
19.97922634180505 19.80690509239687 0 0
21.16740160816244 20.84406069740387 0 0
21.67036273259053 21.32076796405206 0 0
22.78186900404481 22.69093769190406 0 0
23.14802270855926 22.88468546338969 0 0
25.06990922124498 24.89101936235575 0 0
28.14171680818922 27.17329309567185 0 0
28.26895600091934 28.15573358458829 0 0
28.69438370457328 28.31916163665898 0 0
29.78819023917606 29.45982371990709 0 0
0
27
1.819521610334796 0.3563408461420455 0 0
2.253074204275717 2.064738818727768 0 0
3.971540084979872 3.761005834358189 0 0
9.417803460824087 8.825181247202146 0 0
9.506978907726136 9.448778203532779 0 0
11.08235089613231 9.839209248943114 0 0
11.40428836569452 11.19268683184693 0 0
12.30318649275804 11.46288024569115 0 0
12.665341580291 12.61751055245156 0 0
13.16986229834944 12.99192521726943 0 0
14.70023944467879 14.26577433569977 0 0
16.1046433487985 16.10090008552615 0 0
16.53733013878648 16.38961324849649 0 0
16.8870022843351 16.75552769264534 0 0
17.49371769875227 16.97840270319915 0 0
18.78732072261669 17.61971054567664 0 0
20.74973507550378 19.87902275580385 0 0
21.22872143048382 20.84618481150713 0 0
21.61157195805918 21.43957546741076 0 0
22.43186575287129 21.87468236466004 0 0
23.4141342635725 23.01859151894011 0 0
26.66080314477982 23.4247299604542 0 0
27.87886311014617 27.44365030036711 0 0
28.34106071757131 28.31592319023859 0 0
29.31884680989524 28.54328014656387 0 0
29.39453937337157 29.3296463743424 0 0
29.81725714530581 29.43584965345234 0 0
0
0
34
0.5960404063517935 0.6073886487453741 0 0
1.347918806165231 1.566408636746804 0 0
2.282962428077199 2.399298641122217 0 0
2.878066540222964 2.909750975214587 0 0
3.527077813686351 4.028184288504639 0 0
4.753303902073141 5.048422537192574 0 0
5.279609057895626 6.555816089240002 0 0
7.34912737617196 7.401600900285637 0 0
7.796674562029555 8.04048267208751 0 0
8.820508767426457 9.222604606815203 0 0
9.746469924959783 9.751930748434321 0 0
10.18143635900883 10.57124147105528 0 0
11.46861836698635 11.67102215115635 0 0
12.49501525955819 12.74492493600927 0 0
14.24860920233641 14.31204366723192 0 0
14.53299816548486 15.68279490842685 0 0
17.13769584105572 17.45519133071024 0 0
17.82058282377512 17.8386478838694 0 0
17.87341175681444 17.87457853494755 0 0
17.95269570563488 18.39614740403626 0 0
18.50510742514533 18.54503890951765 0 0
18.900554317083 19.3710084086306 0 0
19.47941949265852 20.0189601963659 0 0
20.42929771006796 20.44535438067009 0 0
20.56077895436891 20.57099544724712 0 0
21.10553358662665 21.1200547895992 0 0
22.12222067577459 22.18022414625893 0 0
22.83708048717516 23.02436042955207 0 0
23.32524395872897 23.72496632225774 0 0
24.615374398231 24.64811924540236 0 0
24.81781320358058 24.99545895295826 0 0
26.02286259056709 26.09245401337257 0 0
26.15570242634779 26.71028957827539 0 0
27.24053285955221 28.20150311883638 0 0
0
