# Status file for ctqmc. Used to save all times t_s, t_e.
10
33
1.916924541382284 1.128518698258041 0 0
2.524489875722248 2.098042472436555 0 0
2.655343130791759 2.643390748346265 0 0
3.671489900181792 2.958413895815277 0 0
3.738092375679333 3.736192727667875 0 0
4.405670290532285 4.166209173290235 0 0
5.035560894350139 4.664719291001528 0 0
5.395286058012785 5.141141547700705 0 0
6.677676451082566 6.059166398897807 0 0
7.166238015522683 6.810350317812009 0 0
9.025539633580072 7.194995346616473 0 0
9.9417180563724 9.863938064331364 0 0
10.49378030928897 10.13867556620987 0 0
10.97043666263436 10.56398906945524 0 0
11.89848889485771 11.09568731621924 0 0
12.47775931454358 11.89908837351791 0 0
12.78682471139611 12.75359817388812 0 0
13.98237893003027 13.66683422352361 0 0
14.22760714536125 14.16870571924072 0 0
15.37061375928234 15.06866131533122 0 0
16.41303211506612 15.44795143617382 0 0
17.73691800605162 17.14050072043161 0 0
18.21539391494699 18.03127912716119 0 0
19.36902566902264 19.27685880198198 0 0
19.74489296491442 19.5502270431274 0 0
20.84524465331286 20.84288761829499 0 0
21.10905519621621 20.95473350765166 0 0
21.90437259456152 21.23560480556957 0 0
22.15961929944787 22.04467913469535 0 0
25.15746488623188 23.77606983000644 0 0
28.66401831394911 28.63531092086258 0 0
29.2043274691334 28.74301461041742 0 0
29.87262936304026 29.35051180840785 0 0
0
0
33
0.8291826084423322 0.04814582254757838 0 0
1.003862349108134 0.9633921460841858 0 0
2.328868268720101 1.024150900659791 0 0
3.675460717779176 2.534525835991979 0 0
4.236638388010324 3.731407727887896 0 0
4.778660444186761 4.247078475951177 0 0
5.43834628966471 5.247302672388234 0 0
5.958728290302933 5.444964023371893 0 0
6.466682311963214 5.988201634579721 0 0
7.259516574888194 7.214232961758087 0 0
8.241745388333515 7.386207801176452 0 0
9.80621916057199 9.131912114705546 0 0
10.36738953097443 9.82142503362965 0 0
12.66639537751559 10.96174426292742 0 0
14.06918706203936 12.75987298339867 0 0
15.17750614969094 14.70544306817825 0 0
17.31453593203764 17.12163701218913 0 0
17.88290926542157 17.72249188445224 0 0
18.43815297465979 18.37040381895571 0 0
19.81039489457732 19.7720097347225 0 0
21.69146974122523 20.97537200329635 0 0
22.82814116180717 21.79854141161233 0 0
23.06845598389014 22.94397000398894 0 0
23.32442491783662 23.25549304103211 0 0
23.57955786755978 23.46582918225801 0 0
24.38927175707519 23.83763618438142 0 0
24.54001955604391 24.51700087165357 0 0
25.38432739533063 24.99077549530911 0 0
25.97189187429034 25.61662430681116 0 0
27.08161697238955 26.43033508254657 0 0
27.57179118120988 27.4228859761918 0 0
27.78040060541625 27.6321038533777 0 0
29.7312993656553 28.73501553651031 0 0
0
31
0.5872475398672633 0.4194241689663656 0 0
1.487036372308531 1.307205019676421 0 0
2.076963776324231 2.042710939109212 0 0
4.024296359998712 3.456001922353405 0 0
4.654603478514067 4.452160802364165 0 0
5.379966436218178 4.659822289676167 0 0
7.614411068634603 7.573856710573651 0 0
8.86403892731032 8.612320823057308 0 0
9.014592200618893 8.936695501583465 0 0
9.832344799262671 9.174159108243028 0 0
10.22773635385728 9.992773866770905 0 0
11.02891151384163 10.35896626937206 0 0
11.41114782252156 11.27527146756086 0 0
11.71537547197891 11.62583577701639 0 0
12.58664509935016 11.72633105235442 0 0
13.67621664885726 12.90204371812904 0 0
13.96945679328087 13.80443707987875 0 0
15.18254467904247 14.3486538876841 0 0
15.38991666898134 15.29386256776553 0 0
17.73825840971448 16.42776208517774 0 0
18.37355459200326 17.74129670446171 0 0
21.45716620335025 18.51400564228025 0 0
21.66469626143442 21.64771295919663 0 0
23.07990277134696 22.08959725094494 0 0
24.16827705098672 23.25370807692003 0 0
25.42257945090964 25.18962226947355 0 0
26.45842773845763 25.53225783739424 0 0
27.265102649653 26.53426696792181 0 0
27.43384512661164 27.29658951373818 0 0
28.17699316569561 27.68914520229911 0 0
28.77889689395172 28.18183577656177 0 0
1
16.38005912303925 16.11688739264338 0 0
0
38
1.074722107494522 1.216734165183249 0 0
1.36245704766133 2.294159342510496 0 0
2.831354450983014 2.933801117673458 0 0
3.348155121035925 4.023707535609448 0 0
4.229286725357105 4.607512170342543 0 0
4.95877610029685 4.962403931080017 0 0
5.327282103139317 5.443005431910546 0 0
5.612429363397016 6.254949043011514 0 0
7.148189869973138 8.831697375874061 0 0
9.482450194468623 10.04184099988844 0 0
10.1376256725548 10.19758403743504 0 0
10.211534057679 10.59802541202836 0 0
10.61385549149114 10.67988482493121 0 0
10.945343821025 12.51038451583358 0 0
12.57894313067852 13.06370192429816 0 0
13.16476041324411 13.47120687281667 0 0
13.634905611952 13.96475501790749 0 0
14.71474530129178 15.33892684865274 0 0
16.23990009131269 16.76257431920461 0 0
19.57168646727942 19.73008683139332 0 0
19.8109903815431 19.86683061088742 0 0
20.03826173628378 20.65129394516174 0 0
20.73739965054819 21.34541819292777 0 0
21.35131389026301 21.5386403940335 0 0
21.64351341286912 21.67252976318315 0 0
22.04295171853321 22.94089326754924 0 0
23.30463866323222 23.33674940213984 0 0
23.60045788404912 23.60610016134259 0 0
23.73061208371271 24.73804878470655 0 0
25.13341272484653 25.37998294798019 0 0
25.44491569789061 25.71753156592132 0 0
25.76935959663069 26.0246469366565 0 0
27.16541570367183 27.20640772494031 0 0
27.88821916049539 27.92876451682764 0 0
28.33130140592026 28.41946248312339 0 0
28.56089046695571 29.28462782365539 0 0
29.3136100266766 29.70430972174473 0 0
29.84523210063519 29.95714832754407 0 0
0
