# Status file for ctqmc. Used to save all times t_s, t_e.
10
32
0.1960995674394823 4.107615697950024 0 0
4.356532318170849 4.377943251186301 0 0
5.013302130699842 5.042013501254988 0 0
5.670366870231632 6.287463410750722 0 0
6.31567502228582 7.967767888304108 0 0
8.032023464807247 8.367657198419369 0 0
9.45461061153982 9.473273740989196 0 0
9.949854955902449 10.15786754960698 0 0
10.4958073833733 10.825424743058 0 0
11.33074146876407 11.47992557152857 0 0
12.02808292095956 12.30717098893804 0 0
12.44650586011161 12.88394759357994 0 0
13.249716684052 13.47321240605699 0 0
13.47830266791005 13.59748197825547 0 0
13.76190972723564 14.104079871297 0 0
14.13613865122105 15.50794336684411 0 0
15.84238598153879 16.06354767934996 0 0
16.52313713190438 16.52566169626839 0 0
17.38066306165512 17.44547735708609 0 0
17.53096504908218 17.83115524345438 0 0
17.93043079132692 18.59338881684713 0 0
19.75694710466865 19.86487308285468 0 0
20.07105681212807 20.43427052050925 0 0
20.55339655268554 22.10842752194032 0 0
23.55395319836378 23.6917291861872 0 0
24.22405693639013 24.45607634438532 0 0
25.78651787738247 25.85196114873927 0 0
26.17568506712923 26.43798022302214 0 0
28.27503172712403 28.39821524621188 0 0
28.39855274988541 28.54075851072325 0 0
28.7382193284514 29.60380582472143 0 0
29.64161211668396 29.73909864406244 0 0
0
0
27
0.5146277068017904 0.1176316160009279 0 0
3.759781844328931 2.071596697771346 0 0
4.566009121224317 4.475204781682994 0 0
5.139537948806367 4.892135260134547 0 0
6.454799833676278 6.015394960712638 0 0
7.756136482886469 7.285261189058343 0 0
10.31359564243199 8.684218962269336 0 0
11.3780729768812 10.43561574962455 0 0
14.35151710539268 11.42857075156795 0 0
14.94318659944974 14.64785592746988 0 0
18.49830986411173 15.08950706800789 0 0
18.70835380968899 18.60941723632501 0 0
19.1504242082005 18.73533583433843 0 0
19.81413366234454 19.32169393967571 0 0
20.06234928754207 20.00458369428596 0 0
21.91892041647725 21.71603977371005 0 0
22.09999551895476 21.98307273228574 0 0
22.78380629207981 22.42353699224912 0 0
23.01265049703964 22.89713267994248 0 0
23.43136205552869 23.21499466456713 0 0
23.90000400710428 23.82160070624305 0 0
24.29016642532979 24.00334782748991 0 0
25.95206408643595 24.35322114655891 0 0
26.62314043572433 26.50211174292733 0 0
28.20450837451806 27.82319886324526 0 0
29.77048282134937 28.20621933678417 0 0
29.96743983717958 29.77619945100074 0 0
0
20
0.3556643116797886 0.4488289370580317 0 0
0.6753496935108052 0.8170431453441112 0 0
1.302187779580722 1.971933302947428 0 0
3.449579731921977 3.535791604517733 0 0
3.599981231060399 3.803225091501238 0 0
4.691017355988951 5.352067926103313 0 0
6.090368291780733 6.174221762254242 0 0
6.229083829684405 6.629357290964197 0 0
6.9843895721836 7.134756896702407 0 0
8.833459978643967 9.41450510621722 0 0
9.484841710878388 9.738760158811393 0 0
10.51710216191665 12.53497118013163 0 0
12.70238437238358 12.840779256137 0 0
12.92758546905342 13.46582894235063 0 0
13.79607538573922 14.82531656999218 0 0
15.03085042000217 20.18991633717277 0 0
20.360987895241 20.70251558560514 0 0
22.31490571724716 26.97918758794896 0 0
27.05452935087475 28.2084722611986 0 0
28.35416416327044 29.67039488255514 0 0
0
0
23
1.692346066478124 0.2591446659675185 0 0
2.160893334623825 1.693560243274048 0 0
2.44141616923284 2.172260875165474 0 0
2.998378608056417 2.99547467237642 0 0
4.344273325608747 3.454915709522581 0 0
5.309614848041587 4.441358438095825 0 0
6.337655996420417 6.277831284631626 0 0
8.700825646567008 6.508306594031996 0 0
12.13509320274694 12.05309771725333 0 0
13.71768720705189 13.4754570686983 0 0
15.78572941278545 13.8477871684799 0 0
18.62504834113462 18.07482006300155 0 0
19.12904573942933 18.99280059120821 0 0
20.17406037246299 19.15250588503318 0 0
21.19731813259472 20.3231911939573 0 0
21.98618370382752 21.22519516745794 0 0
26.06838312434682 26.0616493343686 0 0
26.70867319931713 26.14233772886173 0 0
27.61523419577977 26.87408858443453 0 0
28.18658272561142 28.02490720749368 0 0
28.97765274830002 28.4371867789945 0 0
29.35375601382524 29.06951287746913 0 0
29.940316497317 29.59241064457623 0 0
0
