# Status file for ctqmc. Used to save all times t_s, t_e.
10
31
1.031230318780445 0.4638153592893884 0 0
2.545899744226531 1.042645530181047 0 0
2.752441937342152 2.557883333577567 0 0
3.142426330348043 2.778843855368882 0 0
3.532843252094335 3.177879656943516 0 0
3.85303148280893 3.794773878000736 0 0
4.747180582492554 4.541262590115274 0 0
4.951296258739843 4.88643437055357 0 0
5.60954615183481 5.083706996543934 0 0
6.273392938999132 6.224594708177909 0 0
6.830721029453976 6.321679345236734 0 0
8.515365960650904 8.454097997044775 0 0
9.512194363307408 9.189044131223444 0 0
11.85338849517128 11.41371457376714 0 0
12.1894155950287 11.87490011712444 0 0
12.54470142555856 12.28748672372179 0 0
13.52338035323143 12.79351654995693 0 0
16.60690854497551 15.27474553271389 0 0
17.38282958042858 17.01447658566034 0 0
17.98060953965777 17.41236910927893 0 0
19.41218635827523 18.20658181185483 0 0
20.38405737508903 19.47883081594842 0 0
21.24885526892086 20.91857308490668 0 0
21.5698508602318 21.43227125077168 0 0
23.1597861169361 21.63350079140988 0 0
24.19799579743271 23.85671660894803 0 0
24.59142567182864 24.55203604208972 0 0
25.19604670948056 24.90254611014642 0 0
26.1521420871372 25.22564477877744 0 0
26.49037883760965 26.32070384579924 0 0
27.74919383250997 27.59470274898976 0 0
0
0
29
1.536949308905298 0.9998797361152698 0 0
1.837716721046717 1.591419223691759 0 0
2.227662501771049 1.880532304744921 0 0
5.736192979629665 5.389517237668787 0 0
7.659895675099276 5.999038138282263 0 0
8.356387796759702 8.151155794365456 0 0
10.49667096113224 10.46422766218395 0 0
10.78024168096919 10.51943011942775 0 0
12.00880274242889 11.72954980237912 0 0
14.0544589365653 12.80677313672466 0 0
15.99847105456089 15.49807579270562 0 0
16.55251162361797 16.02874620667878 0 0
16.75977869110179 16.68275621432882 0 0
17.06023898020735 16.9844330336856 0 0
17.58169873092527 17.08790637707653 0 0
17.82878923419155 17.71283176270515 0 0
18.79078023016384 17.86843338677949 0 0
21.13696229473674 18.94587084405067 0 0
21.87046090346655 21.17778765110872 0 0
22.28997315220172 21.87152380318398 0 0
23.23770245552289 22.31008878039214 0 0
24.14500844289029 23.3209891884291 0 0
24.16229490888638 24.15393562761304 0 0
24.85703672968861 24.28692127499829 0 0
26.55251764916694 26.43440382099984 0 0
27.7854513920634 27.71033780206034 0 0
28.2804547607161 28.14666512345612 0 0
28.51279327623655 28.38207206801882 0 0
29.12970791230992 28.71676132845937 0 0
0
35
0.5392858936689855 0.02192579137389217 0 0
1.642307626203081 1.556382235385876 0 0
1.931243758819885 1.930002667438533 0 0
3.630061407874257 3.455730659402136 0 0
3.91934262425395 3.896491402697801 0 0
4.466288321874803 3.931906931172443 0 0
5.059958343371828 4.569766730298961 0 0
6.018372912395865 5.758530206223327 0 0
6.536073918771735 6.303182989688955 0 0
7.1260685494164 6.734120357776065 0 0
7.484362311389338 7.413233362338762 0 0
8.549159152471161 7.763458104301344 0 0
9.371989838942332 8.894440857467787 0 0
11.02266342705196 9.492195447036368 0 0
11.05161826188181 11.03077586308393 0 0
11.35426401257904 11.09158581976565 0 0
11.75889786666522 11.45410581599893 0 0
12.10256997048251 12.00993522327707 0 0
12.62437678985713 12.17058974978107 0 0
12.99878082410138 12.67296193194919 0 0
13.79687602427674 13.46402371540507 0 0
14.67095984448702 14.0136859710307 0 0
14.77315915021039 14.71296124818491 0 0
15.34956739147945 14.91149487754388 0 0
15.55797084138905 15.44787043155952 0 0
16.68149125408015 16.63149954907954 0 0
21.32652078947232 21.18541541957089 0 0
23.1126438544817 22.54691391710528 0 0
26.25219464315396 26.13937567071027 0 0
27.40147416761931 26.38044953427674 0 0
27.59187796448553 27.5072657867178 0 0
27.67298151412724 27.65102494456475 0 0
28.59699403504352 27.72653975172121 0 0
28.82692644158556 28.68558795105379 0 0
29.82030875871216 28.94259918270869 0 0
0
0
28
0.2171203545466796 0.2241864640352902 0 0
1.025598004630459 1.181757214184936 0 0
1.191810580831619 1.735745018669696 0 0
2.56909093345672 2.751584412153762 0 0
3.096598210010407 3.146778154048201 0 0
3.331548383111459 3.430186317837116 0 0
5.043283493925168 5.194924086554799 0 0
5.649946035487574 6.852553066530235 0 0
7.167819146246964 7.283818453681064 0 0
7.652474800283861 8.517891043658038 0 0
9.155642542551913 9.358772096352581 0 0
10.55260097308683 11.0831341415088 0 0
11.6184011158853 11.91726734564969 0 0
12.37110312236921 12.38023211486915 0 0
12.88880813802655 13.90093354163629 0 0
14.28697858154058 14.47948806292651 0 0
15.36495048054912 15.50801038505327 0 0
15.69023958234354 15.69852214922723 0 0
15.90220687021636 16.10735070236789 0 0
16.14616830122727 16.4034301936891 0 0
16.71481702893654 16.76465650148627 0 0
16.9593976366945 18.7168700254408 0 0
19.33472337324146 24.55918302733899 0 0
26.19788243355255 26.45298343270373 0 0
26.56227522801683 27.06086200036814 0 0
27.76219760733559 28.24101185641342 0 0
28.53750959941591 28.57739562508273 0 0
28.60746993809807 28.88599675135805 0 0
0
