# Status file for ctqmc. Used to save all times t_s, t_e.
10
25
0.07312951258636957 0.1838393985740758 0 0
0.3992610370144014 0.5926535201254879 0 0
1.08969008389306 1.480239896713792 0 0
2.606737857824283 3.075504779996974 0 0
3.590259126357096 3.739152238997027 0 0
4.27704575164351 5.889885290847625 0 0
6.757222083364116 7.143946516933298 0 0
7.606646559965932 7.733168039582197 0 0
8.589056306285633 8.60459093018814 0 0
8.830371689131191 9.645582679429987 0 0
10.30356017648328 11.51615557355461 0 0
11.86629639916539 13.9549649177215 0 0
14.29108872479575 15.54866626200888 0 0
16.00362253770306 16.13243008530046 0 0
16.4518238180247 17.56934272192462 0 0
18.3089366478549 18.74086767355809 0 0
18.77568406837084 19.14788506965906 0 0
19.62004518751188 19.88341835145229 0 0
20.81904967591636 23.06560248639686 0 0
23.83704756841111 24.29304088586026 0 0
24.54426458789371 24.73935711268483 0 0
24.7549219362178 25.95134748483437 0 0
26.1449156704322 28.22722977932665 0 0
28.50275083730226 28.61157478312418 0 0
29.79711026048555 29.95657948823674 0 0
0
0
32
0.1936027157196278 0.017927869359049 0 0
1.362024282853272 1.22354183279667 0 0
2.154772381704285 1.632891407877529 0 0
2.317724341884646 2.206657690918253 0 0
4.418139804719277 3.832987741876232 0 0
5.152676191464765 4.976358272122562 0 0
5.920565998677809 5.44228050828904 0 0
7.480589784211437 7.045620274030725 0 0
7.725155536039517 7.51489163616571 0 0
8.595959984031643 7.977299883933956 0 0
9.377127370222446 8.65726700669099 0 0
10.44417599670709 9.574510103375914 0 0
11.04602975349123 11.01095390499333 0 0
11.3769374548974 11.19703766968024 0 0
14.64874259101921 14.4849193276468 0 0
14.79788267685704 14.78784764375978 0 0
14.90009122132562 14.84080236266111 0 0
16.32458264364976 16.02888906034249 0 0
18.40650485278736 16.46708486843605 0 0
18.95448978694058 18.59593182235921 0 0
19.12981148530971 18.99029417224781 0 0
19.29436874881871 19.21651334311612 0 0
19.35130463483365 19.34143268834551 0 0
21.19440266888119 21.17387174689597 0 0
21.35856713061591 21.27934270185265 0 0
24.85216388973171 23.84208707118529 0 0
25.2337649963364 25.12310793223982 0 0
25.71587718531487 25.25034944744774 0 0
26.02472412964623 25.84043880573522 0 0
27.68027277211982 27.27771623728833 0 0
27.77721940292047 27.69168645915044 0 0
29.87467864119204 29.4487966002703 0 0
0
22
0.5786853800267283 0.5917811761382951 0 0
1.694384694947061 1.720278852425996 0 0
1.836364807403356 1.955270867337013 0 0
2.124553063502475 2.546396265248887 0 0
2.97097663681236 3.016620713879953 0 0
3.882007130190468 4.182180931908417 0 0
5.022702590506253 5.281992538151577 0 0
6.549039689130582 6.687106650083077 0 0
7.080179580634063 8.597152668501568 0 0
8.930395020666733 10.24076101506544 0 0
12.68055017353561 12.89313635779598 0 0
13.97681542182309 14.07041643408424 0 0
17.48391833847541 18.34445922851606 0 0
18.62053284421767 19.00887428352062 0 0
19.07916232115418 19.22216472356572 0 0
22.45262158227755 22.48781001516106 0 0
23.15600101923195 23.19683093445091 0 0
23.43729329331481 23.57698854390076 0 0
23.6586425985233 23.76930806557478 0 0
24.09000360325193 24.62159116637216 0 0
27.29941858980428 27.35295185805235 0 0
29.33562131428358 29.76778727291003 0 0
1
3.247645497322083 3.198831081390381 0 0
0
25
0.6636529947317756 0.5410000260301211 0 0
1.33249706982894 1.011420712341862 0 0
1.474217520853672 1.417589660485049 0 0
3.21077833369241 2.897899519806546 0 0
4.163670398501064 3.553379771076079 0 0
4.610754993868881 4.392806320138801 0 0
5.203106508916983 4.727905544138926 0 0
5.539919023432709 5.239883757516435 0 0
5.609716472036567 5.607665389499676 0 0
8.190675415594978 7.547921654084774 0 0
11.42941656458322 10.74526863414939 0 0
11.98504071694714 11.58735573281674 0 0
15.50467518055926 12.36331762010419 0 0
16.69172882363391 16.68146705862471 0 0
17.38378105360156 17.21984385492794 0 0
17.89838785095573 17.48912524518126 0 0
19.15206419260319 18.09415642201723 0 0
19.99933069182191 19.48936209972618 0 0
22.21976251301984 21.13871034451455 0 0
22.99583610361393 22.34901194473338 0 0
23.65314692582109 23.17953182842065 0 0
25.53436264749807 25.43357273137922 0 0
27.1462250318288 25.76456777766386 0 0
27.37402700901979 27.24727189042827 0 0
28.72213859716524 27.40930708610688 0 0
0
