# Status file for ctqmc. Used to save all times t_s, t_e.
10
30
0.1967841567714972 0.3670987623882661 0 0
0.8138806099432158 1.004319211398959 0 0
1.341184443711348 1.543768797733631 0 0
1.596523946395517 1.737865603564673 0 0
2.77175174774417 2.889298512557338 0 0
3.23069860968781 3.266269263789392 0 0
4.738268336379011 4.799956054942819 0 0
5.023473066084712 5.032801883976226 0 0
5.574451447708806 5.859872462469435 0 0
9.158954662042177 9.187737279350484 0 0
10.11035013220506 10.34244673288118 0 0
10.54209208177618 11.10858419393739 0 0
11.42123700782203 11.51911407743797 0 0
12.05584230766358 12.17015023927071 0 0
12.53163650731247 12.92395206725774 0 0
15.74833173292019 15.88539081224011 0 0
15.89427305739951 16.05322531102371 0 0
16.75942761041505 16.76932266047064 0 0
17.02545953960111 18.27071810142775 0 0
18.54347772802097 18.91421756901368 0 0
18.99782477316198 19.06119877689706 0 0
19.18566606566665 19.25496568330561 0 0
20.16493912480388 21.82956497345267 0 0
22.1097027501863 25.39941563304306 0 0
25.42085051663362 25.85143324600701 0 0
26.05254374415096 27.53149737171851 0 0
27.55852485851521 28.17494293362565 0 0
28.18104979146775 28.39196628496684 0 0
28.74088546653181 28.90927181942853 0 0
29.11805445504634 29.14550080203247 0 0
0
0
34
1.324252533164323 0.7085407941120553 0 0
3.751444257765634 1.793406926760266 0 0
4.005453095811188 3.984924201401446 0 0
4.643811491303198 4.488502905746844 0 0
6.032653253451608 4.71266237246217 0 0
6.50128625730011 6.176472683531909 0 0
6.84629439988857 6.543848412025084 0 0
7.990421261907183 7.131250419884497 0 0
9.811573792188183 9.717320977607123 0 0
10.45092154786107 10.04847858081497 0 0
10.54525212535112 10.53344833164514 0 0
11.14791536161806 10.94297649068807 0 0
11.29078795240024 11.26260930376023 0 0
13.03979432545279 11.68380391578623 0 0
13.24916878785932 13.12459906559297 0 0
14.22124730634117 13.74773412310905 0 0
15.93463170901918 15.15761143725713 0 0
16.43798547557621 16.08276538081347 0 0
17.70605016303877 16.50793148382882 0 0
18.22530176695491 17.93674917867024 0 0
19.23135904296609 18.58738243308147 0 0
22.04137472506179 19.54355936244177 0 0
22.35055201953524 22.32589419790976 0 0
22.80084866721721 22.51260486850769 0 0
23.23542287316738 23.20300590416957 0 0
23.56530655828282 23.51743363229038 0 0
24.42648221330219 24.03509163656436 0 0
25.23132902508815 24.73238357690648 0 0
25.40752209472259 25.34119232979016 0 0
25.76300636434772 25.44995307402485 0 0
26.22703648537729 25.77510858062007 0 0
26.93761993881122 26.29050687018775 0 0
27.93807576418824 27.01535714838866 0 0
28.4370272340123 27.98645955915509 0 0
0
31
0.1332004535905007 0.3246079782778372 0 0
1.04675970022465 1.079580780405401 0 0
1.263341990023434 1.294896755327191 0 0
1.931794505695935 2.20830371980418 0 0
2.24351099037677 3.99011604574982 0 0
4.7887116807447 14.87311527900332 0 0
14.93413449409266 15.46261906745138 0 0
15.54383194365472 15.83523488438221 0 0
16.38085080443046 16.75374800126248 0 0
16.75520630169865 17.32718606283281 0 0
18.4112336424429 18.79690897930026 0 0
19.05418974331569 19.23231869872515 0 0
19.56159507393808 20.1909901244397 0 0
21.52422830825468 21.52580313144256 0 0
21.5895616519125 21.96967193630487 0 0
22.06706301714395 22.2637938644674 0 0
22.26501034695315 22.8644541532223 0 0
23.2800193824352 23.46281917882347 0 0
23.66060970165733 23.80488732572375 0 0
24.0222939587259 24.03791776640152 0 0
24.44422506104174 24.69846423460483 0 0
25.20103236320299 25.44910382933262 0 0
25.54061197868388 25.75391112380054 0 0
25.9095192810298 26.10583194042629 0 0
26.41875927747127 26.45676193122991 0 0
26.62016008446875 26.71406724798462 0 0
26.85393672235782 26.86284849376725 0 0
26.89291659647445 27.11808252687868 0 0
28.1361153969318 28.19342386896105 0 0
28.67100780385741 28.85453224668782 0 0
28.92380224002641 29.68305151213442 0 0
0
0
28
0.5674577015909766 0.8244006139862917 0 0
0.9048409412480064 1.011269422187576 0 0
1.293274835067493 1.493289000332882 0 0
1.637849952672635 5.491361194504526 0 0
5.781473371138972 6.810914854498233 0 0
7.033119726517832 7.047146815445318 0 0
7.119074752770081 7.185698452748445 0 0
7.23172505125781 7.984800600344217 0 0
8.543187753351164 8.575035568246978 0 0
8.829392977455219 9.030805099059544 0 0
9.618757335260016 12.97285541241934 0 0
14.11745841023776 16.28306819515312 0 0
16.43843577787279 16.66740549058274 0 0
17.00912581997304 18.42455910063964 0 0
18.5592839801748 19.34171655430157 0 0
19.34989933961467 19.62527218292525 0 0
19.95007521122274 21.35359822998002 0 0
21.37193481923604 22.06802276145984 0 0
22.27979316824982 22.40853967987335 0 0
22.57187818226024 22.99490287465446 0 0
23.73946906882158 24.21154355794394 0 0
24.40148073949281 24.67507319210383 0 0
24.86924067208732 25.14838745062907 0 0
25.56585736368672 26.00377725692205 0 0
26.82940832969632 26.88572248198662 0 0
27.22943277509257 27.93904270695475 0 0
28.324431369769 28.41475451938272 0 0
28.5455427360007 28.82198208523644 0 0
0
