# Status file for ctqmc. Used to save all times t_s, t_e.
10
33
1.110643772044297 1.198291235604888 0 0
1.253325445432272 1.387456188617453 0 0
1.898342254953274 2.099230504256415 0 0
4.398291543050301 4.419162940962864 0 0
4.985639417396695 5.090188351726264 0 0
5.702418211241701 5.744650813191491 0 0
7.12481999282493 7.347793309594091 0 0
7.436473958870893 7.511573993599357 0 0
8.856357880841649 9.489059492404193 0 0
9.639781390165725 9.663326993668404 0 0
9.784900331015864 10.73073501143557 0 0
10.78772159112568 11.37945464825698 0 0
11.55395382627373 12.99525844682069 0 0
13.08360221066682 13.21245150316037 0 0
13.42273274804731 13.49679432207483 0 0
13.57403645589463 14.19539472797733 0 0
14.88822792096344 14.96541532722849 0 0
15.12902962471691 15.18177169489362 0 0
17.39006078580973 17.56209284353665 0 0
17.61658584694537 18.09903354326382 0 0
18.30395616524974 18.42015289798943 0 0
18.51407892892123 18.62844161202072 0 0
18.6304769920015 19.184969458037 0 0
19.8325310009246 22.28064404888521 0 0
22.90136307688091 23.17728580640452 0 0
23.18036190937094 24.12380227249364 0 0
24.76973589386177 25.05947923479309 0 0
25.81089635949783 26.47375347923019 0 0
26.54777662723577 26.54875925936257 0 0
27.28394804412694 27.55193872453004 0 0
27.56509079584603 28.19585655331959 0 0
28.77659262933451 28.89974660406246 0 0
29.09370995870442 29.09940145703474 0 0
0
0
31
0.5852270416889792 0.2067569001770266 0 0
1.876091342096994 0.6944315331908092 0 0
3.177605289990849 2.019830103881415 0 0
3.571892225442944 3.312456985973949 0 0
5.446044916926354 3.812246500393112 0 0
5.589514644110241 5.541442843470893 0 0
8.501095067092763 6.778532806980887 0 0
9.596061243793867 8.819314924874583 0 0
10.18335289038959 10.02292298271557 0 0
12.02777521448779 11.50408496457436 0 0
12.22241213455058 12.21979059058255 0 0
12.51817533291872 12.49232013077464 0 0
14.22427679823217 13.91404840416367 0 0
14.5870740491053 14.41328312590175 0 0
14.72557167686142 14.63610963760408 0 0
15.35043341387378 14.86313609509789 0 0
15.48613869055283 15.44292520388277 0 0
18.68912506225633 16.43307785325154 0 0
20.0642508832858 19.00027508034009 0 0
20.24053105495697 20.10692351073008 0 0
20.37578202379714 20.24119332817482 0 0
22.66933367118693 21.00082471248099 0 0
23.55864360033557 23.46691521545957 0 0
24.97216721320629 23.78342455970549 0 0
25.77567699356981 25.38146703473746 0 0
26.42593203831544 25.84401931187178 0 0
26.46400197262485 26.43905704848632 0 0
27.09096457774868 26.63511615084001 0 0
28.8443473995702 27.23125812132263 0 0
29.13030836932381 28.97002085715283 0 0
29.62425632274556 29.3553208608839 0 0
0
28
0.0153899744728605 2.958045463617853 0 0
3.197548805421639 4.088154086371052 0 0
4.153517659982829 4.395611601163091 0 0
4.555628385825258 8.37941391328212 0 0
8.903544757609989 9.600791241194402 0 0
12.2626664319915 12.46287716651344 0 0
13.00286410349963 13.05329846990202 0 0
13.60735433183168 13.97598836408798 0 0
14.06005684744529 14.78178606608314 0 0
14.86862667387057 15.23418094656793 0 0
15.51311618778589 15.825554780785 0 0
15.9188968343347 15.92227554427125 0 0
16.31991243862282 17.02819352214401 0 0
17.99647930566374 18.03015847926194 0 0
19.29488204177046 19.83672453833766 0 0
19.98146569664554 19.98172305617428 0 0
20.00184658519799 20.45934164103274 0 0
20.86826463256835 20.94184055272325 0 0
22.27020064654101 22.741993357627 0 0
22.79929030316029 22.83712202712876 0 0
23.10407673613115 23.58477113065234 0 0
24.24120580882936 26.34799101451606 0 0
26.37596502478718 26.84720886969077 0 0
26.96367584372744 27.0840366339211 0 0
27.55555850377135 27.56215268356751 0 0
28.2521249308961 28.4123637652023 0 0
28.45011357891883 29.74730424940311 0 0
29.75761006497858 29.9992206868221 0 0
0
0
32
0.243459662198223 2.420640370384032 0 0
2.429883455441072 3.251684631907031 0 0
3.435135735652448 5.344526445468449 0 0
5.475555136342518 5.683625502886836 0 0
6.278711885433164 6.435663110291119 0 0
6.713230787628882 7.665953207633502 0 0
8.121885062638821 9.131429011754138 0 0
9.537864688856658 9.644488825099968 0 0
9.93045513818924 9.993870878373638 0 0
10.35358934892289 10.37236152882326 0 0
11.3166381851493 11.74581969282793 0 0
13.03799535138337 13.12441607756331 0 0
15.34290488891767 15.39031475778683 0 0
15.60315178817641 15.70034911879848 0 0
15.78590396147033 16.32640826888323 0 0
16.52286853393105 16.75493448428283 0 0
16.8252153849198 18.3214537906971 0 0
18.94388562023145 19.10066900487918 0 0
19.13095236334227 19.47552305627362 0 0
19.81858742669346 20.07565950135646 0 0
22.01205164479178 22.49387846596143 0 0
23.44982225817489 23.77631434528621 0 0
24.04089696366768 24.104750395677 0 0
24.19658163719965 24.78008178502793 0 0
25.0276380198691 25.17051337545542 0 0
25.33261052584335 25.36027085950662 0 0
25.60273241918073 26.18841062966688 0 0
26.5218409173732 28.60472286973383 0 0
28.71724406957301 28.96968995172814 0 0
29.25756962747427 29.28443112556714 0 0
29.41869267306948 29.63430227520234 0 0
29.93397897961813 29.9917716477809 0 0
0
