# Status file for ctqmc. Used to save all times t_s, t_e.
10
33
2.101876385865165 2.125936632892847 0 0
2.194057207021189 2.288199563233511 0 0
2.753628764011642 2.966363384419738 0 0
3.250845365238686 3.326794001704435 0 0
3.357050709436342 3.394109506974304 0 0
3.555502060006666 4.440949565724429 0 0
5.281925829205295 5.283809915582365 0 0
6.431045906960098 6.560290275680471 0 0
7.272929031773124 7.615044717515839 0 0
8.674577691842542 9.109912343583272 0 0
9.17057563131619 9.831523760264561 0 0
10.23550460288438 10.99583636701705 0 0
11.0221204978743 11.74062945213461 0 0
12.09252061007289 12.16946696001839 0 0
12.36933536366089 12.81063634178382 0 0
13.36636477037859 13.63173041167321 0 0
14.51170793436593 14.56864890078042 0 0
14.67349245702812 15.04238050899652 0 0
15.75782979345491 16.09479280652284 0 0
16.26940233996201 17.25731217368364 0 0
17.28513880486646 17.670780876064 0 0
18.00487823801343 18.16041131002527 0 0
18.81009439402106 19.24958004601196 0 0
19.28180139916177 19.33777509184318 0 0
19.63189859128391 19.9715711900454 0 0
20.09171884088532 20.56640387632387 0 0
21.39057684472874 23.81955006361962 0 0
24.32512641231011 25.00938108422808 0 0
26.42846857986393 26.45801103529352 0 0
26.54366216281014 26.76280329708309 0 0
27.69922196225504 27.75423900838254 0 0
28.26348301450209 28.59297909117306 0 0
28.96768414366482 28.97001409537626 0 0
0
0
35
0.1083910992117559 0.03845834892940303 0 0
0.7582953968614736 0.7062755503355129 0 0
1.881805049415871 1.233071670173437 0 0
3.41527480721155 2.161269925488503 0 0
3.57411452379738 3.503475533847264 0 0
3.828224651253792 3.682377084465645 0 0
4.480306034560894 3.879461423686706 0 0
5.619764933957981 5.611185388020474 0 0
8.0445639820484 6.881620964872594 0 0
8.182830253675196 8.180007362630517 0 0
8.677624913653323 8.281509951579043 0 0
9.375517256540761 9.101371423412653 0 0
10.66129682323333 9.595654406045044 0 0
10.99087192876553 10.75913921197604 0 0
11.03630109416 10.99374898458426 0 0
11.87518207925297 11.25013449961191 0 0
12.60182190131833 12.15845399605127 0 0
13.81617681183528 13.28758326948512 0 0
13.84191173547244 13.82875465743716 0 0
14.42929610028241 13.9449914835572 0 0
14.87054043337723 14.58082985387101 0 0
15.65581823006956 15.62603982480672 0 0
15.80592735856129 15.67364537938183 0 0
16.04671821851201 15.83942449663179 0 0
16.57474748398787 16.52695832074977 0 0
17.03519564096075 16.78014339335941 0 0
19.07146048097647 18.54257868141832 0 0
19.61738664797478 19.54860214178534 0 0
21.63358578507022 19.63937539634286 0 0
23.71841308687882 23.22253566336074 0 0
26.2535576181015 25.37773860371052 0 0
27.68768127941 27.20394758402732 0 0
27.8889825201513 27.88006674944341 0 0
29.55377786115019 27.98589935224538 0 0
29.88001825744982 29.75133712588891 0 0
0
33
1.044982890905958 1.007576387124373 0 0
1.576614359242418 1.55397464071511 0 0
3.510919568233518 3.029934271617088 0 0
4.401473401407197 3.599104631130815 0 0
5.21681493735276 4.871871343061174 0 0
6.943520643647229 6.136209741750175 0 0
8.191697969203782 8.130878037320377 0 0
9.554496899160714 8.851522079307285 0 0
9.760271425616775 9.571900159716574 0 0
10.73573603870045 10.40053996721419 0 0
11.1077888217698 10.74209847211631 0 0
12.2050203427285 11.67047544499717 0 0
12.49094184019337 12.35412265107611 0 0
13.96782030397448 12.57179284334386 0 0
15.00677565542399 14.77509284080673 0 0
16.14448409526245 15.84422211652399 0 0
17.26740684682549 16.21712247851734 0 0
17.80332590606033 17.43132451405996 0 0
19.60067609460893 19.0832844558063 0 0
20.2541722410019 20.09189143983004 0 0
20.47949044828715 20.39050681410277 0 0
20.52029469261085 20.50379225102691 0 0
20.82303105748306 20.52287453762843 0 0
20.9902582926515 20.96728012728549 0 0
21.59539940969634 21.08323918403111 0 0
21.87099534501601 21.74539638648381 0 0
22.95448228393937 22.03533836493832 0 0
23.15070875125326 23.01091032760526 0 0
23.66088048154996 23.51402751051982 0 0
25.3452746307896 23.73683503014195 0 0
25.88209167438036 25.72842796962333 0 0
29.01125805466501 28.26328480824145 0 0
29.35648187053488 29.08856777458485 0 0
0
0
33
0.3142464359082631 0.5488289981755805 0 0
1.238730110871219 1.384900679303832 0 0
1.522112416462126 4.578202357994104 0 0
4.94980271790655 5.198182650902169 0 0
5.742879112388194 5.760918168582408 0 0
5.950079243072057 6.023288137470013 0 0
6.280215665159648 6.423898821000154 0 0
6.650768528695359 6.7791968998757 0 0
6.795575804218871 7.336921039560282 0 0
7.882923341816332 7.997274428195824 0 0
8.120879806526977 8.548657783412233 0 0
9.561395453033429 10.99934497695276 0 0
11.001448719125 11.26909531224796 0 0
12.02523190690055 12.48172350190262 0 0
12.50247247714476 12.54586361133916 0 0
12.80016164574849 14.49163332544841 0 0
14.6460879889002 14.67261729255548 0 0
15.42695712054639 15.47081192223226 0 0
15.77971217788784 15.86517248939751 0 0
15.95888298019047 16.31926337079479 0 0
17.71314267844497 17.81746991547379 0 0
18.5506621533024 19.06229597690369 0 0
19.76081748482393 19.81219740902446 0 0
19.91832213305376 20.09099587649593 0 0
21.128468891731 21.26365617587416 0 0
21.30330956819629 21.44682874268365 0 0
22.10749905699583 22.25380701121127 0 0
23.23037975424836 23.57788096491512 0 0
24.26559450170024 24.38836826389349 0 0
24.99149341477161 25.09576378503142 0 0
25.44273559869378 26.09633787481151 0 0
26.2840862796847 26.42596473938647 0 0
27.82193711468043 29.81684670709611 0 0
0
