# Status file for ctqmc. Used to save all times t_s, t_e.
10
36
0.5394689594555006 0.7230818138191285 0 0
1.924404523930183 1.941808944575295 0 0
2.225028029353268 2.32190124786707 0 0
2.37367620703059 3.285069067598995 0 0
3.667697878458072 4.183314271988809 0 0
6.240267393337938 6.282076382737112 0 0
6.989657307818828 8.582641447567491 0 0
8.863006674028908 9.223548542302206 0 0
9.848002202507727 10.3302572629522 0 0
11.10689313010729 11.28087781292488 0 0
11.4905955692316 11.5000271646037 0 0
13.0604838794874 13.13064278465011 0 0
13.14844886462549 13.40932862116505 0 0
13.7693957817153 13.77419001982428 0 0
14.1864691198081 14.24920258345391 0 0
14.52871545792538 14.70410897748746 0 0
15.14336357193442 15.44808097946074 0 0
16.80408460999428 17.00966205654197 0 0
17.04355688133405 17.18103812758909 0 0
17.79835333990948 18.18720054272288 0 0
18.66104023326559 20.39786084203874 0 0
20.47392021557938 20.50725042735942 0 0
21.20015035647131 22.78125505093614 0 0
22.8103136464796 23.32435954952176 0 0
23.67937746312379 23.68834160055112 0 0
25.1015486390282 25.16356620857162 0 0
25.16577386764548 25.22178710984919 0 0
25.82566329544258 25.82609616536921 0 0
26.24787269845513 26.52017632914422 0 0
26.57695584230378 26.76876975555871 0 0
26.82294198985201 26.97341164643993 0 0
27.33276213607213 27.4828332488751 0 0
27.6104854008777 27.80075501385223 0 0
28.32208772491315 28.36811875216222 0 0
28.58030566625533 28.65297549084158 0 0
28.90048679244166 29.46409147122014 0 0
1
13.64048838615417 13.42760503292084 0 0
1
3.433703184127808 2.790713310241699 0 0
28
0.5226854125037015 0.6775373849643032 0 0
0.7534483700967272 1.657580992823021 0 0
1.835440425478081 2.321602790180606 0 0
2.464979531862066 2.72142594434747 0 0
3.588931555183726 3.663697715872307 0 0
4.134295308453344 4.394629992610394 0 0
4.398675050211437 4.502630275900345 0 0
4.785344185006983 5.455296645627342 0 0
5.519094478305115 5.523281890608242 0 0
6.011302361763132 6.317113086443337 0 0
7.648456811487078 7.691038639732684 0 0
8.563542552211388 9.482734632019707 0 0
9.505797634925282 11.10828592486728 0 0
11.47694765020885 11.67517143450502 0 0
12.17941113128228 12.24308372307402 0 0
12.62404868032248 14.01711284653817 0 0
14.85659600271882 15.32682828081857 0 0
17.88516979422435 18.3032385454413 0 0
19.02182131018483 19.16433754148215 0 0
19.81150524873126 23.44345802925111 0 0
23.72242414453649 23.91198364626313 0 0
24.29920678242226 24.31609849065446 0 0
24.7363733302376 24.77083183099851 0 0
25.04593184524736 25.50130406785716 0 0
25.96454406487316 26.22579912474825 0 0
26.55352427971558 29.02290427418522 0 0
29.86158069744983 29.8795889215533 0 0
29.90167896681069 29.91823080686677 0 0
0
19
0.5984911148808193 0.4450908501637342 0 0
3.600332839075836 3.511111385377459 0 0
4.140077569578612 3.654472842473946 0 0
9.197729764009377 7.15269809356077 0 0
9.395294943042932 9.343837829050988 0 0
9.576392873856316 9.509395413974001 0 0
10.1923057789487 9.594935111068127 0 0
10.29795026729203 10.28929209527484 0 0
10.4962057717136 10.42426907660374 0 0
13.46619024432921 13.2899626854365 0 0
14.49327963280346 14.12125336653402 0 0
17.66026803233649 17.4449843773865 0 0
18.31742053222078 17.68085255892636 0 0
18.82614322062546 18.32659247422055 0 0
21.71806308457059 19.11750906152653 0 0
23.83863310546717 21.7183966689162 0 0
26.34691777072537 26.03572825511117 0 0
26.48322371410076 26.35833189207071 0 0
27.7730554395906 27.43797207187461 0 0
2
8.640905540180768 8.310706615447998 0 0
9.356778860092163 8.651355777722642 0 0
0
31
0.459083794315033 0.4130632484449978 0 0
0.796420210145127 0.5839985619005279 0 0
2.690941293697111 0.8790970200328405 0 0
6.888407105012536 5.790857456034295 0 0
7.893215641220502 7.883217190406691 0 0
11.10353776814475 10.2289811347911 0 0
11.70169759833496 11.14659148747345 0 0
12.34372907118631 12.20188905465939 0 0
12.57410873906334 12.54236422648702 0 0
13.23219471026358 12.93793554241834 0 0
13.55242547276936 13.34743246164107 0 0
14.19056587742502 13.7352063009046 0 0
15.39136111783354 15.02308227523431 0 0
15.43235318198201 15.40539656916586 0 0
15.65107726309438 15.54129881162477 0 0
16.80040942877582 16.54533781751329 0 0
17.24070324493731 17.17862995692015 0 0
19.4010769765567 19.01678655767711 0 0
19.61700555630978 19.55972521829611 0 0
20.16331876368042 20.01123797442639 0 0
20.97835649050874 20.31545930400131 0 0
22.04429899921197 21.14221975493437 0 0
22.9529935794917 22.33425393573965 0 0
24.76105960371651 24.0592596360687 0 0
26.32325989557079 24.92277739891124 0 0
27.25853444468142 26.47510520444405 0 0
27.42103063691939 27.40283963744372 0 0
27.7495472470753 27.71146384253088 0 0
28.19319316997509 27.82109905272064 0 0
29.06289359545105 28.47399365158872 0 0
29.19965290662327 29.14059322090065 0 0
0
