# Status file for ctqmc. Used to save all times t_s, t_e.
10
34
0.8888657161203615 0.8407276921779333 0 0
1.360556349278198 1.264426354215771 0 0
1.950297674731118 1.81601867122574 0 0
2.753165574293345 2.068456471469627 0 0
2.813523728711887 2.810639719408743 0 0
3.524743220259853 2.978322249411851 0 0
6.412262438350703 6.279446892471086 0 0
8.469483582353442 7.50852940842806 0 0
8.601432228780363 8.530243371159678 0 0
8.716783707911405 8.671225218571005 0 0
9.088206794586608 8.98272784866664 0 0
9.295811357857081 9.095987113289754 0 0
9.429154203655836 9.342521191634457 0 0
10.19460832975759 9.464093978240465 0 0
11.10927082093775 10.56177164329503 0 0
11.42081034339367 11.31517057993751 0 0
11.47950914844736 11.47554529687901 0 0
11.89580843292304 11.530515027347 0 0
12.99827127846408 12.12188506265503 0 0
13.94808047438864 13.18783763750839 0 0
15.60922074530577 13.97937999786379 0 0
15.66906888873889 15.66292825757244 0 0
15.98269477222091 15.84294636814678 0 0
17.48982805238927 16.16236751562116 0 0
17.79092775303905 17.56950482106948 0 0
19.68652970149303 18.1637610242537 0 0
19.86716459674984 19.69776208218219 0 0
21.99376047729861 21.57527192077043 0 0
22.9589341396365 22.11010925724486 0 0
23.05330704196965 23.04142987115028 0 0
24.67591206670764 23.34453727880092 0 0
27.32040083696221 24.73849834628107 0 0
29.18514418925553 27.34555655632958 0 0
29.46044370760272 29.23872667301131 0 0
0
0
30
0.4554609662910586 0.4868079315745575 0 0
0.5073456086524332 0.5261342487670995 0 0
2.054401739919148 3.430445035813288 0 0
3.987696680025814 4.027283413232116 0 0
4.380283822238868 4.82304054210616 0 0
5.1895106547246 5.209173003572018 0 0
5.580999167538242 5.936308947654015 0 0
7.038063636173693 10.65615490229872 0 0
10.78579862478189 10.79626517833628 0 0
10.86127473990724 11.90355921811358 0 0
13.13403054658727 13.18962119280664 0 0
13.38788025007271 14.89181891737797 0 0
15.26609072545769 15.59454508687588 0 0
15.63921320848454 15.75012520155174 0 0
15.84451505824089 15.94241699515541 0 0
18.22784131624716 18.31899716538703 0 0
18.77964142758782 19.07702399367999 0 0
19.13714216476377 19.45423928477102 0 0
19.47693047499283 20.1207383567877 0 0
20.1317436584342 20.4123956295564 0 0
21.20764010503778 21.79520825234557 0 0
21.90926646095821 24.06110104971122 0 0
24.09946378317895 24.38058211804856 0 0
25.18873806161174 26.18693536464097 0 0
26.20549985179753 26.25248141912312 0 0
27.60944888266976 28.31614741039248 0 0
28.49440636572565 28.76269539010896 0 0
29.16580248375536 29.19303883941065 0 0
29.41186124844416 29.52846993112225 0 0
29.62651869642679 29.63644506882048 0 0
0
27
0.4645330264156093 0.4691003231549302 0 0
0.8731474976965909 0.9620088124538503 0 0
1.042256631786623 1.125608053730124 0 0
2.42598187414425 2.679470484255377 0 0
2.982262899001003 3.793692940326448 0 0
6.277096289704735 6.565123996160895 0 0
6.805612741272719 6.851907872760679 0 0
7.475114170022966 8.876814768138926 0 0
9.020039505053065 13.56706427542298 0 0
13.72194279789003 13.76193134735655 0 0
13.7803444759619 14.07774805693878 0 0
14.91596803622888 14.93617002493519 0 0
15.02808078421415 15.10836688615462 0 0
15.479036244916 15.87477549428541 0 0
16.21687373277648 16.64176606169175 0 0
16.88127864042282 18.74425183627047 0 0
19.62718210767063 19.65001016328069 0 0
19.89678550799593 19.96402439152922 0 0
20.25171372410337 20.49320847090974 0 0
21.53078112715083 21.83758123192211 0 0
21.85069837571112 22.36959822474757 0 0
22.50799196318659 22.87687404756518 0 0
23.61384649625319 23.63465588913512 0 0
23.88603001083595 26.01288864810709 0 0
26.31427155289611 26.37870409849418 0 0
26.69343105232496 26.9782932670819 0 0
26.98409383994545 29.49406028166193 0 0
1
11.48737728595734 10.94139575958252 0 0
0
27
1.635000230628223 1.58539466861444 0 0
3.129957742710952 2.489654119058001 0 0
3.666575884891087 3.264120835785721 0 0
4.032364772056171 3.848960043513221 0 0
5.838302625090013 4.227871475929615 0 0
6.233846010313076 6.097771618219748 0 0
7.629717556705028 7.195100379028024 0 0
8.365787056915401 7.680729350445914 0 0
9.003994234197581 8.397412260064613 0 0
10.66249850466958 9.19723931370747 0 0
12.03700511342728 10.87936574885715 0 0
13.31919764498441 13.27012923846671 0 0
14.93185432213212 14.55313120510752 0 0
15.76760668583202 15.6346636169559 0 0
18.84278128611339 18.74653749818399 0 0
19.80770021721838 19.68108157289317 0 0
21.65711863633152 20.18328255165426 0 0
21.73691794226132 21.69424312463009 0 0
22.00320483278896 21.85102581335308 0 0
22.10567293403698 22.07684218167442 0 0
23.15207222106314 22.37453267617837 0 0
25.38756123955226 24.36930286271712 0 0
27.92161534133339 27.8355927465802 0 0
28.09303266686758 28.07507632791512 0 0
28.53400894599202 28.50726456921818 0 0
29.31632893947582 29.18586752015962 0 0
29.76741847123251 29.61575987177875 0 0
1
0.2015072107315063 0.06153881549835205 0 0
