# Status file for ctqmc. Used to save all times t_s, t_e.
10
23
1.604123626985473 0.6593936897493862 0 0
2.936459508808563 1.772468991794663 0 0
5.422821992401159 2.974185430255188 0 0
6.558483837851726 5.608730523705116 0 0
7.28223545771999 6.844448524726524 0 0
7.620416175581099 7.508398939232779 0 0
9.296655303767233 8.91077878396101 0 0
10.47460429208608 9.393046791398985 0 0
10.58616234989967 10.58055967935172 0 0
10.75110339237941 10.61527588195766 0 0
11.13082757540395 10.90179855343709 0 0
12.04896116005102 11.79728110932794 0 0
12.48571808514833 12.20471939661524 0 0
12.88101324018365 12.81180385651767 0 0
13.39100485423529 12.95789071474388 0 0
13.62295387269801 13.51825655197203 0 0
17.43842650836626 16.03368452831279 0 0
21.59802129677635 21.0772258372896 0 0
21.91330800497528 21.62046622403836 0 0
24.74842848767689 24.63179180682594 0 0
26.29813373126819 26.01182585857044 0 0
27.25466390865888 26.33626905332227 0 0
28.42739443735375 28.13079474738404 0 0
0
0
31
0.3781481160248792 0.2975482846927672 0 0
1.828466952772088 1.696356841066621 0 0
2.691223646879305 2.314187442704588 0 0
3.103791697296136 2.943330485260462 0 0
8.955352629664366 7.813967329252697 0 0
9.050093251974094 9.028335572475076 0 0
9.642408315987709 9.147354468160028 0 0
10.0180958704281 9.739767237065138 0 0
10.39370187474972 10.34018337222247 0 0
10.48412511748273 10.43532214218163 0 0
11.61796000665328 11.0130049042341 0 0
12.06166115167818 11.64238474641137 0 0
12.89945844958878 12.54869096363891 0 0
13.27081151042389 13.13806927200194 0 0
13.42111114055489 13.34694880810637 0 0
14.93080556238901 14.83840670264784 0 0
15.04790702042165 14.94067466128494 0 0
15.72641626446254 15.29834712524951 0 0
15.95250435415833 15.93489442656075 0 0
16.67124021292612 16.02693045528489 0 0
17.38509205307143 17.08051269157384 0 0
18.87096326894284 18.54817770596541 0 0
20.49218464947693 19.22312710550423 0 0
20.80774170299185 20.65635897885644 0 0
23.57177550378764 22.22828825773048 0 0
24.50246514606908 24.47696962439715 0 0
25.20677766365539 24.9983113820218 0 0
25.86600961976876 25.26400469234913 0 0
27.74396493946796 27.48278238247015 0 0
28.18538998145345 27.88615249616334 0 0
29.44449552693298 28.22592864576567 0 0
1
9.677789211273193 8.947126865386963 0 0
37
0.9414753284384001 1.249772289675183 0 0
1.263460468471011 1.297664381207852 0 0
1.713262230327036 2.361382302762771 0 0
2.387956438585561 4.002344742157151 0 0
4.193495027546082 4.226157547944865 0 0
4.476530993205923 4.492063683689735 0 0
4.530862822331686 5.417461781954445 0 0
5.58040945442296 6.890789333422197 0 0
6.916044366064358 7.481186534907408 0 0
7.964107404934586 9.682610351888645 0 0
9.876471275918375 10.19602004480759 0 0
11.88748696975498 12.15632495052128 0 0
12.36712337790538 12.58149802505866 0 0
13.17608880870367 13.25230602068904 0 0
13.44428745968382 13.5250568402002 0 0
14.29535895064375 14.53058184310337 0 0
14.98374501233785 15.25859748304855 0 0
16.06336398571417 16.43032587745314 0 0
16.76757664160943 16.81141214236002 0 0
17.23748849511744 17.29223577973235 0 0
17.29276756777215 17.74573246794314 0 0
18.13597568971064 18.32530493396684 0 0
18.34343775371318 18.35759114008796 0 0
19.06814855442477 19.09573199449517 0 0
19.16499327792678 19.23399383067421 0 0
19.2651413452943 19.3358104097263 0 0
20.59245098352506 20.7757626251829 0 0
21.48735723357304 22.26224584938792 0 0
22.37948908147593 22.8259207494343 0 0
22.84629256720962 23.7038518546886 0 0
23.71150009134414 24.10361833576801 0 0
24.6492745472469 24.85899765696119 0 0
25.10326204291593 25.21929285953921 0 0
25.35569721750316 25.66662359329964 0 0
26.84084526366476 26.91078394300967 0 0
28.08793612619392 28.50056312430193 0 0
28.54189210199219 28.87977242889373 0 0
0
2
22.51037039080956 21.46881401538849 0 0
22.90266215801239 22.71375866547885 0 0
27
0.830792386944095 0.8828458169141857 0 0
1.755333548021608 2.641477718570314 0 0
2.641783693679976 2.681679377521176 0 0
3.698345062428209 3.858708704132104 0 0
4.090719425753053 4.167167620548508 0 0
7.576819269312765 7.658959083349368 0 0
7.787776367849195 8.419917885599181 0 0
9.073298835388506 10.66474402922699 0 0
10.7293826041492 11.14122471592167 0 0
11.36266467142756 11.4176829687758 0 0
12.42454586644201 12.42663659352239 0 0
14.9718263615157 15.00773203786813 0 0
15.28177863106435 15.65819396493668 0 0
15.97627761791113 16.66419201627097 0 0
16.76405029681984 17.2166584530062 0 0
18.14893067938853 18.17586070213898 0 0
19.24493137090434 19.27093615937445 0 0
19.85012610363527 20.09534548547329 0 0
20.19425860484155 21.50865052332789 0 0
21.62413509082802 21.74389394415327 0 0
22.1130712820048 23.17067523639011 0 0
23.61636101116496 23.72592377197811 0 0
24.87285320667603 27.06998877596683 0 0
27.10607287449941 28.10558348570146 0 0
28.20229023725086 28.66163878870651 0 0
28.9006605615293 29.61619069896707 0 0
29.78041614079124 29.79606553556083 0 0
0
