# Status file for ctqmc. Used to save all times t_s, t_e.
10
37
0.195697656820311 0.2057080264551949 0 0
0.4201176953980692 0.6212378083851156 0 0
0.7443061131698209 0.7601083987261904 0 0
2.079581828212439 2.121068353716443 0 0
3.857794572617599 3.909579103973222 0 0
4.112781736640508 4.17753755590171 0 0
4.844270894525314 7.605541686445214 0 0
8.689385145481911 8.692816339423191 0 0
8.699052097887416 13.11943336058424 0 0
13.15598377279729 13.23529611940538 0 0
13.49544435997952 13.54359706104272 0 0
13.66755970971738 13.71773902736941 0 0
14.53016502746577 14.80323463365947 0 0
15.01184369822007 15.09137328272446 0 0
15.58857639757827 15.68992477088824 0 0
16.33664485356106 16.42597479372778 0 0
16.69353786305529 16.96731785978659 0 0
17.13578335701987 18.41695187832043 0 0
18.59116233535549 18.7095840753278 0 0
19.30959944406141 19.44083157890743 0 0
19.69320921594429 19.82957406754772 0 0
19.94180863839506 19.94842893158605 0 0
20.16143384468038 20.18713032548114 0 0
20.27452052103219 20.49863259058737 0 0
21.21223255257492 21.21234078628155 0 0
21.30523640444046 21.3952171537077 0 0
21.5448415875891 22.68573945930941 0 0
23.1073975332855 23.63991227096107 0 0
24.20689141756911 24.29841727233477 0 0
24.32353849262834 24.42984974883113 0 0
24.68131428917499 24.68177708741698 0 0
24.98735134212378 25.08965324242013 0 0
25.26296672150802 25.81482969453618 0 0
26.20688847280486 27.15239617660225 0 0
27.67243236903558 27.81336832796443 0 0
27.95908734928219 28.28011862094432 0 0
28.57886034068842 29.28166377578225 0 0
0
0
28
0.7542001367593486 0.5234378033604082 0 0
2.030091903922352 1.40015645175531 0 0
2.398857325636196 2.215398356014723 0 0
4.18140819653946 3.179610242094089 0 0
4.317410788493696 4.185602171293417 0 0
4.616016993610976 4.381946315178871 0 0
6.718602646571868 4.893317733032611 0 0
7.685144060458111 7.646702211358742 0 0
8.985024304830436 8.844503198294921 0 0
9.741663449388545 9.685626827266185 0 0
10.40249975853832 10.06350548576172 0 0
12.19889214812197 11.50440666531976 0 0
14.844649647475 14.10785230390366 0 0
16.04617266963335 16.01183297276462 0 0
17.42993389145754 17.12083825948551 0 0
17.6134884829637 17.57070372695359 0 0
17.93086589516463 17.88136464500632 0 0
18.66622301162266 18.03028827045983 0 0
18.88220120748482 18.74320911835993 0 0
19.87725889587087 19.7130959912476 0 0
20.18476335971528 19.88325214118176 0 0
20.81121570124024 20.2750943122574 0 0
22.58477803856015 20.81550482731409 0 0
23.41633421139629 22.96355578599764 0 0
24.11510708176979 23.43570954705815 0 0
25.34117636918487 24.56231777650449 0 0
26.25381078532087 25.58490972473667 0 0
27.10317507241395 26.72686252687608 0 0
1
5.105828046798706 4.685878157615662 0 0
30
0.1568596820032546 0.2097625350903414 0 0
0.6323049797147462 2.707244811849196 0 0
2.964861615095239 5.706096416327353 0 0
6.314715309850494 6.341090203379741 0 0
6.503151860595598 6.611338125403288 0 0
9.185793407105272 9.344634435324828 0 0
9.438513274115126 9.974264406829151 0 0
10.14178778558667 10.17162309662537 0 0
11.26356963998236 11.3003028540613 0 0
12.36322859447343 12.76016333031951 0 0
13.51934470257066 14.49701076178458 0 0
14.63888687021186 15.94419941001674 0 0
16.31277058505303 17.99194907439962 0 0
18.11389700448829 19.07566180747921 0 0
19.14814161739139 19.52054253457207 0 0
19.72708530753316 22.0376021362636 0 0
22.25210780062861 22.31385941599067 0 0
22.67641311746985 22.69950420264621 0 0
22.75118635326888 23.48889090532316 0 0
23.51075533215035 23.53306850882905 0 0
23.79087345579665 23.93753989930794 0 0
24.28404169057374 25.25727767447452 0 0
25.90411544150294 25.93154905820393 0 0
25.94392612617537 26.30172289090396 0 0
26.77038784398621 26.90254442753892 0 0
27.11809641882594 27.13965121569941 0 0
27.19244063269641 28.38445469727019 0 0
28.4535173201052 28.50094837156453 0 0
29.70533164360143 29.83277277622079 0 0
29.84706647614021 29.95259814785937 0 0
4
15.67782326421516 15.41779518127441 0 0
17.09437226960929 16.18309909272572 0 0
17.87844836711884 17.12420071545336 0 0
21.99541034407112 21.91938880575368 0 0
0
35
1.053401188054828 1.110919570869385 0 0
1.218393274854404 1.519647408371055 0 0
1.527268335944727 1.673246936981652 0 0
2.658572691647695 2.860588757943169 0 0
3.066732307501661 4.078037339187105 0 0
4.401692519782684 4.778593124912212 0 0
4.84534093957259 4.850301796313032 0 0
5.110559799395269 5.373874882497939 0 0
5.377414269883048 6.136785424375567 0 0
6.813206535291554 7.352942106120448 0 0
7.40544667780381 7.970778680860362 0 0
8.031211083440825 8.179852545919591 0 0
8.498745541655664 9.269743474020711 0 0
9.5102025034051 9.542152240851463 0 0
10.50889090171115 10.91099040268994 0 0
11.80463744240941 11.83075245829529 0 0
13.38758230658052 13.99117917681366 0 0
14.32551323559077 14.35899935150129 0 0
14.47561402441083 14.82275484215359 0 0
15.87000008233822 16.7832191944524 0 0
16.91590009928611 16.9569137310568 0 0
18.08769863444803 18.71030846330623 0 0
19.14461857723346 19.23060697578081 0 0
19.87206995868769 19.94114892365846 0 0
20.48027755880292 21.17184839504293 0 0
21.5245410185411 21.89903840559859 0 0
23.20882054305755 23.37568981528756 0 0
23.42580275034399 23.42584622342808 0 0
23.51550466939736 23.91019121859773 0 0
23.9421901468016 23.97421767413675 0 0
24.68279646691044 24.74709179752199 0 0
24.9007825613341 25.95967416555634 0 0
26.01369233004045 26.61628213266122 0 0
26.91743406278205 27.31065432640744 0 0
27.85005331971795 27.98876152111063 0 0
0
