# Status file for ctqmc. Used to save all times t_s, t_e.
10
18
1.829277665974143 0.08718753408574997 0 0
3.277866974165363 2.331419302754072 0 0
3.833398425443226 3.556857418217478 0 0
4.335652566895149 4.165595209229997 0 0
5.194043005124811 4.543075133621262 0 0
6.207250259171191 5.625050378277028 0 0
8.032915064241248 7.844787387433957 0 0
8.902976390203294 8.444798334044563 0 0
9.462920038674879 9.102415556471108 0 0
11.72024477430557 10.53052617421479 0 0
12.34420565172168 11.75127987599271 0 0
19.46242524358857 19.23406736527354 0 0
21.03233664700687 20.86560466519716 0 0
22.49294935081743 22.2901444943685 0 0
23.24249066708683 23.12386103111665 0 0
27.39144429604644 25.94901000049732 0 0
28.5090055126158 27.48566884788533 0 0
29.98219583850457 29.62785446165107 0 0
2
18.64268079944933 18.53476620095108 0 0
18.76438901320824 18.68882188095645 0 0
0
36
1.537460107798623 1.599743818072742 0 0
1.786636704257638 2.305599831674727 0 0
2.443069977529677 2.576246095369321 0 0
4.589751021276835 4.639797443269816 0 0
4.933681473224643 5.215573283389712 0 0
5.509778035803188 5.96806605217032 0 0
5.969931988733941 7.207535420647219 0 0
7.320785185087111 7.362126488278562 0 0
7.465321818930017 7.466478624009734 0 0
8.608207210788402 8.742323131726518 0 0
9.548999318442695 9.858063528834855 0 0
9.904050586911982 9.909825196533761 0 0
9.943615591523066 10.90471030866069 0 0
11.4132507198251 11.51525369701944 0 0
12.97503093754192 13.11630394853728 0 0
13.43685402322062 13.6480150029981 0 0
14.00617134502618 14.43827049946166 0 0
14.44690063867774 14.82264307897629 0 0
14.98547661890106 15.06266834891356 0 0
15.1685512455716 15.51295478697196 0 0
16.08874192393766 16.15901228094453 0 0
16.78185707111637 16.82263970927556 0 0
17.14996786854566 18.2916850138428 0 0
18.3867883208523 19.71394437757998 0 0
20.17974128362678 22.67607509276809 0 0
23.8311949932183 23.90540614744822 0 0
23.97276605338368 24.16153055988758 0 0
24.33336706659424 24.56767256464314 0 0
24.66919803331837 24.67642336010732 0 0
26.07725345640719 26.24418925915086 0 0
26.94324795545585 27.13768379820157 0 0
27.27422330916701 27.38770446832932 0 0
27.99688909118028 28.45528670242055 0 0
29.13792795113831 29.23520755837218 0 0
29.67677180188535 29.86198405430251 0 0
29.93891845907151 29.96715449613449 0 0
0
27
1.666343028027095 1.60716338948849 0 0
5.939099353635977 5.40009348945759 0 0
7.347440479227045 6.195768099072727 0 0
7.546837062140185 7.481198509472322 0 0
10.00950916104406 8.57977279708507 0 0
10.75999123223789 10.38363248175223 0 0
10.97963808286848 10.92593579953436 0 0
11.28575334891922 11.02292054738567 0 0
11.42906764955873 11.3947480035446 0 0
11.81407585410392 11.74381166012954 0 0
12.77172978706413 12.42792442688462 0 0
16.86477372566954 12.78685925299213 0 0
17.93432059802264 16.93300824219146 0 0
18.098847699602 17.94503688348011 0 0
20.27390739406724 18.1215523070629 0 0
20.62836101196376 20.49379994107383 0 0
21.66056622235282 21.40202026902283 0 0
22.42391374374728 21.82983703944983 0 0
23.47580303963462 22.53423795971121 0 0
24.20341675469352 23.76184758163233 0 0
25.02561144993698 24.75479967711493 0 0
25.19014238094029 25.05528745729996 0 0
25.5173888345365 25.36579921674344 0 0
26.3466853112702 26.31539642072591 0 0
26.79078775981707 26.68590505839003 0 0
28.46618466677649 27.83152342810456 0 0
29.60022954010975 28.55105112744587 0 0
0
1
5.715851783752441 5.372573733329773 0 0
28
3.675209063045583 3.379423939787927 0 0
4.728309621549741 4.206210498793381 0 0
5.106690849253049 4.733450957083781 0 0
5.207172782047533 5.164886885218543 0 0
5.292192008336158 5.207199537253172 0 0
5.629531937552124 5.524825355524884 0 0
6.567362302742386 5.835895826925291 0 0
7.528696961019372 6.640417671334135 0 0
9.859518358187096 9.642830278272893 0 0
10.413282990662 9.907507476126591 0 0
13.67952972222645 12.43676876039209 0 0
13.75633192527252 13.71142614277905 0 0
14.22537450808449 13.8278601843116 0 0
14.50797785391959 14.23660956362769 0 0
15.79744009744724 14.58597956979179 0 0
17.52549760955977 16.36901792513403 0 0
18.26188208437184 17.64955907514104 0 0
19.31253733864261 18.38178818205101 0 0
19.90579537861822 19.48559491411978 0 0
20.10257299149678 20.0285801524872 0 0
22.9529858614042 20.28923280881731 0 0
23.88942584016521 23.47683561844361 0 0
23.944960973318 23.90578329440344 0 0
24.23961628664279 24.03012368144046 0 0
24.94910252791584 24.82708425003268 0 0
27.05920755389709 27.01060727054182 0 0
27.204307043629 27.07459435915063 0 0
29.75264904320079 29.69388749417827 0 0
0
