# Status file for ctqmc. Used to save all times t_s, t_e.
10
26
0.6484273585658479 0.6784291233773058 0 0
0.9967584667984891 1.370281364074849 0 0
2.330765076344015 7.273460002690738 0 0
9.313816768181203 10.68192645545855 0 0
10.7453430965557 10.98412512224709 0 0
11.12596302378159 13.14774879790829 0 0
13.33535948464266 13.8282591329767 0 0
13.8458565847249 14.02105211025674 0 0
14.40480304323876 14.43372970254211 0 0
15.02512968260802 15.05119283769865 0 0
16.47011230834774 16.47060197850734 0 0
16.89592854236493 16.89647865720991 0 0
17.49707912272583 17.62406720186915 0 0
17.7768925412819 18.13387558967849 0 0
18.58833757877683 18.73730739063885 0 0
19.17478523664279 19.3552159628103 0 0
19.3943085194321 20.04394496605684 0 0
20.63322798257725 20.66396030109861 0 0
20.81017483287162 20.91813198879114 0 0
20.92131879486718 21.38104853797033 0 0
24.195901649515 24.27763600649675 0 0
24.62266638810349 24.71643741738809 0 0
25.07299688975196 25.84158710590368 0 0
25.86400819001746 27.23210598340142 0 0
27.64387824078052 27.87627902485889 0 0
28.41225728375024 28.77669309919077 0 0
0
0
19
1.660629617132486 1.061912825464456 0 0
2.585104323673817 2.335242617046945 0 0
3.037101696998885 3.005679504635774 0 0
3.704265248223601 3.461566182894217 0 0
4.325327990544841 3.794163519181247 0 0
5.763649213271027 4.450953007862918 0 0
5.949287335920487 5.815735571512446 0 0
7.320938092276338 6.014058744581621 0 0
12.20991424147131 11.59788489363142 0 0
12.82968184733412 12.3952903062445 0 0
14.25961572399232 13.23280124967905 0 0
15.18956269676764 15.00142894998869 0 0
15.64822780073575 15.19352425701994 0 0
15.86577581324165 15.80754968888644 0 0
19.67873420269789 19.67253005477389 0 0
19.8342156409566 19.76944554899134 0 0
22.76262813544363 22.5486067307557 0 0
23.96177899173761 23.28866878509815 0 0
24.5096915731989 24.3151149648372 0 0
0
27
4.16275419998168 2.685642989258622 0 0
4.701279608341773 4.171870038111995 0 0
4.959157994329028 4.939722221386496 0 0
5.897187369739855 5.30602636740944 0 0
8.451627005187817 8.111280050850134 0 0
9.153258062532156 8.847204157991472 0 0
10.29399551985483 9.317124561856881 0 0
13.4197907698709 12.90608742780049 0 0
14.75488108246952 13.42278098632412 0 0
16.83809507715935 16.74541603612002 0 0
17.55942988346896 16.96928172303754 0 0
18.54338832422625 17.70249708598501 0 0
19.93001017246145 18.61745696979486 0 0
20.09824092479963 20.00254994416252 0 0
21.44458921703115 20.73321186744611 0 0
22.23996529843256 21.49150208761242 0 0
23.1337325153949 22.43980275509537 0 0
23.35301198529104 23.31111620757509 0 0
24.40736168187366 23.94483675683429 0 0
24.46579137607232 24.42863543461749 0 0
25.11451392454017 24.55954484515773 0 0
25.32155384037365 25.18150848571259 0 0
26.71521740850837 25.52515894101184 0 0
27.24324597622659 26.91662117951278 0 0
27.71107997669466 27.38353050520541 0 0
28.76280162039464 28.68577129217026 0 0
29.99725348640141 29.85515731060345 0 0
0
0
35
0.4994369447712419 0.512037748865367 0 0
0.6706033461879198 0.9654295885687644 0 0
0.989147109889823 1.165260630630957 0 0
3.293725693991157 3.320301679116444 0 0
3.529890715597549 3.648992482523709 0 0
3.912450787666042 4.224351214886801 0 0
4.401363066011725 4.452905334680991 0 0
4.711429432342319 4.80939867931535 0 0
6.174098640496524 6.45564097585237 0 0
6.967941474643657 7.07663897826783 0 0
8.173056865226336 8.330426113081161 0 0
9.049803570072198 9.317494252556317 0 0
11.22725145872069 11.41034482464566 0 0
12.24852002397814 12.32078132585284 0 0
12.59049140812918 12.82219217221953 0 0
13.12982953321429 13.23591074885016 0 0
13.4032696912103 13.42403703041826 0 0
13.46435031889208 15.51341778756697 0 0
15.69969423674188 15.83910297923654 0 0
16.28650150964881 16.42950856677433 0 0
17.04196210399505 17.4032395867164 0 0
17.68185698423327 17.76990665602215 0 0
18.65251016561817 18.68351427961258 0 0
21.69611010252607 21.77692119164951 0 0
21.78947412477086 22.45755783366947 0 0
22.55623913743416 22.97903182487988 0 0
23.11061202555082 23.88783899418245 0 0
24.02503788052735 25.21532102886927 0 0
25.39132355247412 25.44569087558168 0 0
25.89705863630153 26.17894001396186 0 0
26.32786049395939 26.61415759596962 0 0
26.68046781156049 26.68572013458644 0 0
26.881702551812 27.23356564357656 0 0
27.79382824999796 27.84532528320583 0 0
29.24825246420068 29.99924502299701 0 0
0
