# Status file for ctqmc. Used to save all times t_s, t_e.
10
33
0.1554375970349753 0.2146861668578743 0 0
0.40670028740796 0.4212633546469148 0 0
1.18639616309246 1.25117473024513 0 0
1.696829610342784 2.656209714735628 0 0
2.890011461799375 3.103091031520981 0 0
3.506243566556741 3.825947736130388 0 0
3.830133357151645 3.855906114475876 0 0
5.339793963623189 6.092103432160201 0 0
6.835469896405888 6.875258995092936 0 0
7.230912444910811 7.601692860378227 0 0
8.079994509162111 11.59197506730486 0 0
11.74316120206334 11.76639691578015 0 0
12.00691402661276 12.9795809217418 0 0
12.98335576610871 12.99795052644082 0 0
13.0881362647457 13.10417622133536 0 0
13.99493554547878 14.24626121021422 0 0
14.88083427068411 15.14051610304933 0 0
15.32317085355537 15.38542171438765 0 0
15.9220438280567 15.92769744579349 0 0
16.17090183227952 16.56897175325258 0 0
16.91214678129072 16.99262523873075 0 0
17.61844977434244 17.72304679317516 0 0
18.38619133142374 18.39311942688284 0 0
20.59547152843474 21.20611355477847 0 0
22.12131383202792 22.28401924911288 0 0
22.46602457205629 23.38951887949765 0 0
23.44699223603446 24.3122080761989 0 0
25.61445779769265 25.80819346911819 0 0
26.15831475068003 26.84770242306893 0 0
26.89366244083714 26.98055484145151 0 0
27.15800519811551 27.16770693534349 0 0
27.81870302492644 28.09163535703103 0 0
28.12266918364026 28.49461720857097 0 0
0
0
34
0.2410117472464712 1.071012722338053 0 0
2.240872556024568 2.406417019485188 0 0
2.493188062342737 3.170872003230713 0 0
3.358095143231955 3.620971485238304 0 0
3.887104246966486 4.033034073481272 0 0
6.083379545900482 6.832212931124211 0 0
6.987534985132149 7.659717295954131 0 0
8.649438611573355 8.665566763063076 0 0
9.129146029427629 9.396635291152361 0 0
10.65217987975063 10.76349313919268 0 0
10.79426028071449 10.81632205001224 0 0
10.83340484249492 12.74500499313152 0 0
13.27424842301181 14.98971962747748 0 0
15.7489117931245 18.92666276755769 0 0
18.99713353396147 19.04302963280635 0 0
21.29659122699885 21.46068857580266 0 0
21.9286112394104 22.03376197418129 0 0
22.04395005728666 22.09395496046111 0 0
22.11364380827344 22.27815300459633 0 0
22.80841144137448 22.86707899319271 0 0
23.03194382170415 23.07442791330699 0 0
23.42765093571525 23.63053798967719 0 0
24.53930001248385 24.61363805987365 0 0
24.65687097744777 24.73054080513031 0 0
24.78842158479191 24.88717667355348 0 0
24.95894561272971 25.17773569971109 0 0
25.36783806392974 25.65021686738637 0 0
25.96202150660624 26.09584432287825 0 0
26.64865512705857 27.0685232802566 0 0
27.27657932523245 27.55273520497062 0 0
27.73353402598691 27.79403373724397 0 0
27.89843498301027 28.05360890384132 0 0
28.38197950924037 28.54863442580328 0 0
28.56382578054621 29.00079758767329 0 0
0
27
1.295082048282633 1.874523173161249 0 0
1.927910877668143 2.08020654782782 0 0
2.874146885225866 3.172040778882873 0 0
3.186942080433651 3.330380009622608 0 0
3.517747562552028 4.122131091424757 0 0
4.136942227121542 5.469712750376138 0 0
5.661003031646247 5.752336412465576 0 0
6.119727806787861 6.131371408775862 0 0
6.401055562816727 6.719821272083401 0 0
7.450301157497386 7.810029233423469 0 0
7.909423612574052 8.130075910026891 0 0
8.466989773579025 8.881006433541913 0 0
8.966964064444538 9.378086062588668 0 0
9.707437161198676 9.791450612976552 0 0
11.84601114124078 11.97718379622155 0 0
13.09214094849833 13.24255308468781 0 0
13.70054537317842 14.15275509663183 0 0
14.19588965423315 14.61023423073395 0 0
14.64830773465029 15.01213217259094 0 0
16.28634726258288 22.90476984480269 0 0
23.21013145810326 23.49072552858182 0 0
23.68117654430165 23.71467392711329 0 0
24.66433858397301 24.92073295654743 0 0
25.10528490809226 25.15074000084829 0 0
25.31936484494237 25.62174986236884 0 0
25.86288191998798 26.32090602215601 0 0
27.046273889946 29.92802683316228 0 0
0
0
42
1.010077439867327 0.880963708238974 0 0
3.184019498760666 2.435060091976168 0 0
3.808406004256301 3.457640666012995 0 0
4.011981406941376 3.841049680143831 0 0
5.553849023686061 4.574450098916943 0 0
5.66526913513494 5.627069720238683 0 0
6.14769585178774 6.087227504830885 0 0
7.740647460355024 6.307887672053163 0 0
8.405994811909304 8.360630106645516 0 0
9.570736273803094 8.749699920176365 0 0
10.26733357861842 9.785672973671101 0 0
10.37311065562388 10.35723355081213 0 0
10.81230430072576 10.79853417702659 0 0
11.22294890707369 11.03592754329796 0 0
11.36738465802473 11.28450159313526 0 0
12.71895735492695 11.39911417375636 0 0
12.95725495383699 12.8702655616003 0 0
13.57425032936679 13.57243567678058 0 0
13.85040424065311 13.58796052556158 0 0
13.9921442934329 13.89772959803701 0 0
14.42295049636079 14.40803668434073 0 0
15.10938816307947 14.866127474262 0 0
15.27375681345936 15.24052462589598 0 0
15.55548503967232 15.52174516654118 0 0
16.19174625681928 15.91643561762973 0 0
16.96017963189458 16.32539041212786 0 0
17.58461749199752 16.96741557555688 0 0
18.21925434243578 17.8020008191243 0 0
18.47348590842855 18.22836126633892 0 0
19.08580686460555 18.97217443708749 0 0
20.13699834295499 19.25418711691343 0 0
20.32393606610876 20.29128407727601 0 0
20.97046811521032 20.55518580094757 0 0
22.36573775518947 22.20564696251108 0 0
22.42412902649273 22.39322019055181 0 0
22.97917971394294 22.53078447588489 0 0
23.13213772702472 23.01960918811646 0 0
24.31985830898265 24.07934788099299 0 0
24.90324387947485 24.83930199249871 0 0
27.54234986444667 27.49801040367218 0 0
28.69665413576122 27.65010126240409 0 0
28.90835573134873 28.76724820611916 0 0
0
