# Status file for ctqmc. Used to save all times t_s, t_e.
10
30
0.5260025368418957 0.8259491827128385 0 0
2.612824096630932 2.66111588572386 0 0
2.857941449558556 2.985386847682055 0 0
3.639616741279353 3.82388178400183 0 0
3.905063617502032 4.670624957451837 0 0
4.913325853626112 5.401155098107987 0 0
6.325841451798903 6.332587838087019 0 0
7.864953555612842 8.073833602358455 0 0
8.343588270962679 8.729041497918709 0 0
8.983304083318142 9.008214439657499 0 0
9.314506752256914 9.555795314936873 0 0
9.769911756440711 10.37967478140075 0 0
10.52715497563783 12.08789137195498 0 0
12.14064011763585 12.17426465191623 0 0
12.97110701706413 13.24341221425024 0 0
13.7386737539108 13.98177156155926 0 0
14.14064851331817 16.87245295562955 0 0
16.87733790259546 17.65106818287997 0 0
17.86591045028274 22.47852815944128 0 0
22.49435551105804 23.59683582917544 0 0
23.63345017885157 23.73964753672706 0 0
24.38054576804156 24.51314810039315 0 0
24.60926514973492 24.7358281365962 0 0
24.81042606453879 24.9904079182885 0 0
26.09373754670252 26.23530184804078 0 0
26.33794052669932 26.48759360191272 0 0
27.54976048468096 28.25808157162555 0 0
28.42923210017605 28.45993678586846 0 0
28.7317806958116 28.98514345040991 0 0
29.05393117296293 29.47270688373791 0 0
0
0
30
0.8106338881790371 0.8532590445251387 0 0
1.042793865204353 1.16304917322075 0 0
1.835763618604622 1.962577166393631 0 0
2.845381675890405 3.06208152454518 0 0
3.556006752775759 3.755748884780004 0 0
4.093737760976938 4.517179021668192 0 0
5.66909679366792 6.077083592408154 0 0
6.678708778060152 6.828433814228245 0 0
7.314198102649023 7.632625567032854 0 0
9.48219187751083 9.580476654321266 0 0
10.56418371280722 11.91659839964037 0 0
12.43184041165774 12.53281267206314 0 0
14.11628111786504 14.73289978442831 0 0
15.27914245928442 15.31206636718168 0 0
15.37413625618712 15.45275302051684 0 0
15.91460347245003 18.60358042263807 0 0
19.01923296925984 19.23613799206482 0 0
19.3579230719648 19.47884099319066 0 0
19.57000259619188 19.93345795045026 0 0
20.27375456974302 20.78929679091612 0 0
20.96092302244359 22.65145963014397 0 0
22.73240493485903 23.31331812068087 0 0
23.33281836184342 25.16707935866149 0 0
25.60691239046486 25.68957990852753 0 0
25.93146389575837 26.20572854994267 0 0
26.20842731732846 26.5593542781592 0 0
27.21909258428993 27.3039035581724 0 0
28.52386994619926 28.53274795265996 0 0
28.55645444966767 28.60018525184 0 0
29.42145837955771 29.52506025463512 0 0
0
31
1.327779283097103 1.259004298545909 0 0
1.488822343648934 1.477966150470917 0 0
5.103962021158684 4.033760283325695 0 0
6.415762529936094 6.131117399506378 0 0
6.663765147542541 6.594449924674586 0 0
9.927366697797812 9.606137055850491 0 0
10.99701941405603 10.06062846797066 0 0
11.17219077581713 11.00028411679305 0 0
12.10976764761807 11.30490895382278 0 0
15.15613437455408 13.82449967374418 0 0
16.23045454998284 15.30126572176924 0 0
18.57523185817417 16.27556942253435 0 0
18.68059715032998 18.62848711911611 0 0
19.17503841584486 18.69026084911127 0 0
19.32401179221279 19.20278157311114 0 0
20.00241327015501 19.46483766022248 0 0
20.56047427085861 20.0378218469969 0 0
21.65458086772306 21.10399858547621 0 0
22.14625715765323 21.69304054973211 0 0
22.49066832967821 22.19236989458099 0 0
22.91391769159964 22.4923196494928 0 0
23.40930515138231 22.94854945138129 0 0
23.85067741168209 23.45356136490483 0 0
24.71096215081774 24.68196368002596 0 0
25.764161545469 25.66258619068857 0 0
26.46089767138282 25.80271506742454 0 0
26.89245630940439 26.76569534162702 0 0
27.8368472985552 27.12427167899327 0 0
27.88654275047402 27.87796289366237 0 0
29.24940068880323 28.14528845801729 0 0
29.6890353342539 29.47263672039887 0 0
0
0
32
0.06174231477626581 0.0102316439378427 0 0
0.8040794279412848 0.3037939699688645 0 0
1.710229372396278 1.634823711903601 0 0
1.786498002111387 1.738687187398422 0 0
2.002622520206707 1.811553685604154 0 0
3.221760680655263 2.644533262757875 0 0
3.600785636374191 3.570431629563494 0 0
4.104156734125827 3.638810672891827 0 0
4.128844702324645 4.112722042504806 0 0
4.462003958414201 4.196990107068059 0 0
5.082533873845409 5.03582041699248 0 0
5.347899644659955 5.339146378668582 0 0
10.9730988031918 10.56630697169573 0 0
11.33533813759331 10.98277037912832 0 0
12.39025173905413 11.66268473028894 0 0
13.60229698997934 12.77173392538998 0 0
14.55252483131311 13.81071976321122 0 0
14.84544768856941 14.56284560106798 0 0
16.07900338548236 15.24306558075631 0 0
16.28488784377033 16.23427109383113 0 0
17.36408229276229 16.56053028475079 0 0
17.92826890294132 17.66591064161356 0 0
18.57875695653996 18.13634837743518 0 0
19.28180265303387 19.05956025467883 0 0
19.59494851505137 19.490599651568 0 0
20.01953968047663 19.647092861142 0 0
21.22340720628951 20.4420374049252 0 0
22.26229509843142 21.34819376368409 0 0
23.5923101609594 22.96389068223793 0 0
24.18938346501098 23.6488417558145 0 0
24.85964800208844 24.6827523313948 0 0
29.88187945744302 29.35113980590086 0 0
1
7.945329996151855 7.273338593326315 0 0
