# Status file for ctqmc. Used to save all times t_s, t_e.
10
33
0.2365283047665727 0.1857997066976367 0 0
0.3884301078883601 0.3127505333345511 0 0
3.71432217589612 3.045160523940184 0 0
4.101488809444721 3.729828798281031 0 0
4.293103577425335 4.199022671248275 0 0
4.44234189296875 4.309656482493315 0 0
4.777553373429909 4.516917725547731 0 0
5.40319443304946 5.175256829899952 0 0
6.760377196358335 6.675805130428712 0 0
7.026957411996095 6.904354245677839 0 0
8.27174916084865 7.843138075704569 0 0
8.600589267136668 8.297067674812078 0 0
12.35543757367963 11.21852469397614 0 0
13.68501690527463 12.47668292859006 0 0
15.24561388571252 13.88780372815013 0 0
15.59850413873181 15.5017505546185 0 0
16.61689613158751 16.46175979476367 0 0
17.42026307670632 16.7022453257491 0 0
18.31339992012806 18.03239191515585 0 0
18.69558730335185 18.57647832055795 0 0
19.63257730693825 19.11174129775979 0 0
19.9183611692172 19.69008714236618 0 0
21.46714472197048 20.66998757108188 0 0
21.93417225203802 21.74228587110696 0 0
22.29520521735262 21.96034295843506 0 0
22.61752273104347 22.5803518579116 0 0
23.80791159448152 22.99220500820015 0 0
24.09113853714481 23.90520849830421 0 0
28.48283726813128 27.61272349647778 0 0
28.57865984188398 28.49437950773333 0 0
29.05298346074738 29.04546587245024 0 0
29.07714484013518 29.0548780395312 0 0
29.69737279175614 29.43766001725654 0 0
0
0
28
0.2052959522792696 0.2056139684761461 0 0
1.637675094022271 1.985565242730827 0 0
2.455864682172906 2.574093489654285 0 0
4.137428067364991 4.22928827883829 0 0
4.685719486372331 4.846185215146628 0 0
5.390819070529888 5.573732352403527 0 0
5.760461131655833 7.601951288266652 0 0
7.685991740846912 8.089500268925976 0 0
8.923976373471984 9.235596350935838 0 0
9.27947393195822 10.61044136294511 0 0
11.18337264083033 11.88376757027916 0 0
12.30108720195864 12.45550105799206 0 0
13.00533744495721 13.72046886009763 0 0
14.0373687408128 15.4168466489156 0 0
15.95762230104813 17.26898306386482 0 0
17.57651244429334 17.5791580738608 0 0
18.09154442703694 18.6236864355414 0 0
19.39134590639793 19.40757395669695 0 0
20.29767628320808 20.63833921079463 0 0
20.64218363196047 20.93857957442052 0 0
21.292545949675 21.52117717889763 0 0
21.86933620878386 21.96022883229513 0 0
22.01569745921536 23.17495162712645 0 0
23.95966458675747 24.12033712408125 0 0
24.22600959668573 26.70399864143516 0 0
26.89740512094725 27.09349065039246 0 0
28.60169758180843 28.86133768517599 0 0
29.23622895328364 29.42162389382678 0 0
1
18.54261517524719 18.35186719894409 0 0
27
2.696296990195691 3.478358251344604 0 0
3.505371490248099 4.168736389187899 0 0
4.832507763364683 5.021453707002907 0 0
5.757797740495243 5.817365331330491 0 0
7.437961630466075 8.644545842766652 0 0
8.986305645401702 9.05419921910107 0 0
9.573133257272321 9.973472058266569 0 0
10.02234231248061 10.16523702508629 0 0
11.17761207156126 11.37846412747843 0 0
12.09760703797539 15.04771071595906 0 0
15.06122294759377 15.13944484134068 0 0
15.76139662937145 15.83374980735568 0 0
16.51911953854181 17.2539876194964 0 0
17.52947295636994 17.69862569397493 0 0
19.10955807129315 19.12361065886305 0 0
19.28428905402363 19.9961395645736 0 0
20.00971981117388 20.03287962285783 0 0
20.70015699495601 22.18343861299482 0 0
22.72065204448509 22.83267132689613 0 0
23.19257847192583 23.4002174135904 0 0
23.42962976370744 23.83375776034521 0 0
24.10085768303605 24.39999357253277 0 0
25.56645112153356 25.62137869497946 0 0
27.31392465322625 27.62361798231244 0 0
27.65142550809122 28.44072853895517 0 0
28.59031352707423 28.60638226852217 0 0
28.8846736003051 29.23937293354648 0 0
0
0
36
1.51108662302605 1.438711249332727 0 0
2.534013009236795 2.516674966884033 0 0
2.890035822057331 2.57333542469392 0 0
4.069953902120354 3.545840261386861 0 0
4.484675641391558 4.287654961541113 0 0
5.059673821211632 4.863378894089454 0 0
6.928038538002296 6.183177720290202 0 0
7.578488456534584 7.136385553834831 0 0
7.803928397404004 7.643903234181664 0 0
8.339927673564233 7.963081389265398 0 0
9.805069175779243 8.990861110207998 0 0
10.24023496538209 9.904718918364692 0 0
11.11489589481267 11.10376633002386 0 0
12.86191279792948 12.24969501713843 0 0
13.00512552794097 12.98512541511791 0 0
13.22000613214284 13.17538792133935 0 0
13.57010493002747 13.38509784813581 0 0
13.918019247008 13.57898426844942 0 0
14.34562136209644 13.98230793622318 0 0
14.65750462553437 14.41694252557037 0 0
15.36193955838065 14.84581762960621 0 0
16.13573872105398 15.61842665665858 0 0
18.33515509179654 16.23655244145129 0 0
19.32102067452897 18.58757999705512 0 0
21.60941280992761 20.4692634436452 0 0
22.2967933774563 21.6340459648559 0 0
23.30973329319776 22.3405593333876 0 0
24.23290759905225 23.81596828870312 0 0
25.10652574241675 24.24076256946631 0 0
26.18028875519768 25.11760502327934 0 0
26.61489772013749 26.39532694910098 0 0
27.10484059052431 26.8178301554725 0 0
27.72367336915227 27.39393243549004 0 0
29.05587365468984 28.80920745453562 0 0
29.29543139523006 29.06078475762737 0 0
29.54934531289306 29.35010763157516 0 0
0
