# Status file for ctqmc. Used to save all times t_s, t_e.
10
29
4.033392749233379 2.073946250142571 0 0
4.429116172523003 4.127533829294798 0 0
4.919584240236743 4.86212758962745 0 0
5.086610509100799 5.02779644475762 0 0
5.785123404447345 5.222087583783979 0 0
7.159351392345329 6.062889268052343 0 0
8.624157484976415 8.151147780437276 0 0
10.06223570460559 9.72415280346871 0 0
11.89625984074112 10.46790019491363 0 0
12.18837352083689 11.92246076430744 0 0
12.92978022299118 12.26774464084832 0 0
14.36607486254064 13.03228970847395 0 0
15.14461323960188 14.6892242403642 0 0
15.26666439657858 15.26451548748027 0 0
16.81679039494808 15.85472324752846 0 0
17.02593517356035 16.90126320953953 0 0
17.61131784990979 17.38972992848774 0 0
18.21607854984562 17.68202703784143 0 0
18.9648171098891 18.62935907296545 0 0
19.53410461118336 19.4034172826799 0 0
23.0559934448686 20.14780578810531 0 0
24.14511089689227 23.20796784668918 0 0
25.45210832523223 25.42991659206792 0 0
25.78089262079854 25.6658398226727 0 0
26.18502864769265 25.87755577340297 0 0
27.25357142731247 26.2558204961159 0 0
27.79847834332634 27.36200839877108 0 0
28.03577088616571 27.94612062632014 0 0
29.40010628123263 28.94896857279143 0 0
0
0
34
0.8792280810079885 0.894798933523692 0 0
1.595258400574002 1.672762286349066 0 0
2.09619690630556 2.544340385045049 0 0
3.116669847880932 3.188513045118066 0 0
4.318981880529652 4.638359732744608 0 0
4.727224323986153 4.813801962928115 0 0
6.033330478771907 6.207119140250151 0 0
7.469775255132409 7.539731351474541 0 0
7.78632955055586 7.931687264276246 0 0
8.156610477090664 8.261620082983317 0 0
8.291707492531664 8.43377295880518 0 0
9.104408354618887 9.718836521860132 0 0
9.912607535857939 10.1245147164734 0 0
10.56537960630255 11.1258606505447 0 0
13.16780238846171 13.22402893860716 0 0
13.43052026413292 13.63091853152022 0 0
14.89815336627524 14.89849774485092 0 0
15.64234724197413 15.85578943915525 0 0
17.37043756753594 17.49103413969 0 0
17.91304351129927 18.30451060559886 0 0
18.62328898170333 18.93364792165148 0 0
19.13127769035231 20.01282339851273 0 0
21.42990453546292 21.52440821763851 0 0
21.70092556268741 21.7654814817592 0 0
21.77738266261225 21.97477034168386 0 0
22.73713139807841 23.72095221670975 0 0
24.51585340215246 24.62289356459375 0 0
24.7213187129306 24.91356515810568 0 0
25.65887982667034 25.82328918115689 0 0
26.15917390938354 26.2203531260518 0 0
26.96544432581016 27.20463515315881 0 0
27.42224438901065 27.42979145263581 0 0
27.48616951375123 27.90554509352071 0 0
28.29854751738092 28.48453659803962 0 0
0
26
2.391618944909065 0.5524644336578461 0 0
3.078856541079246 2.968560922562346 0 0
4.203147791352711 3.8573605610183 0 0
4.334423758806865 4.271811591278368 0 0
4.609394682565217 4.364925792930074 0 0
5.618549604627828 5.558555720086784 0 0
5.891810521733403 5.752451594953135 0 0
9.265856189738821 8.547196981445264 0 0
9.499002224472456 9.436797725554909 0 0
9.696123200875292 9.573760697449586 0 0
12.30769882717504 12.18915900732208 0 0
13.15550163489415 12.87027354764836 0 0
13.76872401916192 13.30420331584789 0 0
16.28086720482263 14.41117240967281 0 0
17.43666206919489 16.68462165496857 0 0
17.90186168256784 17.876929823893 0 0
18.86703797597774 17.90590035785142 0 0
20.00747598400307 18.93339785237637 0 0
20.22181473942902 20.18884841123924 0 0
20.53366771010449 20.34908021306136 0 0
21.20767836823434 21.14947000484124 0 0
21.95794261330215 21.70522272539712 0 0
23.75031652526233 23.00288348024537 0 0
25.04892625724123 23.95932094381878 0 0
25.07294833362675 25.06070398378479 0 0
29.10307383000425 28.23943310155335 0 0
0
0
25
0.1463498988746579 2.734927313701883 0 0
2.819498086929902 3.187874737076954 0 0
3.539757009351763 4.177431609758589 0 0
5.327867624105945 6.168450840516503 0 0
6.190030763069405 7.79739613912419 0 0
8.791157680423337 9.059144838710749 0 0
9.070584693431243 9.285521681655496 0 0
9.75183099746989 9.779964846583567 0 0
9.993141974697695 9.995268070411633 0 0
10.18454145706692 10.60738239866481 0 0
10.65574887360059 11.04981635273354 0 0
11.45848448117544 13.21304451521688 0 0
13.63295695769838 18.74244807311407 0 0
18.96917022768371 19.1728140513267 0 0
19.17526438837007 19.32986873231023 0 0
19.3544732229181 19.41888628932362 0 0
19.54553395930409 21.74909652344818 0 0
21.85069669643221 24.16873591604138 0 0
24.31328031694576 24.780165486532 0 0
24.84833500322603 24.95174650950554 0 0
24.95816228669644 25.55676513581925 0 0
26.61553704864774 26.9476484611608 0 0
27.64458114400452 27.777587973914 0 0
27.91776926774018 28.11591756183532 0 0
28.36709810467248 29.31876841503675 0 0
0
