# Status file for ctqmc. Used to save all times t_s, t_e.
10
23
0.4315024192484067 3.995013369322368 0 0
4.018095808138563 5.343090004270207 0 0
5.554762009258541 5.795590948736097 0 0
5.872970137103339 9.702181324933795 0 0
9.721358260051561 9.739515005916568 0 0
9.971812785013769 11.98697592499235 0 0
12.74766150009991 13.74534251307485 0 0
14.5248014211908 14.54811198358286 0 0
15.78597798283741 20.12089462693995 0 0
20.15286231090323 20.3616558037078 0 0
21.69736137409158 22.06853111441902 0 0
22.12490863848601 22.29640375844302 0 0
23.42669591596891 23.56479252356958 0 0
23.57842166544472 23.66227897093976 0 0
24.66078208517558 24.80468270803372 0 0
25.21987835918122 25.37396049850485 0 0
25.77652616757111 26.07777652474032 0 0
26.14274692543957 26.20896299171684 0 0
26.42149951665132 26.56015200610904 0 0
26.80393027892443 28.81290336899109 0 0
28.92637781929506 28.95180340281121 0 0
29.08557186757852 29.20905569877706 0 0
29.32680487040216 29.64518953578998 0 0
0
0
29
0.2987833903836901 0.2118951598543504 0 0
0.6283338895161179 0.3925911481526316 0 0
2.161939034205816 2.152294462367085 0 0
4.086282716738188 2.319068697609017 0 0
7.747654308844335 6.722723186144874 0 0
8.20309646539333 7.921920437528367 0 0
8.298879263255335 8.268109577528072 0 0
8.463852672859778 8.302236649787691 0 0
10.01326269907073 9.5711435576625 0 0
10.61481410278787 10.43533189164433 0 0
11.44444973316125 10.62293963959614 0 0
12.10822647324818 11.74201181279644 0 0
13.24970986222221 13.1608084828562 0 0
15.35950753107404 15.35576670158785 0 0
15.91420092815131 15.74773281549284 0 0
16.80296597041729 15.96250741690749 0 0
17.46383049980205 17.10811386207027 0 0
18.20071354839535 17.97868524112331 0 0
21.78624569840279 18.20563772717335 0 0
21.82889806174455 21.81735539020712 0 0
22.38779640599218 22.21753268188342 0 0
24.3985728127537 24.36809542439411 0 0
24.96553418226166 24.52615420445166 0 0
27.20461267803914 26.75591901077535 0 0
27.57508436103319 27.28246963868645 0 0
28.18316961816768 27.82564424993632 0 0
28.79322492786386 28.69833979338274 0 0
29.38317855937118 29.32001696707783 0 0
29.87000273465394 29.49177522533796 0 0
0
33
0.3310608101587285 0.829545215865906 0 0
2.331927919607169 2.648846497327876 0 0
3.142086144071064 3.162130392808701 0 0
3.82856063374508 3.875903853885071 0 0
6.906610712590264 6.966323869775384 0 0
7.95432710213666 7.979827711171012 0 0
7.98476035260177 8.219462738382076 0 0
9.569820951176188 9.85152648448835 0 0
10.28737416265194 10.69458462183297 0 0
10.69729373701957 10.70318259546536 0 0
11.66076694369155 11.70165662713338 0 0
11.80996265638264 11.88589274598003 0 0
12.3893990076298 12.44283213417536 0 0
12.83263168450776 12.92577153482252 0 0
12.99642555930576 13.13732853087045 0 0
13.6699755499986 14.35291344563654 0 0
14.82751084533795 15.39130596718658 0 0
15.40155582159193 15.91282860766973 0 0
16.97879207790447 16.98275695313894 0 0
17.61015104994655 17.6526187837443 0 0
18.13010591768942 18.17064144277922 0 0
18.78123653438321 18.81928537772054 0 0
19.05489626695107 19.26343030002065 0 0
20.67628013555267 21.74823489819687 0 0
22.02921600775144 22.38999201920104 0 0
22.44314141808233 22.45945487203776 0 0
22.62196451356531 22.96711367432906 0 0
23.24648571563746 23.43508623415706 0 0
23.57636711865528 26.38549806179479 0 0
27.80792237246636 28.27752641535251 0 0
28.78836591510507 28.86179911571232 0 0
28.95526023197599 29.10169715995092 0 0
29.54795857464221 29.94573933997332 0 0
1
10.33879280090332 8.788577914237976 0 0
0
28
2.663467930958892 0.009677282643441032 0 0
3.43858037240556 3.368369586938222 0 0
3.936189716772164 3.898853915849071 0 0
4.411167734263899 4.10594452226194 0 0
5.050056984970902 4.626428767216739 0 0
5.501212052096004 5.082317457885562 0 0
5.748758046643343 5.527166982267152 0 0
6.488914986484215 5.864263142625243 0 0
6.980743903063774 6.582975709841557 0 0
8.246534608238276 8.232389399344498 0 0
10.31998837576745 10.06349747298604 0 0
10.69839978457059 10.621205939785 0 0
11.22161552761922 10.72737110569195 0 0
11.91134649692977 11.4726961467104 0 0
12.46464832364937 11.95977040813189 0 0
13.23570424924109 12.77432327208159 0 0
14.9890041058605 13.5682851112934 0 0
16.19031313513556 15.70422156630936 0 0
17.63601334186935 17.3755762744832 0 0
22.69499348922937 21.27241898925019 0 0
24.01402625253947 22.87490280282044 0 0
24.60597119301476 24.1846852970464 0 0
25.59993339066778 25.03563842057257 0 0
26.08084896641217 25.69388485489159 0 0
26.27561399954446 26.10161100861278 0 0
26.88315806269595 26.28844574127514 0 0
29.20969862920345 27.65488090109716 0 0
29.53547224759554 29.37193706945049 0 0
0
