# Status file for ctqmc. Used to save all times t_s, t_e.
10
39
0.1796338149582966 0.208843686730798 0 0
1.070967462074686 1.07614712580164 0 0
1.585048104052514 1.628779186334411 0 0
2.502421684468155 2.547036098313689 0 0
2.929453692155628 3.136197987086562 0 0
3.465846600550534 3.568359497044804 0 0
3.945381009060533 4.68128350367566 0 0
4.832419336284525 4.88197930182202 0 0
4.898424743951291 5.046662405936075 0 0
5.095621604039542 5.994692510260811 0 0
6.129675756238611 6.137965862709976 0 0
6.139305539461135 6.149151191304359 0 0
8.183102089152889 8.204283012221987 0 0
8.402637151509527 8.402860030816463 0 0
9.027916112309684 9.084895140987372 0 0
9.522275676382142 9.819959507440462 0 0
10.2707353500033 10.5556600852805 0 0
10.70328790259039 11.22417761262075 0 0
11.39693315748605 11.61970802759313 0 0
12.33037560049027 12.36401767219374 0 0
12.39499677000295 12.46079865754376 0 0
12.70778053678065 14.17192048827247 0 0
14.77416935404431 14.79628855133203 0 0
14.90760979636962 14.96990046383122 0 0
15.01581163630732 15.24372453198904 0 0
16.66972823806685 16.69452899224231 0 0
16.89212941636483 17.6262181994688 0 0
17.73704638810503 18.43691335765592 0 0
18.514192999287 18.59842592240927 0 0
18.64700733004548 18.64846525982751 0 0
20.17216149915429 20.23360640450972 0 0
21.98179980456376 22.00904904033253 0 0
23.46726559148524 23.72473326161851 0 0
23.93814144473466 23.95906212604944 0 0
24.66541941142837 24.95110021592196 0 0
25.09692236485548 25.16724000064132 0 0
25.2418823101164 25.58058953092426 0 0
27.44833253799163 27.54585024974179 0 0
29.16474305381535 29.40436612751227 0 0
0
0
31
0.36925753165918 0.3783004477443999 0 0
1.798924913526902 2.191685619493706 0 0
3.000978815232207 3.042975072750325 0 0
3.254001733283768 3.330240401663726 0 0
5.265686423824357 5.465110254247448 0 0
5.806600446872528 6.379780057693701 0 0
7.764425311261185 7.764844955612281 0 0
8.411214437135756 8.435842678693817 0 0
9.842903657305049 9.881211185349454 0 0
11.22161654715486 11.43672391843558 0 0
11.46888231109527 11.47624502194767 0 0
11.72981201944624 11.89872157565909 0 0
12.05784139122609 12.96689490990491 0 0
13.15174785086787 13.20484664419415 0 0
13.97159277840866 14.75591484292218 0 0
14.78482939106915 15.02670129537655 0 0
15.48514257069869 15.52943830681536 0 0
15.71560038627547 17.10261734467576 0 0
17.6192444467959 17.76245002872007 0 0
18.76281752031897 18.86077225355939 0 0
20.13380651028227 20.26912172858293 0 0
20.50073606943549 20.64748902713641 0 0
21.01553129344074 21.14984172322398 0 0
23.40545736279536 24.36591934420316 0 0
24.76298566749395 24.97273964864388 0 0
25.74746611293174 26.73134111613011 0 0
26.89113971457057 27.41636927695625 0 0
27.96625143524951 28.09093520096229 0 0
28.11052025497892 28.34515063511083 0 0
28.67907978753441 28.81685096699673 0 0
29.27254152295912 29.41892897715762 0 0
0
11
1.654924691411943 1.544600230672078 0 0
3.340481666543004 3.325393752862493 0 0
10.88772749377151 10.226023939831 0 0
12.50757447000982 12.29887607754719 0 0
14.3606458448731 13.5524750359307 0 0
17.73024278174584 16.8860852290852 0 0
18.30619928477693 17.82683727437383 0 0
21.75069051286319 21.73500433991564 0 0
22.09998335923516 22.09127459001069 0 0
24.73540633103991 24.12053118636323 0 0
24.94135766883262 24.85125062358197 0 0
0
0
29
1.173292648411138 1.14520153962447 0 0
2.073293789896695 1.746620880553471 0 0
2.701925038516617 2.606306077341299 0 0
3.726844169029488 3.69092089253988 0 0
4.484221348879358 4.343825667274483 0 0
4.869866333992382 4.627120340251348 0 0
5.838109721678497 4.938217549132541 0 0
6.502744675893142 5.998049805195873 0 0
9.29157756818727 9.154186659691268 0 0
10.68069425389689 10.63948124950211 0 0
11.37997233685039 10.78057469772955 0 0
12.26825275432567 11.87163880367682 0 0
13.46902289375695 12.90216846420575 0 0
13.90877149465601 13.68068225591763 0 0
14.28576307205663 13.93343963109756 0 0
14.46257498323837 14.38599336475501 0 0
15.40003548512706 14.47900980544144 0 0
16.27038362948656 15.44144895359863 0 0
16.99288112447189 16.42649442110652 0 0
19.55968400005267 19.53300225688205 0 0
20.54598004273134 20.46393636241183 0 0
21.2777934537479 21.22671437377133 0 0
21.71514086427808 21.28022023442525 0 0
23.71302727570937 23.50622443004837 0 0
24.10508962182387 23.87692063790758 0 0
26.25695732706398 26.05682501145496 0 0
27.3676957757945 27.28393238300341 0 0
27.80604009497779 27.56126871586938 0 0
28.36217831912618 28.05818264049005 0 0
0
