# Status file for ctqmc. Used to save all times t_s, t_e.
10
26
0.7126362522904651 1.178201980979882 0 0
2.041380924234317 2.098857719982602 0 0
3.078723791405062 4.151176585194005 0 0
5.23846117604457 5.741401357219735 0 0
6.026254975870418 7.057973402905675 0 0
7.178418443192694 7.505941525652995 0 0
7.62446879794326 8.279393548515968 0 0
8.299206416430673 12.21739357015599 0 0
12.25856007908368 12.4042016851044 0 0
12.92136506098682 13.11088746834089 0 0
13.11476284941603 13.35856860485426 0 0
13.43530252851519 13.53583910944503 0 0
13.75117922623913 15.15313818423741 0 0
15.3465892776044 15.59971183418668 0 0
15.77642370861957 15.82212578703314 0 0
15.91836735579774 16.09013992496937 0 0
17.20988091357977 17.60367228719701 0 0
17.93351820307752 18.17317309459823 0 0
18.2285480641817 18.31664900308188 0 0
18.44746294477984 18.45978716659285 0 0
18.61587024568974 23.79814533083463 0 0
25.96642361818345 25.98560495423347 0 0
26.14274490620844 26.16005422300548 0 0
26.83937614791487 27.15557965708172 0 0
27.23630874042183 27.40267417498535 0 0
29.26343130896761 29.68770979513942 0 0
0
0
35
1.233638586684684 0.09260416789207326 0 0
1.350213876906594 1.286306450411385 0 0
2.194639901919193 1.378825800313934 0 0
2.8171163324542 2.362927525517506 0 0
5.578151654241871 3.690159036440873 0 0
5.745393658206059 5.698718891011444 0 0
6.025198039217917 5.878892484678608 0 0
6.638546502056978 6.341880438955356 0 0
7.80549440068912 6.7290110752712 0 0
8.46945485317301 8.223223793806248 0 0
9.891597020627184 8.504163782519649 0 0
10.72165817928706 10.28959519524315 0 0
10.97388014511372 10.79238361405637 0 0
12.9296547754872 12.60918363689782 0 0
15.02099221689672 15.01561851147808 0 0
16.71401090039231 15.60386046378173 0 0
17.25111760729111 17.03621813225048 0 0
17.74437415122634 17.32403377626411 0 0
18.51824181276786 17.75582381009166 0 0
19.37675048156816 18.58545809562086 0 0
19.46197224313131 19.45387944209735 0 0
19.75911738735318 19.50301452054245 0 0
19.99042823948978 19.83175822741387 0 0
21.04874148774462 20.12397857297556 0 0
21.99065290832068 21.08016209153878 0 0
23.43366485974599 22.2344534292311 0 0
23.73850386486583 23.44937879000026 0 0
24.00348461046918 23.77769423418594 0 0
24.22577552719697 24.0864219495203 0 0
24.6168323120184 24.25948345106983 0 0
26.01792339264071 25.01818685924738 0 0
26.88697946835116 26.13834999288787 0 0
27.0773785806491 26.90870614341286 0 0
29.67628411023571 27.21496515129883 0 0
29.83616917805927 29.80175846177638 0 0
1
7.231090664863586 6.934468746185303 0 0
29
0.0716808763791475 0.0007335993489038933 0 0
0.2021513885165547 0.200230523030292 0 0
2.188425654087625 2.174210905835654 0 0
3.359431858816313 2.430199940358493 0 0
4.04700255911824 3.528005746547559 0 0
4.162020714544249 4.133198553381162 0 0
4.767341738879752 4.385436161618168 0 0
9.616315591676704 5.311496951407519 0 0
10.11193679764432 9.618268972855185 0 0
10.54405625954915 10.46494216851312 0 0
10.90600993063988 10.71731282975745 0 0
12.13426132459728 10.92627813387947 0 0
12.53980543942644 12.18445644968141 0 0
12.80626144271736 12.58037426510364 0 0
13.24812811090437 12.96086428002404 0 0
15.62432319925286 14.73346614603132 0 0
17.97715765811233 17.7522945754185 0 0
19.03101534588063 18.21321837125267 0 0
19.52262763320595 19.37127288559866 0 0
20.37587849146866 19.61881395673076 0 0
21.83354148377374 20.77447529554091 0 0
23.6098275427641 22.38175539212899 0 0
25.09168137498495 24.67230777522161 0 0
25.18739040607041 25.1870901963844 0 0
26.66461875470849 26.4971923957875 0 0
28.13973973239739 28.08746926560641 0 0
28.70356972650094 28.32103535232766 0 0
28.8993258317341 28.80215706242998 0 0
29.88629786400034 29.06327589113075 0 0
0
0
35
3.886445113543509 3.146790688885282 0 0
4.140229691359209 4.030147947380311 0 0
5.661077426168071 5.435098771466961 0 0
5.852837640077014 5.711495764368478 0 0
6.405496099452729 6.08780419260513 0 0
7.290915974822296 7.288490226426649 0 0
7.375287329128553 7.306386294984963 0 0
8.857194082895775 8.120377828320875 0 0
10.29420684198942 9.988832221073631 0 0
10.53984181234532 10.3279636034606 0 0
11.3175230660428 10.89505061182122 0 0
11.62064467369468 11.57857929944793 0 0
12.32869926707105 11.67243827715393 0 0
13.31108135193639 12.84114787925382 0 0
13.65523574888525 13.61073633000077 0 0
14.81876102654026 13.86468926991596 0 0
15.50556170744146 15.04715282224754 0 0
16.64875210736023 16.60602151971664 0 0
17.69952954496436 16.84429150976997 0 0
18.06315539602444 18.03607798562533 0 0
18.37900907910895 18.18402974275179 0 0
19.05449421500684 18.82366204289278 0 0
20.06055374804026 19.11796275963767 0 0
20.6636879208065 20.64847013849373 0 0
21.10021179532765 20.84818981897645 0 0
21.59633210473111 21.38356152954969 0 0
22.23215122037056 22.07581177812692 0 0
22.71206310826737 22.36249609172115 0 0
23.16053947481705 22.98615209313234 0 0
23.25094875530426 23.21158927860633 0 0
23.47823837791363 23.4363815980598 0 0
24.37633860735635 23.59741431861527 0 0
27.25167601226565 26.95215723503895 0 0
27.59687065881369 27.25954815168154 0 0
28.0412480050299 27.95156029215675 0 0
0
