# Status file for ctqmc. Used to save all times t_s, t_e.
10
23
0.3422412816019116 1.103651466184526 0 0
1.14407928026653 1.772023680760328 0 0
1.922303697427054 6.286935519873651 0 0
6.367715807298055 9.406700346328867 0 0
9.622657331560204 10.90969693849046 0 0
11.43757258563308 11.44286008269187 0 0
11.8391018737678 11.89623521381811 0 0
11.93206186108103 12.03933542359144 0 0
12.23507248571389 12.37452441444464 0 0
12.56059820796351 13.1325902552401 0 0
13.34197002411635 13.44187239544402 0 0
13.80622753923338 13.95669068352417 0 0
14.16081163041202 14.47418683079569 0 0
14.88483416578118 15.08939703000535 0 0
15.24932758898522 16.08262835035257 0 0
17.38371042081249 17.40758444365837 0 0
19.64234879513005 20.46606216379777 0 0
21.03000835744581 21.42217126326835 0 0
21.77971156969364 21.97148256113156 0 0
22.18955290175091 23.60249868820884 0 0
23.75799238372542 25.56326809331867 0 0
27.47227680256916 27.7790154585734 0 0
28.78128951164254 28.94471968779325 0 0
0
0
31
1.112433995046859 0.7947971653674774 0 0
2.072294380455119 1.225345871749247 0 0
2.969291209012735 2.96920998795839 0 0
3.419271886530408 3.052473460841643 0 0
4.687676805832089 3.429779508926802 0 0
4.857477993260881 4.82790634551876 0 0
5.267208595841207 5.133400213233529 0 0
5.678860940257328 5.432666981894248 0 0
6.041392289555867 5.691884870723156 0 0
6.077420344071801 6.064859480950398 0 0
7.116187349812325 6.314423022225167 0 0
7.777350281708536 7.364975955081528 0 0
11.95630242398429 11.63949022655043 0 0
13.57106905982731 12.06888149389812 0 0
16.87721946464016 16.15576176503155 0 0
16.91277839657596 16.90978116088646 0 0
17.07399404889385 16.96312897086502 0 0
17.58107604396596 17.12647313401292 0 0
17.76278795036582 17.64202197795845 0 0
18.2210291221199 18.07932343617873 0 0
18.40952697661422 18.38663106879124 0 0
18.6903297139276 18.61294170516905 0 0
19.01042057297863 18.96031603816872 0 0
19.10375439395031 19.04944534066688 0 0
20.2230755953276 19.14673478049234 0 0
22.20486281814957 21.58994548585874 0 0
22.64461692525797 22.56177929284644 0 0
23.75767763786265 22.8022616535739 0 0
24.60680328347488 24.17399098640273 0 0
26.92649239332282 26.78581620770592 0 0
28.55232487086628 28.42887198760776 0 0
0
27
0.4166250864474169 0.7544585756343216 0 0
1.122677013022894 1.206401164210497 0 0
1.263857512077695 1.277198093589035 0 0
1.342787124997684 1.531751386871976 0 0
2.356946365128802 2.364690611110145 0 0
3.673058491077687 3.722346907140945 0 0
6.764784521736748 6.951973679944615 0 0
9.104090887069361 9.200030858719391 0 0
10.19504709264752 10.55228164928481 0 0
10.62372109305981 10.64641144050464 0 0
10.99441392512525 11.41528217080796 0 0
11.7905229703153 11.97552452865181 0 0
13.35562486361267 13.42874991641895 0 0
13.46727134067825 13.89630270997851 0 0
14.30419473590817 14.56125085235094 0 0
15.15099753038304 15.18120565982987 0 0
16.54142069692601 16.70893359383455 0 0
16.94920867721911 17.06375859644934 0 0
17.12986924873482 17.75865261200132 0 0
18.03495833307276 21.03199055219853 0 0
21.11412818213294 22.1530242713922 0 0
22.79336228837452 23.80726808100681 0 0
25.89736286754278 26.48233969187592 0 0
26.60195637112097 27.28769259400474 0 0
27.63203462790018 27.95520911266268 0 0
27.96162520462326 28.05020986583799 0 0
29.69335823869069 29.97651263024591 0 0
0
0
29
0.9715879399169814 2.209130680970163 0 0
2.46547754846007 2.886635618675806 0 0
3.36308203961884 4.558903779543406 0 0
5.298949726656605 5.30401525898465 0 0
5.910685333403253 6.077670503504643 0 0
6.608037854544709 6.690827749816547 0 0
6.780190328869627 6.956359351279476 0 0
7.26258680590903 7.522241204826211 0 0
9.070063414741641 9.156406879469298 0 0
9.920099428815417 10.31732147442131 0 0
10.4094369824266 10.87398397743572 0 0
11.67095942273038 11.92547574393897 0 0
11.92640920920899 13.70553950687878 0 0
13.85193335037145 14.13599946383232 0 0
15.21436779079781 15.63146498151678 0 0
15.97380804408888 15.99606435931296 0 0
16.14384577491247 17.36529606995408 0 0
17.3690389537355 17.86500584700179 0 0
18.18406695054852 19.56649312707749 0 0
20.54906912609587 21.05022513106432 0 0
21.0869746556684 21.15945368936267 0 0
21.915301695591 22.2220241422694 0 0
22.34451687724633 22.63995941007516 0 0
23.48463736807758 24.14850911744434 0 0
26.11202647223643 26.21908423620194 0 0
26.76760998498289 27.08016839649114 0 0
27.14879593029189 27.19969870200855 0 0
27.21121599494623 27.46340610652642 0 0
29.26926959405441 29.8586324155277 0 0
0
