# Status file for ctqmc. Used to save all times t_s, t_e.
10
31
2.564605822743449 2.201702676195877 0 0
3.58106030861963 3.366697291158343 0 0
4.38451467815621 4.32009633712948 0 0
4.927269227954389 4.680238313242935 0 0
5.483260555944882 5.281633705391886 0 0
5.997895018199331 5.887829869821129 0 0
7.221020488474185 6.087210747003027 0 0
9.377291112735737 9.24940065368046 0 0
11.07842235439191 10.13469291361674 0 0
12.29285738209274 11.31334483999656 0 0
12.47399064999938 12.29444692822343 0 0
13.21211450613685 13.12694339482134 0 0
13.72816395301648 13.31817415196253 0 0
15.21064951219296 15.1181456681844 0 0
15.40140526834323 15.26564606059399 0 0
17.24327499407369 15.74569285905689 0 0
18.67372873363595 18.37727065574356 0 0
18.86204807759989 18.81416686483442 0 0
20.702656607059 20.45907326728572 0 0
21.64284244836175 21.3722297167157 0 0
21.86314824897628 21.69846321190699 0 0
22.04300602023035 21.87853871873569 0 0
22.56693977333003 22.16733436595719 0 0
22.76818581803798 22.74687181778129 0 0
23.45355823896318 23.39901174437092 0 0
24.22728417171371 24.16121580744832 0 0
24.58591579136813 24.57006941309017 0 0
24.72041446400712 24.5963188408796 0 0
25.85160177799275 25.84728007521927 0 0
28.99900277041925 28.80522477463821 0 0
29.94607694197155 29.60604846610336 0 0
0
0
24
0.9229912231194154 0.1951568752802615 0 0
3.601774395584348 3.072244872025755 0 0
3.734397700446522 3.719944273288003 0 0
3.961779445267321 3.768971823845411 0 0
5.443093793968354 3.975758194317086 0 0
5.934049768459266 5.648663245605405 0 0
6.037017916012322 5.976227803636699 0 0
6.316463251141668 6.070481096558338 0 0
8.18750015437997 7.969424562649233 0 0
9.960775584987722 8.369803484493589 0 0
10.3353523608703 10.13005216252737 0 0
11.22445161843903 11.18144856921341 0 0
13.28072110436383 12.65699679743886 0 0
16.73742753391567 16.58352197619389 0 0
16.87235325505734 16.86750454949414 0 0
17.0840122280857 16.88632008533944 0 0
17.54092133529683 17.13683904256634 0 0
18.01513726364383 17.92909865055509 0 0
19.2098483029702 18.03157024621612 0 0
20.25748406486994 19.9712825462618 0 0
22.9647184812392 20.61156786284396 0 0
23.62917142201416 23.21851975444818 0 0
27.41562997216962 27.03410845725316 0 0
29.85775478587219 29.32253196152896 0 0
0
37
1.251270521808955 0.3134793421871578 0 0
1.860577997519316 1.496585155829625 0 0
2.649589188029324 1.89568552568815 0 0
3.461199565895909 2.658035453458074 0 0
5.15163380786339 3.627480520292362 0 0
5.696837907178209 5.156432996866886 0 0
6.190140852972578 5.83974885352944 0 0
7.032987234553399 6.948154715655988 0 0
7.892072442547269 7.206237928939729 0 0
8.623829479661051 7.975129178313485 0 0
8.915946437856514 8.8069698985481 0 0
8.958233557561229 8.935313626041879 0 0
9.785810190836504 9.130442338454587 0 0
11.85377178858974 11.79334169914576 0 0
12.13497025152668 12.12055748746085 0 0
12.54790079721288 12.18391369898642 0 0
12.90383256221342 12.64180196831584 0 0
13.04483904783642 12.93291266921032 0 0
13.6212965764234 13.1814187876124 0 0
13.98433640950889 13.73626670873799 0 0
14.80146841577891 14.0455775329458 0 0
16.58108399852738 14.9463262882602 0 0
17.41423850783566 16.83257848836201 0 0
18.0231675658859 17.43108072847311 0 0
18.69978899276217 18.08425517846638 0 0
19.75988621160647 19.17430190663748 0 0
20.48757969119587 19.76516472287314 0 0
20.57173984252515 20.54407726749379 0 0
22.45075498848264 20.69734314444415 0 0
22.65306750966601 22.51221962953652 0 0
23.73619008690231 22.7097896427388 0 0
24.68582164711809 24.17074927360042 0 0
25.72288172530401 24.71002571256973 0 0
26.10291992853355 25.89666298787601 0 0
27.93273896141093 26.13392692647083 0 0
29.38059280998199 28.14811764611255 0 0
29.99667621125334 29.69877217394211 0 0
0
1
13.94572019577026 13.4840315580368 0 0
36
2.03285931517171 2.32220601037626 0 0
2.553726649572103 2.786591952149831 0 0
3.027929299905264 5.768641182512223 0 0
6.098411538744444 6.54743521222856 0 0
7.291714571226126 7.37328996215563 0 0
7.394760902761807 7.497417829078566 0 0
7.530521059389915 9.135628876648806 0 0
9.446450142561442 9.596634471943736 0 0
10.11257326399175 10.12625530043105 0 0
10.25297102731388 10.25493372096983 0 0
11.49331483800202 11.64890241063473 0 0
12.06360629493308 12.12243098344475 0 0
12.22862669889947 12.27863437655915 0 0
13.62606874333757 13.87012529263033 0 0
13.94833613398054 13.98834157847613 0 0
14.42565312542052 14.50228563801711 0 0
14.95828710781926 15.01204147949434 0 0
16.59846829338587 17.28363118083496 0 0
17.31148689432069 17.51432866348209 0 0
18.05453180650149 18.41159849318271 0 0
18.48770106854766 18.60484236401846 0 0
20.11064516983355 21.69588522751505 0 0
21.86618587600228 21.97145249094447 0 0
21.98377071504526 23.06292451862875 0 0
23.39935774614126 23.49653332827648 0 0
24.45641221448013 24.46115260235051 0 0
24.51346573108517 24.52407005941774 0 0
25.41519576345832 25.43184857205501 0 0
25.73171708171821 25.94862036132696 0 0
27.14512626702085 27.49006471623078 0 0
28.02490458203237 28.08576935163818 0 0
28.22677325124737 28.29076702018308 0 0
28.31062992754766 28.38496856765699 0 0
28.73914792967595 28.81193376522955 0 0
29.25233863746628 29.37889339832965 0 0
29.52057207212019 29.65111907099931 0 0
0
