# Status file for ctqmc. Used to save all times t_s, t_e.
10
32
0.6237772460893751 0.7013749987264042 0 0
1.483354957413801 1.617671996015525 0 0
1.722677505280755 1.771903716309069 0 0
2.164554499810972 2.320982070975778 0 0
2.566891678462985 2.713124156429956 0 0
3.274256722027038 3.309761145432284 0 0
4.046884448223524 4.203884625769307 0 0
5.631761660487896 5.84400313526632 0 0
6.162948865896293 6.704746956961565 0 0
6.902645177256175 7.682086716273885 0 0
8.194241964015307 8.258265764872627 0 0
8.686266684836784 8.751120381128732 0 0
8.834279351026145 9.900562050084446 0 0
9.949108843519305 10.00794348555514 0 0
10.03308815708946 10.22496956801461 0 0
10.2660915904969 10.37537314949478 0 0
10.96645771656917 11.2118641635626 0 0
11.35704000673919 11.36843345044316 0 0
11.45775814675988 11.47413108490906 0 0
11.79960950968499 12.06089701824269 0 0
12.20858276965233 12.24418182572695 0 0
12.24976855462011 12.3019305818816 0 0
12.64360300400464 13.31566318280015 0 0
16.16992404918815 16.18579375401909 0 0
17.09818353097564 22.33437797242371 0 0
22.99580018463748 23.35285132466134 0 0
23.57656141642653 27.0819396571828 0 0
27.5360671839802 27.84824489482214 0 0
27.91618346059311 27.96588073984842 0 0
28.24482899842831 28.3426321561529 0 0
28.4143410139558 28.59432834562516 0 0
29.58876856847589 29.75190060593712 0 0
0
0
24
0.007627650670784192 0.3093428561390403 0 0
0.3799218187388694 0.4578962069299958 0 0
0.7264231996407785 5.777622891789621 0 0
6.105869468925789 6.406908120513273 0 0
7.089446010006959 7.328209261292199 0 0
9.018971413028154 9.092055333166675 0 0
9.327472324418054 9.854185941665415 0 0
10.11383030698395 10.50900173456775 0 0
10.70665460100575 11.23374526577973 0 0
11.43813668789211 14.24880719422274 0 0
14.41012200304504 14.76624311400861 0 0
15.51422673243965 15.63238602872654 0 0
16.63207177926055 16.82882210145068 0 0
17.8632290896498 18.09867672118511 0 0
18.79716490462684 18.81141226732475 0 0
18.88517582887736 19.44537771768211 0 0
19.56349310679364 19.70470727618673 0 0
19.74248996749472 20.0146309523488 0 0
20.29361140483437 23.00866679871097 0 0
23.55418602289918 23.61461718475978 0 0
24.92958038364077 25.17209637703305 0 0
25.98536236792457 26.65573836304744 0 0
26.85403084593009 28.46084842724034 0 0
29.67755451702403 29.79095645477562 0 0
0
26
0.1217744666572003 0.2392222717463284 0 0
0.4140463055947853 1.239963590170923 0 0
1.315759256569531 1.761659200633864 0 0
2.076942490900877 2.112588172179196 0 0
2.388214493622869 4.049081567114424 0 0
4.568245601970629 4.674572342570601 0 0
4.823022294528541 5.020224978221376 0 0
5.692902067901375 9.136382805040785 0 0
10.01818429375572 10.20117555562617 0 0
10.21755532933323 11.73174255198904 0 0
13.10366926626678 13.12082474993164 0 0
14.00879032286513 16.54299464861433 0 0
16.70321047899191 16.80475429892822 0 0
17.80015352957346 18.26696071083457 0 0
18.29166621609519 18.30672085784527 0 0
18.84157556276626 18.99623308677003 0 0
19.16051188778362 19.33173889723448 0 0
19.39991207949101 19.5612868768997 0 0
19.76466511487889 19.81007015645572 0 0
20.34484387599986 20.42950875081495 0 0
21.61538549392841 23.55073833366392 0 0
25.86109064592196 26.00680485442378 0 0
26.45934062250655 26.46991615215581 0 0
26.68250203910727 27.20260187847602 0 0
27.79584186194793 29.58205562662252 0 0
29.58695231474298 29.84605037039671 0 0
0
0
20
3.279281032498286 0.6714280022067733 0 0
3.963049326749668 3.332066860150339 0 0
4.208872106145611 4.004440385253487 0 0
4.983044191669559 4.216848392066494 0 0
6.648083354023643 6.255400484981899 0 0
7.389724418227044 7.137817265733864 0 0
8.292912735316635 8.269868746934947 0 0
9.207040089078587 8.607007483242262 0 0
11.53065237202848 9.929732846881127 0 0
11.93674330068136 11.55269999833643 0 0
12.17932473560455 12.04953333990483 0 0
12.99375326777492 12.40629225946619 0 0
14.60863341927198 13.12562270272192 0 0
16.42042167651901 16.35611271485127 0 0
17.42741820714853 17.3929047816804 0 0
18.19170331051176 17.47918417837729 0 0
19.76772626869224 18.93671283662313 0 0
20.8822429408999 20.28494840128945 0 0
22.15439523685554 21.19496975233958 0 0
28.38240968627866 25.99905168954206 0 0
0
