# Status file for ctqmc. Used to save all times t_s, t_e.
10
29
5.111494178345852 4.284433843747394 0 0
7.054144803099205 7.039226211127756 0 0
9.208985572232478 7.112041144703209 0 0
9.260782183929706 9.21013670126799 0 0
9.949777730692141 9.366071038899571 0 0
11.04568432152468 10.17514700800806 0 0
12.90860005401821 11.06118870943458 0 0
13.36755273759914 12.91058386835154 0 0
13.64036070268409 13.57150836061005 0 0
17.43913433589778 17.07987874403318 0 0
18.08512363945691 17.49330984914056 0 0
18.25215630826938 18.12635792618686 0 0
18.68100331802747 18.46351130190199 0 0
19.70825588930635 19.08830131561635 0 0
20.07266534208012 19.78879253022221 0 0
20.5286361559452 20.14402606462614 0 0
21.2154550464653 21.19417801895568 0 0
21.85305959451042 21.69253613138384 0 0
22.18764949824076 22.00336470666551 0 0
22.89549205171796 22.29640992997202 0 0
23.25663412338326 23.03352881594011 0 0
23.69827523087956 23.30805862787275 0 0
23.81707022290022 23.76825969365778 0 0
25.00937309852531 23.83744872837879 0 0
25.37196694960578 25.09739930041858 0 0
25.83143164080444 25.80914584225101 0 0
26.54825892325894 26.00881702511217 0 0
27.85264353849102 27.84529291413354 0 0
28.0971020334773 27.99310120811588 0 0
0
0
27
0.4193697958738696 1.149462154912111 0 0
1.172644552048386 3.154826847552965 0 0
3.234326528392985 4.186687176791416 0 0
4.365023297783047 5.016640748609952 0 0
5.4141901786207 6.265944765380691 0 0
6.434919822128989 8.021915459606124 0 0
9.426801082646049 9.898676750100815 0 0
10.64712163959195 11.26310058886635 0 0
11.53754710175975 11.72769144789618 0 0
12.22775418248764 12.83011251934821 0 0
12.98200537858168 12.99702246482211 0 0
13.10438171723114 13.26732972139765 0 0
13.2895348327287 14.07098489495549 0 0
14.39513536492896 14.81409205084726 0 0
16.33425058207565 16.48437851911103 0 0
16.94699448360688 18.61470711152125 0 0
19.66783132334261 19.69802178977779 0 0
19.72565933835234 22.12182241997165 0 0
22.38039101283913 22.78617458387932 0 0
23.85517920402044 23.90255872479571 0 0
23.9451736277603 24.2119208950861 0 0
24.5887140425671 24.79216991021993 0 0
25.41291239474118 26.58488648054387 0 0
27.24346853129248 27.69984801714006 0 0
28.16256983500775 28.25162932511199 0 0
28.26577471237786 28.41105941049967 0 0
28.61405446251248 29.98471643546922 0 0
0
34
0.6666444682308172 0.1704190633149187 0 0
1.404091742666118 0.6986189653996741 0 0
1.575426628821663 1.498634406490083 0 0
2.564837173744266 1.722506823689025 0 0
3.368412171165785 2.967247052871042 0 0
4.27504626346308 3.415423108383358 0 0
4.995544080414149 4.426077801853147 0 0
5.939586808379309 5.787758666203143 0 0
6.429387959311955 5.963072042720132 0 0
7.225311825680555 6.524801225037686 0 0
7.477979004167654 7.282532160622388 0 0
9.832438462174421 9.700518597711586 0 0
10.23950050829052 9.97813984249453 0 0
10.93047080193173 10.33503027693555 0 0
11.49950970771994 10.99111391208753 0 0
11.91147266921175 11.71474264950168 0 0
12.67289253704347 12.4633357985177 0 0
13.75519434693696 13.70613434622905 0 0
15.30890875508285 13.93068268686904 0 0
15.39809468940301 15.3740164901905 0 0
15.55865080878504 15.43910308068212 0 0
16.20524957669606 15.66971262726098 0 0
16.63854550682452 16.31576735263971 0 0
17.21925544771007 17.15745694679198 0 0
18.45638253945275 17.90354073617896 0 0
18.81082250584804 18.62993473642418 0 0
19.04015040824202 18.95392456071032 0 0
20.17928926202319 19.68795434132853 0 0
21.76223444222951 20.57025136625479 0 0
25.97417450968957 25.39072973856396 0 0
26.30316402751388 26.19984603981851 0 0
27.15807547949233 26.55280114036369 0 0
28.33996057603025 27.19706837290959 0 0
29.89337551922101 28.47043997321176 0 0
0
1
12.28632509708405 12.20970690250397 0 0
33
0.3610738119655477 0.5564436983335751 0 0
0.8845919460723906 0.9337407393269266 0 0
1.023955439641654 1.163451719038928 0 0
1.196248457511883 1.418352453934444 0 0
1.490591383201932 1.520242570170428 0 0
2.844035017847592 3.096406377741412 0 0
3.354169845036712 3.745465170470047 0 0
4.722759160773769 4.825534087353442 0 0
4.99427869637519 5.192376517539341 0 0
5.297118686665008 5.323025218057333 0 0
7.474790457971492 7.771764024086706 0 0
8.182086329507875 9.716869889810008 0 0
9.97373525363191 10.12824868742771 0 0
10.42835516900796 10.96155896070271 0 0
11.88765278671572 13.03908199209253 0 0
13.10877065531874 13.50081160219928 0 0
14.9335190547059 15.83443369028002 0 0
17.43288350374831 17.47417589355527 0 0
17.59708376019667 17.61543872989704 0 0
18.34161537130299 18.99901457358095 0 0
19.01577535634249 19.74953635063885 0 0
20.24571646619499 20.25934954381595 0 0
20.51627767976495 20.56261775263087 0 0
21.02138180794941 21.09749956084981 0 0
21.57928023855545 21.58131618466991 0 0
21.76329771355425 21.78396202393258 0 0
23.22196546529981 23.62297841040187 0 0
23.9898871908213 24.2967899853848 0 0
24.91068587543928 25.11079812870778 0 0
25.21465044096977 25.47333227054405 0 0
27.614284166277 27.7946038066932 0 0
28.0636339779483 28.16033985630897 0 0
29.3562767750028 29.58060144009151 0 0
0
