# Status file for ctqmc. Used to save all times t_s, t_e.
10
31
0.8356274640829748 0.8356575135716601 0 0
3.16648666802308 3.304664490321948 0 0
3.486294795880228 3.594508751620305 0 0
3.718973193351137 3.745291265503947 0 0
3.841588908707688 3.946519425920215 0 0
4.233332134316324 4.25964306833918 0 0
4.291800469013286 5.072243371267569 0 0
5.179794821208334 5.213330618245533 0 0
6.234264619531321 6.384597810337294 0 0
6.908329445521979 6.97543584005312 0 0
7.526499381415849 7.814612081190324 0 0
9.040534334520384 9.520883406035363 0 0
10.32878630928709 13.01002676684569 0 0
13.44978991284361 13.87550549832894 0 0
14.41642329698778 14.46923365765151 0 0
16.01945570908976 16.14137703335723 0 0
16.22363798884499 17.42239537813291 0 0
17.54674597516982 18.16709709172249 0 0
18.2734581135687 18.94828240478343 0 0
19.54823638922739 21.06471424742761 0 0
21.2057123894995 21.36238887749986 0 0
21.68494196077737 21.7305780848877 0 0
21.95952356148203 23.47927446331853 0 0
23.74397370417249 23.87154813828142 0 0
23.88398981559734 24.04848425544878 0 0
24.43697722039392 24.82032745460105 0 0
25.02422549568133 25.78651692348165 0 0
26.90023842567635 27.06167925200816 0 0
27.50962687715934 27.81369927891485 0 0
28.41410220092988 28.51241525471089 0 0
29.66006470250391 29.84412420620014 0 0
0
0
39
0.0336935037327919 0.1425140632259412 0 0
1.004628545010194 1.112899714677963 0 0
1.997950678704894 2.02140917743758 0 0
2.597501019351263 3.84768600703995 0 0
3.85626752587888 3.96781581634351 0 0
4.283143615373998 4.417449310614654 0 0
4.595378595540469 5.13708571096465 0 0
5.392555377976895 5.988810495945052 0 0
6.04541842219138 6.299471438930539 0 0
6.552252934503082 6.951707453576077 0 0
7.35580975818191 7.535208748973133 0 0
8.215187498852179 8.239760871264133 0 0
9.206727467892835 9.228893057767612 0 0
9.524253138755832 9.641481021813593 0 0
9.748153949283232 9.98958936381109 0 0
9.991313237760801 10.32365764227881 0 0
10.70362093474175 10.93414019838831 0 0
12.72102034074758 12.87084498798766 0 0
13.14626820125756 13.15123060012731 0 0
13.19725512277561 13.3634140685888 0 0
13.44188056138247 13.58664162350274 0 0
13.63751019483014 15.15337464468405 0 0
15.43631421723652 15.46214275387256 0 0
16.13848531781846 16.31871568650245 0 0
16.56273294577333 16.63723813428776 0 0
16.7593962866042 16.82183459310905 0 0
17.02339362915239 17.05390096797978 0 0
18.44885676600496 18.59324987012755 0 0
19.14245831719648 19.2768215540222 0 0
19.51370854085567 20.90364347577443 0 0
20.982835664234 21.17163539837581 0 0
21.49809633812433 21.71638890690453 0 0
22.07173989927102 22.2950632089233 0 0
22.99312929403851 23.12361705935873 0 0
23.26456635083817 23.971164985782 0 0
23.98938749823025 25.04289972552786 0 0
25.32039345208027 25.43190406379266 0 0
25.45671809479235 25.86732356837704 0 0
28.17585171518333 28.76609663972927 0 0
0
28
0.6970356733576301 0.5581869844286018 0 0
0.9843293537780876 0.9151499371772843 0 0
2.591816506993053 2.583770303810772 0 0
4.490141679783713 2.651176394662969 0 0
6.954093078881543 6.886098497053961 0 0
7.631874941998398 7.412077978950347 0 0
10.78194812733309 9.940062709784835 0 0
10.96407273953679 10.95386545167887 0 0
11.42089357747347 11.19226402528265 0 0
12.51073362557632 12.29567893390107 0 0
12.98414259578894 12.53596194694313 0 0
15.06516273535267 15.03966204057299 0 0
16.49673303095791 16.35445455669668 0 0
17.15109922826271 16.54648127775698 0 0
17.93200574691808 17.69371338912358 0 0
18.1351432972959 17.99325562747542 0 0
19.04152976946313 18.42327022546787 0 0
19.47625166350202 19.42211686469137 0 0
20.87980681009457 19.61776106430597 0 0
21.5433505925706 21.51157054037376 0 0
22.23216242528571 22.10060238370615 0 0
22.68035003848276 22.57697605447975 0 0
23.91828015156676 23.14638105439492 0 0
24.91575248057176 24.48107237179497 0 0
25.78471473304033 25.04307128998741 0 0
26.20620272439462 26.19838407279934 0 0
26.72056396098361 26.49634859745398 0 0
29.53520266639699 29.42942427127858 0 0
0
1
5.024898648262024 4.888250827789307 0 0
30
2.512423631795297 2.450519081066616 0 0
2.914855667117987 2.728912032456533 0 0
3.616337958387634 3.321358409256512 0 0
4.5293642167372 3.935169348907391 0 0
5.131125109903984 4.597193934379658 0 0
6.532037113236029 5.358063538807519 0 0
6.782603369918583 6.727738384225996 0 0
6.952153890487796 6.836191422806926 0 0
7.324597302808329 7.072440045961491 0 0
7.47746594821225 7.345775609328821 0 0
8.184876270428573 8.091578427228256 0 0
9.498472880728265 9.453753779682581 0 0
11.76766792123472 9.640216290907135 0 0
12.88529608151916 11.78909222056766 0 0
14.8421952854469 13.08725403166128 0 0
15.15377061408211 14.89748008158934 0 0
16.04172560518307 15.40443208057332 0 0
17.82039384865629 16.44451245359794 0 0
18.19495839821142 18.06825304904634 0 0
18.36163627292808 18.23488722374289 0 0
19.06275540775383 18.46610105540529 0 0
19.823410283784 19.24153910352227 0 0
21.49413459539595 19.91724716299566 0 0
21.77748394856411 21.52564389742228 0 0
21.8627189097575 21.83745017934081 0 0
22.62934063859087 21.92415183735775 0 0
24.35893187446821 22.70421108579423 0 0
25.83310873922774 25.63921690535635 0 0
28.32558269658253 27.87493698060789 0 0
28.77665271174642 28.35206791014448 0 0
0
