# Status file for ctqmc. Used to save all times t_s, t_e.
10
43
1.163647099282133 1.383802850203577 0 0
1.672900941256141 1.768728315142274 0 0
1.809243241298541 2.133798413776334 0 0
2.53075200521846 2.532737989693827 0 0
2.61408650779573 2.941472513525256 0 0
3.203769448431864 3.329602752431257 0 0
3.409514215882166 3.832881204169287 0 0
4.299795748356729 4.426400633501615 0 0
4.672029440807691 4.746442070941139 0 0
4.919636214168668 4.968247693072597 0 0
6.013114087410054 6.122866421051915 0 0
6.182466398813871 6.337078867776991 0 0
6.74084437512979 6.912390778007879 0 0
7.507793434642717 7.703540827218088 0 0
7.719101581566487 7.777411278180269 0 0
8.783001270993203 8.941281724824805 0 0
9.294644427855316 9.400717509652445 0 0
9.831853441071445 10.01086378484251 0 0
12.7209521527197 12.87110123513305 0 0
12.88780100670468 15.06910555432131 0 0
15.10442487341466 15.11746493529438 0 0
15.63123887243421 15.6926422901545 0 0
15.73343225840536 16.24843483022173 0 0
16.3697787040398 16.50931135775495 0 0
17.09175279513079 18.30298147392218 0 0
18.42586934084929 18.71070506418663 0 0
19.22719546080995 20.46548237028708 0 0
21.06316285048782 21.2937716594201 0 0
21.67804686130874 21.79044965550214 0 0
21.97280557308216 22.27307375315161 0 0
22.3235065027599 22.48226289554684 0 0
23.21828069207205 24.7735235700168 0 0
24.78819339936067 25.26785043230632 0 0
25.27632625112272 25.4391118082035 0 0
26.15593405787628 26.27507701335298 0 0
26.3179045798504 26.34082533008987 0 0
26.40548085609273 26.62122002940337 0 0
27.16148250158838 27.49196336686995 0 0
27.50859169477552 27.7553943096624 0 0
28.51563993574725 28.70488544303821 0 0
28.74637273456628 28.84551351760052 0 0
29.06673830301175 29.19025692572743 0 0
29.21516286747591 29.36238854273801 0 0
0
0
27
0.1477788202821344 0.3735221419041153 0 0
0.5978217211417135 1.102154473313988 0 0
1.294114180883865 1.579176085145652 0 0
1.915871986896799 2.456662346472717 0 0
2.688404726079549 3.552404901473682 0 0
3.809056359351196 3.95811861413009 0 0
4.127077712569957 5.267320740775731 0 0
6.443126610362484 6.493521776690173 0 0
7.031658637004976 7.390045149197399 0 0
7.625739009266159 7.684635324035217 0 0
8.05168049369032 8.528733612294618 0 0
8.717519764364351 8.745162402546324 0 0
9.246431037000658 9.310707483531656 0 0
11.06021453197971 12.1514228555586 0 0
12.18867200115559 14.24221042763849 0 0
14.46574190454198 18.03702350243694 0 0
18.1341105579781 18.32222617987193 0 0
18.35087902823759 18.73563217872722 0 0
18.79093771828703 25.04455346039984 0 0
25.04576659011571 25.26811785043051 0 0
25.27690080749803 25.96815493803922 0 0
26.47032635518197 26.70633108213738 0 0
27.68292974849751 27.8614862254972 0 0
28.29113990669262 28.61144751459238 0 0
28.90749272180283 29.04798235502394 0 0
29.38089467630356 29.56509100473097 0 0
29.65370105437229 29.89374912996156 0 0
0
21
0.2117993438525261 0.03435650797304035 0 0
5.555346835163542 5.252100881129431 0 0
8.916700812591074 8.887726306604218 0 0
10.23618656221986 9.903412942326069 0 0
12.97734963594019 12.60989162815328 0 0
14.7088984328024 13.92634218674358 0 0
16.01263921319302 15.85395969545136 0 0
16.20238998104743 16.14738553721027 0 0
18.9580487393617 16.24786886143649 0 0
19.66007187681462 19.20045855040354 0 0
19.80016616041939 19.67644228614128 0 0
20.73916789996529 20.28290011145267 0 0
21.41034015432001 21.02287325083945 0 0
21.86318961064234 21.83703029860882 0 0
22.56278906929844 22.17407691421258 0 0
24.18395812370287 22.93831323342401 0 0
25.27534780892602 24.87480874298985 0 0
27.65107544868878 27.60310607129497 0 0
27.7904755536487 27.69723702594506 0 0
28.81086915998405 27.94825627859777 0 0
29.09957154398912 28.88499585878162 0 0
0
0
32
0.04659413490082187 0.6439176502901907 0 0
1.274568822910605 1.470493781934969 0 0
1.533911046294856 1.632536141945275 0 0
3.322783597992627 3.326584888009331 0 0
3.958113627469267 4.009463920608865 0 0
4.124063420451366 4.16231281899823 0 0
4.898669272946413 4.951523080616774 0 0
5.032630535149928 5.230146238630899 0 0
5.353424696074789 5.644016771240382 0 0
5.722852939791031 7.180530720901126 0 0
7.202428615693935 7.88032086422731 0 0
7.890967602825436 11.26380909552214 0 0
12.38899717279029 12.52952590285569 0 0
13.44061133239618 13.57433726466509 0 0
14.75142902668549 14.85135421675036 0 0
15.13681883967619 15.36199460035323 0 0
15.57812639927673 15.67941509073266 0 0
16.77361568922013 16.8408779348534 0 0
17.35518375068524 17.86671512210684 0 0
18.83750016037329 18.84013679133987 0 0
18.94282782049402 18.97770455343897 0 0
19.76362782296344 20.03488509492734 0 0
20.44613589099312 20.56936863603672 0 0
21.22470103351831 21.34696021438247 0 0
22.5812696023716 22.87032369256324 0 0
22.94938028625108 23.0374925315158 0 0
23.39699747754446 23.45145324055279 0 0
23.80124048935127 23.90659750569218 0 0
26.03779768081734 26.18533313589805 0 0
26.74981630400888 27.455088248022 0 0
27.72773726267143 28.78384944597756 0 0
29.82088330446391 29.86457434816353 0 0
0
