# Status file for ctqmc. Used to save all times t_s, t_e.
10
24
1.664931888724162 0.5735028319432018 0 0
4.273048007224165 1.805173007206243 0 0
5.487138532197877 4.301176001013235 0 0
6.086633972199873 5.712807721615374 0 0
6.6104049324987 6.436802329168946 0 0
7.045334158881595 6.753874366048164 0 0
7.245327817599217 7.144722863635354 0 0
7.515759452291581 7.25751213340908 0 0
9.041601781797219 9.011616786928021 0 0
9.520725478561941 9.505313603040857 0 0
9.95578113715642 9.634521048368706 0 0
13.99232833103115 13.14649758557331 0 0
14.5165940384795 14.11017403942535 0 0
17.81725418308387 16.6844348204664 0 0
19.64269370328724 19.23869632954585 0 0
22.85171791045791 21.33406529270798 0 0
23.71401291748784 22.92776084540408 0 0
23.95506452723121 23.91913499347811 0 0
24.46916889037188 24.2076429912609 0 0
25.77136858204852 25.71585755652908 0 0
26.42828880643467 26.38909662693222 0 0
28.17109028909016 28.07972853363249 0 0
29.55351166798865 29.04490092923857 0 0
29.62277173900257 29.61904795626339 0 0
0
0
31
1.053646932245941 0.9982228089032317 0 0
1.258365026725743 1.084026072435561 0 0
2.017006652804387 1.461238629470958 0 0
5.361007386220242 5.305785735298509 0 0
5.957094278208372 5.628288322813926 0 0
6.203590881854373 6.145042084430367 0 0
6.629765744420687 6.341149582388799 0 0
7.754455588851923 6.999526806816871 0 0
8.650665464720539 7.755129799181935 0 0
9.452352336144337 8.753684586469632 0 0
10.12229015817229 9.555404925788711 0 0
11.17851937696526 10.37401013304943 0 0
13.8492245737518 12.62557054968669 0 0
17.30030007913783 17.21678468265283 0 0
17.97268345999586 17.89751830430674 0 0
18.55872007517844 18.00152436744466 0 0
18.75532558154692 18.71266702347213 0 0
19.6575679687893 19.16364425219435 0 0
20.01229554470007 19.8602326141666 0 0
20.47941277647088 20.2637134549939 0 0
21.30242996135108 20.49847697505965 0 0
22.5583717537185 21.50058587667967 0 0
22.89862543728864 22.57571151889963 0 0
24.67363861660325 24.13864013858838 0 0
24.72202310282112 24.71462782706832 0 0
25.00444607979432 24.74347080417475 0 0
25.60927098265377 25.56506284490222 0 0
27.07027333924559 26.042393662315 0 0
28.07579910355245 27.13885779029123 0 0
29.16981727039346 28.82694192752205 0 0
29.98307641955002 29.45140014795398 0 0
0
42
0.6165037581574837 0.8439619098352849 0 0
0.964252944257986 0.966725298423767 0 0
1.558600637946738 2.015792493528979 0 0
2.076704464473479 2.461437952759438 0 0
3.116200660311574 3.175042074075639 0 0
3.931363136596529 5.311856017119714 0 0
5.836006661928967 6.092012424246729 0 0
6.397500503381984 6.691571460665251 0 0
6.779383371689814 6.820353652130605 0 0
7.756726022425213 8.177833804331774 0 0
9.24502304203757 9.268992250103066 0 0
9.814973022399954 10.0489978969928 0 0
10.42249624147606 10.57899712731504 0 0
10.63848201702686 11.01168635942225 0 0
11.96952974208003 12.15348071971861 0 0
12.66948373950865 12.7452607710696 0 0
13.1369666745381 13.2982073866976 0 0
13.35211899806239 14.02159489157017 0 0
14.19369833225577 14.21816414949102 0 0
15.93843930914822 15.95333831853157 0 0
16.12838302380109 16.28725905417298 0 0
16.35118552039988 16.43098427844846 0 0
16.46077878976438 16.55587281267085 0 0
16.77223389404875 16.85763929460715 0 0
17.02536431488289 17.10893566576923 0 0
17.16149451211905 17.16288377107544 0 0
17.47163891954226 17.79965718104334 0 0
18.4658086341999 18.500219505808 0 0
19.31815769134505 19.61372701768098 0 0
19.98200012545954 20.05045989302291 0 0
20.27727976721801 20.27765895960716 0 0
20.31287844968346 20.37599945156428 0 0
21.43433428120705 21.98767398349787 0 0
22.21772837013574 23.01375124425157 0 0
23.0837410435302 23.33416553329956 0 0
23.3797270188285 24.47628944602383 0 0
24.90477465431967 24.91997538699707 0 0
25.38344488414383 25.39589584777094 0 0
25.40932537989217 25.4263820195641 0 0
25.77708170722308 25.9765901000791 0 0
29.42239530487021 29.4314661408296 0 0
29.77188005334162 29.78880115979708 0 0
0
0
37
0.5170405722042577 0.003690677605217019 0 0
1.501281753181644 1.354550862350201 0 0
1.827941934767723 1.628549590084318 0 0
2.096291432260224 2.028966386206273 0 0
2.805020234691111 2.201666866076605 0 0
3.764309383387119 3.691487557236319 0 0
4.690428516533165 4.07859359183667 0 0
4.846543712306804 4.798482151971507 0 0
5.213476764856455 4.987488661590809 0 0
5.705856394362671 5.329504981527012 0 0
5.996479518407122 5.973545448662956 0 0
6.252501973739819 6.038303753003732 0 0
6.32554687361282 6.288819220966419 0 0
6.992633234958046 6.698279576971005 0 0
10.61388459588109 10.58532449116761 0 0
12.2188837939859 11.18892642030552 0 0
12.841261390835 12.44454353868929 0 0
13.88308479506347 13.65965825396879 0 0
14.26582760431286 13.97642955275953 0 0
15.51424625861402 14.37411935908313 0 0
16.50310168539597 15.59163782610623 0 0
17.10550146702455 16.53057813576029 0 0
18.12420548672383 17.60489270017984 0 0
18.3159639221226 18.30776855026665 0 0
18.39010159927254 18.34292311359617 0 0
19.04262447377402 18.55710511921882 0 0
20.12887317016542 19.85277229973374 0 0
20.47970898945187 20.19041772676572 0 0
20.70500974304106 20.62447709609906 0 0
22.13687144251104 21.97443310122576 0 0
25.74462216991127 22.46282465011631 0 0
27.61832452828466 27.60850387469944 0 0
27.90755838026385 27.76134624889559 0 0
28.40812748513293 28.2758913498382 0 0
28.73125590658242 28.42285697188199 0 0
29.26212566525778 29.15511882061793 0 0
29.82853626687019 29.77176048733709 0 0
0
