# Status file for ctqmc. Used to save all times t_s, t_e.
10
29
0.8466633358642568 1.720438720195312 0 0
1.833918050917962 2.002215532285525 0 0
2.197945483144779 2.419032611274711 0 0
2.799327385592827 3.24020177358961 0 0
4.092054016828608 4.504115918875879 0 0
4.71172474415199 6.577160530856538 0 0
7.091773729069669 7.152145738791113 0 0
7.769184389317449 8.081565525181897 0 0
8.122151568226554 8.380101983382881 0 0
9.014291030373352 13.15951745888025 0 0
13.16397018582285 13.18361583538716 0 0
13.55029400583662 15.47330389799937 0 0
15.54398640582232 15.67499393395525 0 0
16.05491871246127 16.55927069654052 0 0
17.01923250756354 18.39458795587898 0 0
18.76577788965055 19.14382901069756 0 0
19.23139709652616 19.32791241126202 0 0
19.66466126875866 20.25551595998482 0 0
21.62319005806923 22.38955262598204 0 0
22.47215122371941 22.56727107163837 0 0
22.62590598375751 22.64960454482072 0 0
22.99665201484865 23.15362031870041 0 0
23.41057036029931 23.59204855211254 0 0
23.89671535383129 24.52432336534414 0 0
24.67749188179734 25.41118933934684 0 0
25.94244600244279 25.97091111219769 0 0
26.14463011894771 26.62837684264969 0 0
27.57590492024408 27.57757900740151 0 0
28.74265594689975 28.81993657011672 0 0
0
0
28
1.656783628402469 0.9517844475612502 0 0
5.040559185211536 4.776803935113786 0 0
7.394425471326707 7.297138039972167 0 0
7.681807728937374 7.476983543872316 0 0
8.03902119774768 8.015955844581317 0 0
8.658186805620426 8.29235487145796 0 0
10.29995839982661 8.85880846765628 0 0
11.37260621604414 10.55657554637987 0 0
12.33216757251007 11.53104697470543 0 0
12.59836810053734 12.57639353176252 0 0
13.65529783240932 13.16422472758122 0 0
15.51338874276367 14.089434203619 0 0
16.0914010488435 15.95306855563179 0 0
16.20740702449408 16.09683518240556 0 0
17.97847137695898 16.24564977069647 0 0
18.22657289237084 18.18981362723211 0 0
19.60743274284633 18.33015044615949 0 0
21.0269857141212 20.74174967783564 0 0
21.21520078354995 21.06631949724701 0 0
21.42176543413925 21.23708111382952 0 0
21.79192603400293 21.431348580843 0 0
22.38795990590585 21.89474443978931 0 0
22.97685371665508 22.4931315391736 0 0
23.84153928365457 23.01017796220137 0 0
25.56220632060224 23.85497357400351 0 0
26.06340151651756 25.97853320444116 0 0
26.49750980918648 26.10142097967922 0 0
27.71364530778977 27.0536776629446 0 0
1
10.50057828426361 10.39766192436218 0 0
38
0.03785897678381049 0.0288359039983952 0 0
1.351130920946594 0.7948134028609116 0 0
1.599435602082924 1.502893149312873 0 0
2.862239672854486 1.608427699703236 0 0
3.53963192959353 3.004037774076257 0 0
3.623238459968666 3.606309262337795 0 0
3.992119606048467 3.686070715039188 0 0
4.042852507083564 4.024550519428189 0 0
5.436309324974852 4.12509985032889 0 0
6.298142650087687 5.790560089506339 0 0
7.018731803164736 6.64687283603506 0 0
8.301774329788456 7.115714348018371 0 0
9.385721453775227 8.40092641290461 0 0
9.807668725097066 9.663800480471096 0 0
10.1001554042586 10.06034648353153 0 0
10.6184438519284 10.22346455455907 0 0
11.19336602800152 10.89938999960782 0 0
13.60790368887316 12.23963730900924 0 0
14.83018425052428 13.82006132114923 0 0
15.27302726833322 14.95371703322205 0 0
16.3409114433759 15.30715482137888 0 0
18.4686005943109 16.52617696138554 0 0
18.91201577388656 18.55902400009285 0 0
20.01735323323232 19.10126961790757 0 0
20.26575064158711 20.13192389854295 0 0
20.75943546873012 20.29141766866506 0 0
22.07602515412792 21.78823961465421 0 0
22.92863567129992 22.33862583948404 0 0
23.49175388004978 22.98594843957889 0 0
23.6088113330216 23.52180285737781 0 0
23.79175040491839 23.77775328104775 0 0
24.76668724136987 24.00336192150344 0 0
26.18449239473741 24.83361710319059 0 0
26.81960419546041 26.44340580988554 0 0
27.53374045458002 26.88913530853953 0 0
27.63111994101334 27.54350801765112 0 0
28.22933668343146 28.12626295581267 0 0
28.87597572687953 28.40974989790409 0 0
1
5.761860609054565 5.737298727035522 0 0
0
27
0.7232042520346798 0.7500649631830379 0 0
0.804571549722304 1.412522414919799 0 0
2.477626649806237 2.722286623225393 0 0
2.727106201136475 2.839101847646451 0 0
3.594055282890905 3.60829621799809 0 0
3.65375557816913 3.7327975624812 0 0
4.3096247188749 4.435810864562884 0 0
4.568272925538698 5.256891955231715 0 0
5.573296548793429 5.596017539824566 0 0
6.734814905316248 6.98382979635319 0 0
7.24401805158889 7.965604984624624 0 0
8.257351852499101 8.87539566063859 0 0
8.932992763870841 9.608290987436281 0 0
9.970703456089085 10.29777407823768 0 0
10.7744726987326 10.92412497193768 0 0
10.92472811801629 11.34826401849527 0 0
12.35759314621842 12.44631855422691 0 0
12.54627730088607 13.05097373083778 0 0
13.11699248161751 13.8429012670225 0 0
14.07957465029331 15.30179562600271 0 0
15.41043276026794 19.84829325167994 0 0
20.05283668145525 20.17736521763783 0 0
20.18423909327612 20.24460156360885 0 0
20.31968487923868 20.32688101446894 0 0
21.91544447439475 27.85031830758184 0 0
28.63596279894306 28.90067888450066 0 0
29.75652904557938 29.76617755811622 0 0
0
