# Status file for ctqmc. Used to save all times t_s, t_e.
10
33
0.1157407295343695 0.1837446393812634 0 0
0.5327503391092823 2.234240008806063 0 0
2.432877731453605 2.70259264121649 0 0
2.841511610648979 3.975741872300532 0 0
4.2802291391114 4.666735882904923 0 0
4.947670365102273 5.37081767540105 0 0
5.817787856468231 6.304022869127174 0 0
6.496631759745776 7.529847339275223 0 0
7.578431353953761 8.685357826900752 0 0
8.84115312121545 9.062697947564738 0 0
9.307349599724553 11.39393160723878 0 0
11.68815778860521 11.84964887515342 0 0
11.95249936477252 12.68924957977628 0 0
12.73948116467715 12.75419546592054 0 0
13.24277591019358 13.86280497373266 0 0
14.06651660716475 14.5994364008912 0 0
15.84576914866842 15.92758279670985 0 0
15.97850696800876 17.07619979141462 0 0
17.08805260447411 17.17116310023756 0 0
17.22967001171269 18.97229409637012 0 0
18.99796981146565 19.04383196143109 0 0
19.1004887687643 19.36592289156218 0 0
19.41957544559488 19.6002816817661 0 0
19.62372468608619 19.65095478514194 0 0
20.04943210270146 20.24757524844394 0 0
21.84701014204303 22.17986386754595 0 0
22.53798120927223 22.67468302600656 0 0
22.86965153552967 23.95255408025831 0 0
24.3364543621428 24.8652399026437 0 0
25.54565628102883 25.68625134787677 0 0
25.95231954578689 26.69214769817371 0 0
28.1607288457546 28.18061092404128 0 0
28.76292027120777 28.79004007761029 0 0
0
0
21
2.352527573025332 0.1820179328946415 0 0
3.347909652822168 2.640801892262597 0 0
5.377366706727704 5.304787736460775 0 0
6.041772572935502 5.895774482266187 0 0
6.957637345650704 6.919167379617685 0 0
8.830317707667309 8.694294043819209 0 0
11.26121892838248 11.17896608377888 0 0
13.00524925293248 12.86463150827442 0 0
13.54533154628606 13.04816251464345 0 0
14.95611834408657 14.94392683100948 0 0
15.62632162216065 15.35611699801392 0 0
15.96966321765856 15.95290477517698 0 0
17.99406848041291 17.15064777587751 0 0
18.70735053729572 18.24060990697585 0 0
19.31954139274335 18.97070095108189 0 0
22.23579036944874 21.58080400676716 0 0
22.81485721760711 22.30267157930558 0 0
27.50362666450651 25.53291999287645 0 0
28.02780618159573 27.98069789130525 0 0
28.9021412911719 28.59423755889671 0 0
29.18098265226053 28.94956462312317 0 0
0
37
1.401082419489432 1.00758353139314 0 0
1.621803790929502 1.530447776405587 0 0
2.680097938293127 2.603707521281887 0 0
3.149992193756583 2.725468968311887 0 0
3.673458370161224 3.310429418792544 0 0
3.957514049405396 3.744287489400422 0 0
4.457119887236552 4.241069337713486 0 0
4.710623147165867 4.460479489314325 0 0
5.321942499073175 5.03129978939853 0 0
5.473184212989159 5.369845412554779 0 0
6.256146576653063 5.682950506426971 0 0
6.791608452503164 6.407737888077072 0 0
7.566122007915723 7.043507261099115 0 0
8.191542994004104 7.617893353464225 0 0
8.559257086121344 8.419363887317573 0 0
9.092288902359151 8.833240667170449 0 0
9.188111085902708 9.187475270465393 0 0
9.376817386012284 9.203759463915596 0 0
11.37809798301837 9.940421795199622 0 0
12.04833426116598 11.74790473081358 0 0
12.41890290664808 12.21851014873957 0 0
12.95808955701286 12.46983060506282 0 0
15.22490201821884 13.86847299431942 0 0
16.40713325732402 15.60781226801389 0 0
17.98671644527308 16.74824334107617 0 0
18.9896137772073 18.02237341814454 0 0
20.3457060806585 19.3792912093287 0 0
21.57275880226928 21.18345798588381 0 0
21.82398833716945 21.57530850748031 0 0
22.27229305416794 21.91224497394277 0 0
22.63337066724564 22.54439063028415 0 0
23.37095448850888 23.04501216095738 0 0
23.9766482267657 23.37745095200091 0 0
24.77299585088191 24.38078033243338 0 0
26.13630414822102 25.77751459745959 0 0
26.22540496247647 26.16547986930856 0 0
27.09968408060219 26.83904532479927 0 0
0
0
31
0.9703902659632648 0.9155828099472778 0 0
2.062137925247272 1.369289456725171 0 0
2.39013257625604 2.146797674155005 0 0
4.623070469282205 2.922419545897518 0 0
5.002434539601877 4.847731905071479 0 0
5.448217228586639 5.030929039270767 0 0
5.601561214008676 5.537984216889853 0 0
7.120810079948944 6.057455540172777 0 0
7.666529958164706 7.195601826629405 0 0
8.526182725134458 7.792867858078881 0 0
8.583022352875011 8.535534890886174 0 0
9.693050529905426 8.632385258972253 0 0
10.70799239614387 9.871768614923171 0 0
11.59345264386255 10.88911116107581 0 0
12.69319669383658 11.69359517711055 0 0
13.07457302142501 12.76076067866265 0 0
13.33289804739673 13.08111408720869 0 0
13.84232038966296 13.37428910170939 0 0
14.29777977799383 14.11531130066981 0 0
15.28551890079039 14.34807740287112 0 0
15.7913820318228 15.78767206328456 0 0
16.41012918602202 15.80501531622807 0 0
16.99745353008922 16.65733821944935 0 0
17.51353068558863 17.06569394756823 0 0
20.01850980560914 17.63210057187784 0 0
21.01789081342895 20.20849257823622 0 0
21.26407637449555 21.18535350007975 0 0
21.4428414738864 21.40469027907752 0 0
24.50464952598412 22.91557518461694 0 0
27.11911066166392 26.0348291471811 0 0
29.77849926454711 27.37382883560819 0 0
0
