# Status file for ctqmc. Used to save all times t_s, t_e.
10
28
2.909777398813665 2.894399564387662 0 0
3.500835372333299 3.384408997876271 0 0
6.118811358659721 5.576522051292645 0 0
6.50446939266412 6.274192926547831 0 0
6.820645825670086 6.6593951385954 0 0
7.112533969907828 6.893417278061126 0 0
7.358125006583366 7.181320942272587 0 0
8.333973467130013 7.535127197989953 0 0
8.75957457193557 8.648645421899014 0 0
8.910269202003374 8.83310836113025 0 0
10.96202484589446 10.01443159386172 0 0
11.68973483117257 11.02196120432956 0 0
12.21534988632544 11.85480601418256 0 0
15.28096668660822 14.25860740507566 0 0
15.64514554150858 15.60452366967656 0 0
16.16186356988208 16.07435827926233 0 0
16.23304257486872 16.17504940981416 0 0
16.79748620880826 16.73730534380132 0 0
17.27347369985031 17.05207981052869 0 0
19.77742796619714 19.6188364407359 0 0
20.23992474372228 20.23072985283459 0 0
20.60583549628718 20.53622650982269 0 0
21.7647986406088 21.06412297434978 0 0
22.15261426386083 21.94904014210454 0 0
23.86157924625551 23.02794374456189 0 0
25.01369672326271 23.93832304190182 0 0
28.41543972333526 27.57162355235832 0 0
29.14226173800513 28.49255664779817 0 0
0
1
8.460617065429688 7.442856431007385 0 0
41
0.1339752780102579 0.1546973116014256 0 0
0.7602928660396355 1.26723695576869 0 0
1.596631792250563 2.384760770200366 0 0
2.576789179560026 4.665471899625554 0 0
5.186328958867205 5.41225146630193 0 0
5.463060541938456 5.537458110422571 0 0
6.579994069122089 6.950466236357215 0 0
7.03457409730404 7.126605672508494 0 0
7.811194601774573 8.064729216055674 0 0
8.895296410582899 8.920033101084721 0 0
9.843724956117951 9.881295012924138 0 0
9.941119400324164 9.957491486401016 0 0
10.65582528809315 10.68617739743427 0 0
11.06331346660973 11.13318054516793 0 0
11.45461403067258 11.4590207263369 0 0
11.55154248343351 11.55856805573122 0 0
11.99716305862169 12.4457410042064 0 0
12.85843410667134 13.22149342899868 0 0
13.46115624094107 13.57450489579108 0 0
14.44849992670234 14.57054140373951 0 0
15.08263486829159 15.20865207685525 0 0
15.85358948047523 16.12400894371807 0 0
16.24043433012832 16.37901468474982 0 0
16.47636136862909 16.63068208752083 0 0
16.77663296210414 16.78654696025318 0 0
16.82012778828489 18.2123502918639 0 0
18.28988368295975 19.19419980744012 0 0
19.22568905834866 19.45848477194313 0 0
19.7362791142985 19.96119115532175 0 0
20.62658399886487 21.69846441690342 0 0
22.60064315818597 22.70427376617425 0 0
23.77929011060686 23.99501957381203 0 0
24.20026404729444 24.21844105536095 0 0
24.43511179482022 24.69870308165809 0 0
25.21360824882782 25.26205066495035 0 0
25.28187228020719 25.60469229634447 0 0
26.0040851502431 26.11049474741785 0 0
27.35503805899291 27.4018279574342 0 0
27.69699567703977 29.04671041634149 0 0
29.48010565577344 29.83942654592433 0 0
29.84728126787157 29.91034822146677 0 0
0
36
0.2886562226759573 0.05742711775812381 0 0
4.54133103641478 0.668090276625706 0 0
5.566246296318845 4.622676834317973 0 0
6.156539343518434 5.707498298594587 0 0
6.437475529360965 6.328766346767528 0 0
6.958028744943615 6.599480579131288 0 0
8.036656280370782 6.990233246244124 0 0
8.753389538783683 8.399029582313986 0 0
9.998829220652016 9.901559060354147 0 0
10.14095642347318 10.0795052942324 0 0
10.85013532455117 10.73815840779556 0 0
11.61681959442205 11.58553172393254 0 0
12.00377487655463 11.70492529145146 0 0
12.11809057106318 12.03777759270277 0 0
13.25688710547357 12.13642496851003 0 0
15.2784489897769 15.17418923898762 0 0
16.76497324486192 15.5827317029362 0 0
17.35518937863466 16.81190322329124 0 0
17.42134009088835 17.39898182362305 0 0
18.74022120419395 17.43831301261235 0 0
19.20479372814962 18.83840233235481 0 0
19.4041627888138 19.28285889803831 0 0
20.17045149440098 19.41938430012614 0 0
21.72964864182604 20.58996165945595 0 0
21.90681739819786 21.76675616001531 0 0
22.70760679550247 21.97735951882595 0 0
24.03808700980738 23.48417579519043 0 0
24.51287033040652 24.20655617989927 0 0
24.79046365220128 24.66602657160593 0 0
25.52212623009961 24.83469072294942 0 0
26.01951052290926 25.62004889521977 0 0
26.43976102319762 26.09568302650699 0 0
27.75814339828976 26.54225890240759 0 0
28.78641719056581 28.32403000921541 0 0
29.08117312456073 29.06523875484197 0 0
29.96115426588053 29.55520834781333 0 0
0
0
27
1.133060454741559 0.5172774011076011 0 0
2.132093103923125 1.797964720414734 0 0
3.168752819897609 2.163292853520811 0 0
3.789819300334484 3.618056588564241 0 0
5.492735456949074 5.246078294058647 0 0
8.942437485743325 8.820478188843738 0 0
9.112657432185335 9.108963804503858 0 0
9.238491827367644 9.20348290708368 0 0
9.407896805778119 9.284628786884353 0 0
11.81301906054013 11.3578462090662 0 0
13.16982330306817 12.96103978656418 0 0
14.21611605665245 13.20226746073051 0 0
15.02881888704528 14.8865717271081 0 0
15.1186143554315 15.09527659200731 0 0
16.12770399940902 16.12289854578816 0 0
17.18835810410667 17.11517929935139 0 0
19.12916829855528 17.9929851595976 0 0
19.68453348991751 19.2914257636683 0 0
21.62677605602967 21.13625184019379 0 0
24.84606958233187 24.83409932622579 0 0
27.58195590009613 27.23640105787064 0 0
28.27720379398184 27.64444113496097 0 0
28.29770848148793 28.29243691946753 0 0
29.10513695826934 28.53720917266062 0 0
29.35627202726646 29.20780612890063 0 0
29.439891176593 29.43222604737124 0 0
29.95569269811406 29.59642178981548 0 0
0
