# Status file for ctqmc. Used to save all times t_s, t_e.
10
44
0.2147522472452117 0.8095969706229736 0 0
1.389870200911525 1.955272811337469 0 0
2.73673803721466 2.872234548799855 0 0
4.608649847674428 4.667851662849344 0 0
4.757216428371141 5.043413762548687 0 0
5.294015838645862 6.438506649599252 0 0
6.709588222241361 6.711778479303382 0 0
6.757049063866466 6.912139300072549 0 0
7.009247932368978 7.105167163846284 0 0
7.281112978061408 7.683641818676456 0 0
7.722608310096957 7.762720169935406 0 0
8.285149703781505 8.574070376696033 0 0
8.831572586646871 8.865605459981701 0 0
8.994731926366242 9.118364057212935 0 0
9.967805165409306 10.48809063845677 0 0
10.84539085909051 11.60998668298949 0 0
11.63222925830647 11.79445961212249 0 0
11.82832367731947 12.69742263104794 0 0
12.92853925496834 13.79220497970481 0 0
13.90004558971525 14.17470296126224 0 0
14.30760524306934 14.38677329897843 0 0
17.03471846811096 17.08439670107634 0 0
17.23335461176933 17.43436122860537 0 0
17.9142857231473 17.91842032633257 0 0
18.04806671134094 18.22530652596789 0 0
18.366375574405 18.50569321991895 0 0
18.66937648538635 19.25441802584469 0 0
19.31994571662744 19.91432459164016 0 0
19.9490705667313 20.11179493296619 0 0
20.16000034815859 20.22600534643252 0 0
20.5927340727733 20.70147588579312 0 0
20.74649829951533 22.56313698119974 0 0
22.88990144624989 23.08458184456199 0 0
23.56868195446733 23.93431553288535 0 0
24.20681254306151 24.49121588275624 0 0
24.59529213904383 24.60015204235001 0 0
24.81431410745157 24.99370572663414 0 0
25.56561835672278 25.58652959374064 0 0
25.83568392627748 27.07517628952601 0 0
27.20814921391629 27.34785143883107 0 0
28.04724783545659 28.12814428506685 0 0
28.44000147728481 28.44579635897588 0 0
28.61078641052367 28.64246192904435 0 0
29.18834307349006 29.56243857315943 0 0
0
1
19.12860631942749 19.08165693283081 0 0
30
1.320925371472391 1.119603180060889 0 0
2.206986099456087 1.405794399188746 0 0
2.67949488310456 2.355523284389587 0 0
4.380477437395238 3.133055183032619 0 0
4.7493017796338 4.740076300415977 0 0
5.090525274997367 4.889767642971362 0 0
5.940432284956026 5.819842145851138 0 0
6.458482588889829 6.215843718178739 0 0
7.814683744304895 6.760357392824991 0 0
8.95112981411221 8.01199707510802 0 0
9.68696478645667 9.019620463687611 0 0
9.796787449136151 9.763845442413949 0 0
10.80109288027308 10.60393550935001 0 0
10.97117540537118 10.93172037497758 0 0
11.76940984149522 11.09982331817703 0 0
13.42670290840493 11.83689313655335 0 0
15.4201785209011 14.360120061675 0 0
16.26100947941406 15.6658547495867 0 0
17.36986215770859 16.82178683251602 0 0
19.80061471080501 19.65976219285621 0 0
20.60255542333078 19.97471963543688 0 0
21.23582271593844 20.61393084021767 0 0
22.03710155823943 21.78581724846093 0 0
24.50756833277293 22.32583239412851 0 0
24.78430156415406 24.69235442485789 0 0
26.00005533246628 25.56006454052803 0 0
26.60823363348436 26.59259447513034 0 0
26.93072632623199 26.62004218536565 0 0
27.5483500287011 27.24454424094584 0 0
28.75406074791093 28.49107976150255 0 0
0
28
1.033655932835549 1.293640188049287 0 0
1.349058670190165 2.371769885852864 0 0
2.47667723256022 2.623029224286518 0 0
2.697432773099421 4.214451437907264 0 0
4.550919670222867 4.608624882319864 0 0
6.61119712677869 6.956091073843471 0 0
7.217000982870037 7.341311827731588 0 0
7.649447338844026 9.01185837744694 0 0
9.086748361266109 9.221673280211016 0 0
9.397620274344133 9.689426630087066 0 0
9.694312781220459 9.893347386476847 0 0
10.00891549345161 10.84962336532299 0 0
12.46521736522948 13.01694667538391 0 0
14.11722943583291 16.32952275799771 0 0
17.05895266500311 17.37307176426939 0 0
17.63868294310313 18.03627415356054 0 0
19.91612024922116 20.61469587329928 0 0
20.67673662656362 20.83608419606606 0 0
20.85668570807684 20.93665058860613 0 0
22.42126998304109 24.33156477739493 0 0
27.14511924593243 27.2893915229052 0 0
27.71586484302634 27.74765135133937 0 0
28.42912722570177 28.43508073999525 0 0
28.52360140929956 28.56653229619718 0 0
28.96926703626113 29.00720074630529 0 0
29.01627204233999 29.44778082096062 0 0
29.68981661825618 29.75916911924208 0 0
29.85998629327787 29.94157205734765 0 0
0
0
31
1.092890371100154 1.126546181385251 0 0
1.16560160377411 3.297424295607231 0 0
3.445372613451736 3.543663069774208 0 0
4.41472073870355 4.446588868132523 0 0
5.068080800843142 5.429818811325663 0 0
5.914209016509892 5.991071545207655 0 0
6.037838426979409 6.07772762962305 0 0
6.498297425628437 6.643181937230107 0 0
6.746820774990033 7.16679622728726 0 0
7.291436689587294 7.390409216350683 0 0
7.587567737991171 7.759589361680721 0 0
9.033825515569683 9.745694332311627 0 0
10.12927547789028 10.15230258199018 0 0
11.13899754137469 11.3216614269169 0 0
11.58305795591422 12.41613283124899 0 0
14.49351557583765 14.71433254503306 0 0
14.76194633611351 17.34415379110289 0 0
19.11354743227723 19.62301911919633 0 0
19.72197547782702 20.10368745186954 0 0
20.14116222234115 20.30980028042721 0 0
21.02781751090848 21.05325074929761 0 0
21.08343667769052 21.52169797396566 0 0
21.63423492991354 24.99036554993461 0 0
25.33938837729812 25.37632683107182 0 0
25.90568509075296 26.3425202610128 0 0
26.37288286019898 26.41056533990722 0 0
26.53274091734815 26.87681298642154 0 0
27.08129822457543 28.27397167968801 0 0
28.94567116631918 29.00526720556711 0 0
29.04584817851097 29.41627116244326 0 0
29.51961053329436 29.76120723773906 0 0
0
