# Status file for ctqmc. Used to save all times t_s, t_e.
10
42
0.1261204719841587 0.1592971006589394 0 0
0.4869111660986267 0.6579088033037206 0 0
0.6619828459090774 0.8593581213636059 0 0
1.1536827647247 1.372465859064405 0 0
1.481901345556203 1.499786802795084 0 0
1.62032593499857 1.787347826549001 0 0
1.932540255711283 2.071260490109467 0 0
2.143490504640508 2.37073213362256 0 0
3.665536395094851 3.942341281770435 0 0
3.979071067454372 4.252058498604823 0 0
4.945838572639246 5.804308513685259 0 0
6.40456235292637 7.342964007594018 0 0
7.574399462375191 7.588001053596652 0 0
8.913788773417743 9.556922563258095 0 0
9.563712092886512 10.19950833238993 0 0
10.35848498687883 10.61406571056756 0 0
10.74517371883052 10.80582655449024 0 0
10.91233900820901 10.99576346045777 0 0
11.83105910182145 11.89003850916218 0 0
11.90935344712027 12.30734046663737 0 0
12.80881306466598 12.83171096621707 0 0
13.69554714332504 14.40577724546214 0 0
14.43017724263905 14.51411940908983 0 0
14.87694315905225 15.42295739694539 0 0
15.70443656771946 15.75996006354593 0 0
15.85134184009825 17.00807722705347 0 0
17.01073515722602 17.2007732344114 0 0
17.85695669481832 17.92115236985369 0 0
18.32429675138213 18.36634190948993 0 0
18.70044555457858 18.70732320938349 0 0
20.280420699731 20.42404959624972 0 0
20.7331956599132 21.17043595733479 0 0
21.32377231753965 21.86325005129508 0 0
22.00017719649325 22.18465704900253 0 0
22.38512517987818 22.92440946188643 0 0
23.54884646143363 23.61932888180606 0 0
23.92216012609285 23.94871741737851 0 0
24.63775956643347 24.72988576504877 0 0
24.73767847175205 24.99422272143411 0 0
25.09513776271425 25.23518398365825 0 0
25.59594714217333 25.72095507497823 0 0
25.90816692199423 29.99633212956628 0 0
0
0
27
0.1057570614228567 0.08436440933586198 0 0
2.013513322436012 1.367548313826862 0 0
2.7314047236838 2.030589488163262 0 0
4.23752094566029 2.781832536745596 0 0
4.960216272391098 4.622861083248178 0 0
6.584700638355485 6.175987543879452 0 0
7.626551769781503 7.03472256969931 0 0
9.30972334573006 9.002632526065458 0 0
9.662160034886194 9.590850709877241 0 0
10.45456113376469 9.997428418289935 0 0
11.30648780905624 11.1959582026309 0 0
11.63244342163341 11.58669761746931 0 0
15.85046864952234 14.73875237427198 0 0
16.61496183790081 16.01443162180821 0 0
17.31652965614001 16.84542024727889 0 0
18.39793744397702 18.09344884553807 0 0
20.1336586989025 18.48078484569268 0 0
20.58945250309459 20.13571862179212 0 0
20.73571114458683 20.66149284267033 0 0
21.84767617226422 20.81448742738625 0 0
22.18327580241737 21.94692914411229 0 0
23.3069955140451 23.2870898127118 0 0
23.46681507248048 23.30722242181822 0 0
23.81799773678174 23.50063135950796 0 0
24.18453420845348 24.0431421619562 0 0
24.46584944353965 24.32984699462974 0 0
24.82372376779209 24.62021120115923 0 0
0
24
0.6233327959649095 0.1716176710193054 0 0
0.7697114829118519 0.695975519569824 0 0
1.409773379872324 1.009673379626558 0 0
3.037100012240901 2.909601818904258 0 0
4.309852541030324 3.575423774415706 0 0
4.660345601331635 4.605378445081669 0 0
5.62435912094824 5.114096828693674 0 0
6.881015189428322 5.649186616578223 0 0
8.482412934548609 8.435928164153788 0 0
9.487795355752397 9.254497231911492 0 0
9.615163768499221 9.600029620717116 0 0
10.64436060061598 10.05206110545358 0 0
11.22618896977361 11.20111428034875 0 0
12.45881957250633 11.41789990422877 0 0
12.74661995784113 12.47164361712696 0 0
13.11323923521521 13.00240110526664 0 0
13.48920026012848 13.43636852782218 0 0
13.64410371970076 13.50623145515576 0 0
14.15390680166372 13.64952238881149 0 0
15.9362531466006 15.67940374344082 0 0
17.13328799072714 15.955085732938 0 0
17.18420770122875 17.14512998553462 0 0
25.8305719728562 25.42071495683296 0 0
29.83736730525759 26.01136987570283 0 0
0
0
40
2.258204381650482 0.2552133892539672 0 0
2.729951953941562 2.3147603460658 0 0
3.134769168789677 2.912629453911015 0 0
3.557124936565701 3.442758085084971 0 0
3.801168836677445 3.65627478758368 0 0
4.476158801991129 4.028360852093128 0 0
4.786801800040132 4.734276905087432 0 0
5.705538963033689 4.801182319530414 0 0
5.831744475191528 5.825788880137585 0 0
6.015566643695482 5.873937617269862 0 0
8.594892029716622 6.693960083052574 0 0
9.027257166999474 8.602498227632829 0 0
9.800091700814672 9.271567848056119 0 0
10.15125085453248 10.08860662048515 0 0
11.17388773919709 10.60164636803081 0 0
11.26865352799969 11.17527632657005 0 0
11.85873789872905 11.66506066077581 0 0
12.46933835665403 12.0899329401626 0 0
12.90086489944311 12.50608793556514 0 0
13.86046429131944 13.19955949153417 0 0
14.14088515998902 13.88284645073268 0 0
14.73991995140669 14.16211171736351 0 0
16.99436700633616 14.91081992065445 0 0
18.12615632052457 17.4287040643464 0 0
20.15402685657683 19.97874485663773 0 0
21.89018284427888 20.44093794389537 0 0
22.71853240759474 22.05121444465894 0 0
23.00439431361761 22.72928431940243 0 0
23.75868823546754 23.39305656185232 0 0
24.1765998882746 23.93836015507957 0 0
25.30933712517413 24.81559003227087 0 0
25.46971977454595 25.39358178674796 0 0
25.70664264375575 25.64401192816428 0 0
26.74762303174196 25.83386636735495 0 0
27.56436545510985 26.85347165442812 0 0
29.07202421679881 27.78881349995387 0 0
29.17959806749907 29.11276716257549 0 0
29.39767257100229 29.2385766575516 0 0
29.56236899283956 29.41818431022651 0 0
29.65797577731861 29.61723509212652 0 0
0
