# Status file for ctqmc. Used to save all times t_s, t_e.
10
32
0.1598380827451303 0.5667255672194412 0 0
1.746283224630661 1.86505131678699 0 0
2.244451345032056 3.811695446467255 0 0
4.009378814704792 4.650661264299555 0 0
5.02622666989221 5.577768154035489 0 0
5.59294263938355 5.622402634572148 0 0
6.072226988276298 6.177763777084436 0 0
6.509363210522497 6.898262095876856 0 0
7.17463773932139 7.283949230039317 0 0
7.449901371761378 7.473824314204355 0 0
7.667672293899055 7.790650050929688 0 0
7.877143343970409 8.603131164346552 0 0
8.633051014379085 8.698326523736547 0 0
9.190113899633356 10.6720766012746 0 0
10.93661808682277 12.04986164795949 0 0
12.61177030911737 12.83989529258804 0 0
13.59627689654878 13.83147805910682 0 0
14.39857736558307 15.15037138659051 0 0
15.44443830604945 16.29515916386769 0 0
16.50087792056999 16.55984816267983 0 0
17.1871937957963 17.34915378424827 0 0
17.37313379150566 18.56316255567364 0 0
18.58803079213482 18.78578546031239 0 0
20.88148979656161 21.67253200214856 0 0
21.75088251024864 22.91558835188095 0 0
23.0617354438632 24.86172940352963 0 0
24.95662431262646 25.27950651634055 0 0
25.43157433286743 25.44558668258336 0 0
26.10535314485029 26.63134269523167 0 0
26.7203994304508 27.40361205968759 0 0
28.25589992091649 28.38348280796824 0 0
28.43992892429564 29.66613013705896 0 0
0
0
20
2.485954485607074 2.281503016687083 0 0
5.288896964346459 5.197694075527599 0 0
5.973819197228069 5.625163207055864 0 0
6.738177050465979 6.722412380258231 0 0
7.387561605288584 6.792027594866216 0 0
12.37807368952903 11.21302629866065 0 0
12.90086107542384 12.44520899704703 0 0
13.52923928798947 13.29817796397784 0 0
14.49338260761233 13.85850894360668 0 0
16.06943529016526 15.28470113969623 0 0
17.62323091185646 16.1850416021792 0 0
18.23871415419454 17.85441682685326 0 0
18.53643681526431 18.48463700943177 0 0
20.21543783658683 19.15218836910518 0 0
21.48789138516128 20.65496446878422 0 0
24.86516059233275 24.41544237845498 0 0
25.45752514201896 24.96499643790317 0 0
26.45709426259282 26.06151607930688 0 0
28.88493159626198 26.80694849331525 0 0
29.61789114753596 29.04743728356554 0 0
0
30
0.6017479404514603 0.7384371302811346 0 0
0.9652888284375749 1.111855149469166 0 0
1.321040931080814 1.514905808372515 0 0
1.845220843838906 2.583957301120307 0 0
3.024914776758756 3.105168210956418 0 0
3.747253442969516 6.995845228334781 0 0
7.091879666605137 7.814563836240482 0 0
8.513229951541408 8.907122333306408 0 0
9.193807650884455 9.26953615673165 0 0
9.292279197657642 9.294775018430554 0 0
10.0701809913258 10.18862621530113 0 0
11.62045633542142 11.6665162792261 0 0
11.83477215422101 12.88898947203678 0 0
14.00717193101866 14.58621617912195 0 0
14.64083395713987 14.69910594738121 0 0
15.07340708858192 15.45042010286359 0 0
15.55833617112234 16.01416272855716 0 0
16.07871574747379 16.10958937073271 0 0
16.23395667437365 17.64290848576299 0 0
19.31779738184404 19.68520065906484 0 0
20.31780574643922 20.44453851174059 0 0
21.02033609027462 21.32806042166471 0 0
21.45823235864908 21.56276090041304 0 0
22.11471846477669 22.17933017527957 0 0
24.07085877325028 24.2462223423935 0 0
24.69027065651472 24.81704682759918 0 0
24.8254519050929 25.36010126238416 0 0
25.48019180516235 25.70483927186573 0 0
26.55381446966518 26.65193033169541 0 0
27.26086116746187 28.53284520664862 0 0
0
0
27
0.7480637023530973 0.1434695536069725 0 0
4.6917747702561 0.9416711383412076 0 0
5.207174676979646 4.743507244306596 0 0
5.479796626190636 5.31697587225425 0 0
8.412776181012976 5.993598601186204 0 0
11.71201313042715 8.455958996473338 0 0
15.36152430412292 14.74311868975738 0 0
16.13062311523512 15.6556975485288 0 0
20.23829742065683 20.0657027489146 0 0
20.44273933743611 20.27076278821489 0 0
20.64244534668588 20.45237603566941 0 0
21.04606329323729 20.98669414536596 0 0
21.40422362390829 21.07092640534911 0 0
22.72589262645757 21.52557290356225 0 0
23.65000991045346 23.07862734912467 0 0
24.3019862001494 23.67611853859262 0 0
25.29142766025296 24.8581851292843 0 0
25.6590150827055 25.54071844093602 0 0
26.01099573322935 25.80112145979418 0 0
26.26375555494317 26.17181704933713 0 0
26.68880853125093 26.52093835192995 0 0
27.59411237358113 26.79045512171614 0 0
28.10169963579348 28.02367025161883 0 0
28.70685568725068 28.15645992669743 0 0
29.01120513956451 28.83784674708526 0 0
29.53824791851079 29.32469702735944 0 0
29.92000225935911 29.7576124671175 0 0
2
8.479485894031145 8.445761203765869 0 0
9.586924910545349 9.148954419925468 0 0
