# Status file for ctqmc. Used to save all times t_s, t_e.
10
21
4.932388963912898 4.323915322260591 0 0
5.87993585430957 4.948947010974126 0 0
7.833314509411192 6.856024229557521 0 0
8.40119870992293 8.227787772548668 0 0
9.48314697473093 8.655525814285316 0 0
10.01106546538032 9.597976841920328 0 0
10.43836529947753 10.12702654987541 0 0
13.21184995311842 13.05620073360631 0 0
13.77766434687819 13.51712613482027 0 0
15.2816061700185 13.88658919223746 0 0
15.57843542237801 15.43198664723576 0 0
17.76332221806767 17.33945087688607 0 0
18.18756034116982 17.97766720886997 0 0
18.56692532592853 18.2165441126192 0 0
18.77665582636038 18.76297089580154 0 0
19.77410633802478 19.32891698917811 0 0
20.70708457032237 19.99393496031315 0 0
22.00155324385378 20.78722814756696 0 0
24.15740582139751 22.2205664811725 0 0
24.83072884172205 24.16044779358604 0 0
28.59089644182504 25.25054687245526 0 0
0
0
25
2.054611892357441 1.652985866912495 0 0
2.59401870579409 2.373869773198388 0 0
3.996498289266623 3.817868618273724 0 0
5.88994371288701 5.678383182389092 0 0
6.216179737792793 6.078120860597643 0 0
7.943748279714369 6.492266689766583 0 0
8.275636721153136 8.028207892021541 0 0
8.981507822889988 8.679549140548154 0 0
9.586838641730315 9.398022916840857 0 0
10.26291300339454 9.661034372718303 0 0
12.00700268910523 11.6766142104907 0 0
12.17734438142982 12.04900593915395 0 0
13.54473494096137 12.33780164678688 0 0
13.81314246375346 13.72989975330244 0 0
14.73312696050424 14.21222699086391 0 0
15.06961384023206 14.84594228691811 0 0
16.36559482533432 15.48501062983329 0 0
17.58453238117629 16.80923827915048 0 0
17.88263004438917 17.85483961951228 0 0
19.2073599281105 18.83937725471386 0 0
20.2607743256794 19.7374587020314 0 0
22.21723530098653 20.68157937283609 0 0
25.33140298629057 22.34678449041303 0 0
27.35448964079691 25.85274542899059 0 0
28.88945874368057 28.63588693286035 0 0
0
25
0.2221245613195215 0.4836402291927477 0 0
1.006664082737543 1.630200746276206 0 0
2.177408884342693 2.212616439050617 0 0
2.299810772131688 2.423808117372082 0 0
3.285435273082473 3.313055352872124 0 0
4.909086493502977 5.752649108744585 0 0
5.777133295753181 6.406072280973685 0 0
6.804784386433774 9.247440889427571 0 0
9.320642263732159 9.413500483120947 0 0
9.626430503702849 10.0068831644531 0 0
11.78983053342094 11.89556932461465 0 0
11.99451629371556 12.21836082163148 0 0
12.39184949040004 12.63804592845567 0 0
12.66780043411278 12.78061413564882 0 0
13.45529746258386 13.6419077654564 0 0
14.22198869083318 14.66097156002014 0 0
15.61079231655271 15.73299306721007 0 0
16.11940446195629 16.26416844242215 0 0
17.35870407673348 17.42610961614046 0 0
17.50995318384412 17.84725562603387 0 0
19.40341697054386 19.54204861522622 0 0
20.03306749652718 20.06475323642898 0 0
20.45851724314971 20.56825823837487 0 0
20.84891627346009 20.85861346789393 0 0
21.13919247075562 29.43753266448985 0 0
1
0.5914521217346191 28.06973576545715 0 0
0
30
0.9131642060785466 0.5378858160172371 0 0
1.561060119613867 1.101586491083446 0 0
3.453455118382377 2.062290781261143 0 0
3.511123478847851 3.478179700472357 0 0
4.150891697402496 4.028297579045909 0 0
5.286616162664635 4.945504824655775 0 0
5.641789726396549 5.465876110922212 0 0
5.706948534861884 5.69921399538873 0 0
6.103632618819501 5.918786161004932 0 0
7.018369820919479 6.911483959485388 0 0
8.6032580399905 8.239064027216401 0 0
10.51602376947644 9.914425326179085 0 0
11.97713283565058 10.57336162071836 0 0
12.32363763983125 12.15041410844512 0 0
12.548578791106 12.49309413888405 0 0
12.72894911058727 12.6436543052918 0 0
12.95394892257748 12.86803047454955 0 0
16.34730939017816 16.23469387266238 0 0
17.03254288922694 16.5161472295013 0 0
18.89679498856106 17.31127883970031 0 0
20.87556296245724 20.60353085996937 0 0
21.45332777650426 21.42408963934913 0 0
22.19502918645914 21.96960257815248 0 0
22.49077382916311 22.19658945050734 0 0
26.27372295176752 25.61611195078904 0 0
26.77661188494877 26.57683685857544 0 0
28.07478458368071 27.61886903339591 0 0
28.35321945862371 28.13888774812793 0 0
28.76360877010419 28.64572655838933 0 0
28.88473487640162 28.86264083945116 0 0
0
