# Status file for ctqmc. Used to save all times t_s, t_e.
10
32
0.5679056147755759 0.6744238499736497 0 0
1.687404729544479 2.233179203770448 0 0
3.412887634789751 4.924985019030053 0 0
5.040307477870106 5.160812662989215 0 0
5.219695221262528 5.221630806938534 0 0
5.845818611989691 5.987016355975425 0 0
6.27830908505553 6.384826754820992 0 0
6.786494210210901 8.600667711999108 0 0
8.828700486771076 8.979951473219607 0 0
11.00207016864912 11.44631719505474 0 0
11.52016284940024 11.66879873695113 0 0
11.90674322606526 12.14145451008312 0 0
13.78830948164275 14.54868154098251 0 0
15.21281525114716 15.328112310938 0 0
15.74727779385529 15.88632396529283 0 0
16.31910456254104 16.33225027194739 0 0
17.32651827077036 17.39896436426073 0 0
17.87320429988974 17.97962569861437 0 0
19.97163114448357 20.01060354322126 0 0
21.21793938249962 21.2195390195849 0 0
22.28632289538682 22.32888111897109 0 0
22.50081921039785 22.57666790580548 0 0
22.96114124546385 23.58006475802697 0 0
23.73239523763925 23.76149088795236 0 0
24.87081269524361 24.91989419757916 0 0
25.49550460327286 25.78867780716885 0 0
27.08199375055647 27.14306026345094 0 0
27.67009217826967 27.96174973071595 0 0
28.13371698558927 28.15468533160972 0 0
28.64760809137225 28.7138516641192 0 0
28.89740685673941 29.02072727605586 0 0
29.56975999864777 29.77261657921306 0 0
0
0
31
0.2645572357906225 0.4167101291130209 0 0
0.450714610038645 1.02142806749204 0 0
1.550043652667948 1.826255248724838 0 0
2.814641958530282 2.913507300832339 0 0
2.966340595617337 2.970986235593961 0 0
4.029667823681415 4.32632012305864 0 0
6.844048247450483 7.045061181596746 0 0
7.394598092220696 7.93869411719101 0 0
7.973455010059846 9.585799344785936 0 0
10.20054763189798 10.22902518389935 0 0
10.34810877586311 10.55930228778045 0 0
11.06876284284229 11.10599199229703 0 0
11.48832669975805 11.74599104725816 0 0
11.81439045719951 12.34282394584798 0 0
12.3845909133184 12.59718975128972 0 0
12.94425302052761 12.98855978210048 0 0
13.10513615000293 14.75880103171902 0 0
16.70940135758669 17.33063346938143 0 0
17.33371813111791 17.41741725669462 0 0
17.53870607227431 17.54111532307776 0 0
17.6837792073503 17.72325654065569 0 0
18.6238935751472 18.8869131652853 0 0
19.85955343739671 19.91359378005927 0 0
19.96203240819217 19.99814155305328 0 0
20.00568390709654 20.6014274636537 0 0
21.47935076448152 21.72670309378847 0 0
22.33813145934746 24.83924965385082 0 0
24.90023272471912 25.09387738304687 0 0
25.49052860589333 25.60802003679391 0 0
26.71506772157933 26.73390927405276 0 0
27.51433139699223 29.93708380495163 0 0
0
26
0.4984370821874506 0.2195081812470896 0 0
0.9487174105192246 0.6269230099091566 0 0
1.110373706225515 1.036836393226586 0 0
2.38863927939903 1.588441482537392 0 0
2.436423933246628 2.409903662881051 0 0
3.849393639421986 3.582595981525193 0 0
4.059869000733681 4.040349415671431 0 0
4.95384909265662 4.311537263498654 0 0
6.746045624705368 6.586899496605448 0 0
7.77784252711695 6.816437699202738 0 0
8.55202482313493 7.88574273825915 0 0
11.19993289439437 10.41325996061884 0 0
12.22639675553851 11.65713975980779 0 0
13.25029826785965 13.14078716726812 0 0
14.46141498053524 13.62910206086288 0 0
14.61037292822802 14.47453733490552 0 0
14.76583235409981 14.73140064921721 0 0
15.10210685881712 15.05691301310071 0 0
20.76947816839949 19.92518639701538 0 0
22.63939598045964 22.45133110517531 0 0
23.70333722221959 23.08416140259151 0 0
24.03473043625179 23.85544531856068 0 0
24.54894035791609 24.51997885523302 0 0
25.64474120887183 25.50814125571888 0 0
28.03290404425024 27.73891105009702 0 0
28.87938743931462 28.38658466180609 0 0
0
0
35
1.819854008869536 0.1411709541699317 0 0
3.534164591367263 3.294899873716543 0 0
4.594070090098176 3.771645120010065 0 0
5.023218312906661 4.843125616492856 0 0
5.305111943064487 5.239630885448625 0 0
5.643886032879854 5.528946754354573 0 0
6.373619396439511 5.753833718762889 0 0
6.402006826350455 6.394578024446398 0 0
6.827277339376921 6.631332851511226 0 0
7.19010225403307 6.889843219796654 0 0
7.354566533628782 7.235941949737256 0 0
7.885591371276534 7.697250646862634 0 0
9.112317365731185 8.28785117658969 0 0
9.569803731918265 9.169158383840044 0 0
9.824188694296192 9.704967347071529 0 0
10.33236049197482 10.26977356423967 0 0
11.29577409667919 11.09367064950157 0 0
13.0613248239405 12.30084053523198 0 0
13.2552469190862 13.24789576556676 0 0
14.443349570056 13.5564392085011 0 0
16.41873494495486 16.38070369806881 0 0
17.37981029009103 16.71342870792666 0 0
18.04296321270337 17.48237612269572 0 0
21.95688602924194 21.28035606215077 0 0
22.35994459931488 22.18644033238688 0 0
22.65798572963075 22.41936968567299 0 0
23.47092624992252 23.3648775403418 0 0
25.12857418239138 23.78414563165607 0 0
25.808961029704 25.45500334791282 0 0
26.89152778775475 26.75009485164636 0 0
27.09659017638232 26.99907450805686 0 0
27.8370323924557 27.74370456317208 0 0
27.95611283876173 27.890057194656 0 0
28.39930505770566 28.04420448333472 0 0
29.93789665685885 28.53060801157957 0 0
0
