# Status file for ctqmc. Used to save all times t_s, t_e.
10
27
1.699826328312618 1.788277859451832 0 0
4.041159772020114 4.328878544914354 0 0
4.86548895914017 4.930617231017955 0 0
5.074063383135517 5.228147902950992 0 0
5.560401751788152 5.82769534970391 0 0
6.365423707771549 6.365940734957007 0 0
6.371763282699515 6.484401956665677 0 0
7.228206964512757 7.410763068485894 0 0
7.60907286908905 7.609426747195559 0 0
8.053032998870783 8.08942004902215 0 0
8.580041016020202 9.095101521582654 0 0
9.79284199067229 10.0701147023058 0 0
10.35474749443817 10.55331379300243 0 0
10.56701368764267 10.9476069032914 0 0
12.96399037625163 13.44496503597976 0 0
13.54113119520071 14.66210357273863 0 0
14.92418131481786 15.06093845760168 0 0
15.82474680950229 17.93191053056928 0 0
20.35978606061167 20.63785458692777 0 0
21.18579970616867 22.2980519401295 0 0
23.31464666217869 23.58890564176456 0 0
23.62903100266395 23.90587060795789 0 0
24.95640776920635 25.04900547078302 0 0
26.11549922716168 26.37432674684852 0 0
28.03298570186099 28.42261771331875 0 0
28.69901712764026 28.81078095563413 0 0
29.05067041482314 29.13004007436123 0 0
0
0
38
0.2388168286816885 0.3667338990195306 0 0
0.5186100998817081 0.7430700946490809 0 0
1.04906119079233 1.079501841013471 0 0
2.040761706560382 2.435055072065959 0 0
3.699437208084758 3.768932650595873 0 0
3.845151875410291 4.02786195861969 0 0
4.64704105022679 5.232382837912515 0 0
5.781773088830734 7.299627656110523 0 0
7.504624552895379 9.488537865321058 0 0
11.23914787388076 11.96963787401714 0 0
12.58442414596289 12.70922320606972 0 0
12.74686250681706 13.01676791152483 0 0
13.07221227454354 13.32555992283786 0 0
13.39734706577822 13.55862876570929 0 0
13.99901074582986 14.17071595253809 0 0
14.70715436003662 14.77943761872485 0 0
14.82259046492371 14.98349379398357 0 0
15.27545773175297 15.34942434131049 0 0
15.77081503062166 15.87329938562466 0 0
16.8978988741905 17.01085519644412 0 0
17.74124620122267 17.92657298291173 0 0
18.16196980964919 18.41530816553459 0 0
18.47772394201849 18.61188692623697 0 0
18.90842969454331 19.17729855375723 0 0
20.76975335318357 20.94837241305232 0 0
21.01569579088808 21.10570976783207 0 0
21.40941879770506 21.44406308146239 0 0
22.29012547321262 23.40207927439345 0 0
23.62605704440032 23.62742552224352 0 0
23.7918119711475 23.83531775720965 0 0
23.9783208674051 24.17331067535426 0 0
26.27936793212386 26.47978138613629 0 0
26.85620945601487 27.01418923464032 0 0
27.04275445850441 27.05146037019244 0 0
27.23382424255627 27.25062179614547 0 0
28.13816118373652 28.14824065903559 0 0
28.51230422161393 28.66954836959721 0 0
28.93776257183408 29.66167827046509 0 0
0
35
0.8664113725065192 0.3102954564873812 0 0
1.785875379249039 1.046577429382564 0 0
2.278834029684826 1.997328216397655 0 0
2.473185529725065 2.337092771004372 0 0
4.023253032831017 3.881850737382463 0 0
4.421519073846076 4.329157405254873 0 0
5.33992148217996 4.524578893182243 0 0
5.747925260110139 5.678260715783252 0 0
6.190820657138439 5.996990073265176 0 0
9.086269832128405 8.807705760883769 0 0
11.57496038698541 10.03963146274418 0 0
11.91091320474455 11.85938183783421 0 0
12.22140788298719 12.18933494112134 0 0
12.37331415356859 12.31390840684382 0 0
13.66478482156641 12.98216266759383 0 0
14.82356811454872 14.26769772923381 0 0
15.73365262652946 14.98912078785009 0 0
15.99600803197282 15.9545844550959 0 0
16.89095240446548 16.10045417779596 0 0
18.06540115740008 16.93004581860083 0 0
19.50439148009939 18.90713463400356 0 0
20.23857871806923 20.16510993030276 0 0
22.77237057670938 21.46091146609351 0 0
22.97841984105536 22.97656803203309 0 0
23.08731053061254 22.99883620626764 0 0
23.21882642034399 23.2114725480369 0 0
23.62113799905848 23.28948068769748 0 0
24.61244498904325 24.41733503396876 0 0
25.2056349162404 24.82612234596067 0 0
26.55649363814519 25.91444558273207 0 0
27.64981317229631 27.42172248364546 0 0
28.45117548741392 27.95535511883676 0 0
28.79525379887865 28.60008619605404 0 0
29.43486996219648 29.32482474785471 0 0
29.83784934890504 29.45611562632289 0 0
0
0
28
4.185252836397909 4.010884299488455 0 0
4.430445478402344 4.349797588481094 0 0
4.694513734712352 4.601734384298258 0 0
5.053300598641313 4.910481346387995 0 0
5.684170636886671 5.489947405448194 0 0
6.028580962243938 5.875517672152156 0 0
6.316598982822931 6.236947543992665 0 0
6.48918358505885 6.349155994389353 0 0
7.287580367284602 7.033107098156893 0 0
7.363859925878015 7.294230540881419 0 0
7.547929427251775 7.539401570989972 0 0
7.914407120068851 7.713323172604515 0 0
8.671055435995392 8.048738161833525 0 0
9.604235567986469 8.875539542960903 0 0
9.872172313394115 9.736091120923492 0 0
12.88419736087006 11.69230935676849 0 0
13.16152825439015 12.89479002757618 0 0
13.82621197712997 13.79816482028607 0 0
16.14062480135862 15.63907974475348 0 0
16.34591025826004 16.33758407573717 0 0
18.03450690616792 17.88624996714359 0 0
18.59907237618242 18.39724430019605 0 0
18.9516088080996 18.88470396673178 0 0
20.44161743982876 19.18653995614669 0 0
22.93805700506544 22.7898689385181 0 0
23.57517318880109 23.31831962811805 0 0
23.96506986371858 23.6116548396462 0 0
29.4178881184936 29.26724400429741 0 0
0
