 # Occupancy
   0.896258782919244   2.001846237712618   2.001962631714562   0.896700104523869   2.001869150878461   0.896258454152776   2.001846247627730   2.001962643044366   0.896699786697985   2.001869161770593   1.914080279301748   1.835073280448335   1.984603165821988   1.913840915252824   1.948258288544079   1.871704134991807   1.913840913337081   1.948258316606443   1.871704114135514   1.914080275790115   1.835073288321670   1.984603156274299   1.913840912325214   1.948258295102334   1.871704129975927   1.913840913152059   1.948258298605651   1.871704120907097
   0.896553531975146   2.001593450337894   2.001707753062661   0.896993193766952   2.001616358768141   0.896553201405097   2.001593460245189   2.001707764405305   0.896992874100287   2.001616369660044   1.914096694727919   1.835097674076864   1.984620078340406   1.913857093778712   1.948276988008246   1.871726707136193   1.913857091861905   1.948277016074656   1.871726686273324   1.914096691074253   1.835097682021280   1.984620068735348   1.913857090721463   1.948276994570213   1.871726702133960   1.913857091547606   1.948276998026015   1.871726693111810
   0.896487602714368   2.001598489627837   2.001710974291887   0.896926509455403   2.001621025604900   0.896487273805866   2.001598499499452   2.001710985580973   0.896926191387277   2.001621036450755   1.914110434534527   1.835121315171537   1.984622353402496   1.913870350306897   1.948284891021129   1.871745561990293   1.913870348389873   1.948284918901511   1.871745541313291   1.914110430859649   1.835121323037820   1.984622343865950   1.913870347227870   1.948284897577075   1.871745557001198   1.913870348049253   1.948284900930430   1.871745548068802
   0.896330832513512   2.001722696428047   2.001837001254936   0.896770892843166   2.001745237711698   0.896330505356020   2.001722706303690   2.001837012529816   0.896770576559519   2.001745248554904   1.914104972901672   1.835114871542516   1.984613494590427   1.913865655477690   1.948276306867086   1.871738192522042   1.913865653561869   1.948276334724207   1.871738171869926   1.914104969351131   1.835114879347526   1.984613485110040   1.913865652509998   1.948276313419951   1.871738187527430   1.913865653332078   1.948276316804151   1.871738178564797
   0.896519341932922   2.001578014924910   2.001692538169415   0.896958413191465   2.001600535002704   0.896519014419572   2.001578024797850   2.001692549448119   0.896958096481505   2.001600545841215   1.914110575753856   1.835124447810692   1.984617750262712   1.913870358868663   1.948282130069998   1.871746857560252   1.913870356951455   1.948282157787703   1.871746837050766   1.914110572058101   1.835124455597790   1.984617740797478   1.913870355767227   1.948282136626435   1.871746852573489   1.913870356585749   1.948282139887158   1.871746843724472
   0.896342140342698   2.001754134643014   2.001869377322526   0.896782179132859   2.001776744691806   0.896341812965580   2.001754144529283   2.001869388613883   0.896781862638065   2.001776755546575   1.914091380435642   1.835095270661973   1.984607485363561   1.913852246871397   1.948266795898540   1.871721755817382   1.913852244954998   1.948266823747275   1.871721735176905   1.914091376844733   1.835095278467039   1.984607475879607   1.913852243867552   1.948266802453479   1.871721750817765   1.913852244689392   1.948266805820409   1.871721741871976
   0.896109081031376   2.001993894124912   2.002112480236995   0.896550849587621   2.002016825693234   0.896108754303893   2.001993904046095   2.002112491557398   0.896550533819090   2.002016836582162   1.914063337887244   1.835056115453852   1.984588530611105   1.913826724439477   1.948241633796794   1.871686238907874   1.913826722524907   1.948241661719367   1.871686218197989   1.914063334393918   1.835056123231301   1.984588521145236   1.913826721526736   1.948241640354140   1.871686233884833   1.913826722351368   1.948241643794369   1.871686224872451
   0.895979550356074   2.002097511258947   2.002216794005312   0.896421937327454   2.002120299255335   0.895979225048322   2.002097521179940   2.002216805311292   0.896421622998405   2.002120310138196   1.914059335056698   1.835048311929720   1.984582540032637   1.913822104004480   1.948235623884550   1.871679286193122   1.913822102090393   1.948235651765876   1.871679265526692   1.914059331644239   1.835048319651534   1.984582530614207   1.913822101164238   1.948235630438217   1.871679281165964   1.913822101988480   1.948235633885263   1.871679272145881
   0.896115435033080   2.001984050597637   2.002101820428434   0.896557128861392   2.002006857638641   0.896115108640473   2.001984060506500   2.002101831731399   0.896556813409338   2.002006868512745   1.914066010629670   1.835058115671454   1.984589706454950   1.913828166025583   1.948243707805478   1.871688717765200   1.913828164110337   1.948243735704754   1.871688697077345   1.914066007153317   1.835058123437378   1.984589696998604   1.913828163127756   1.948243714359437   1.871688712746655   1.913828163951637   1.948243717792897   1.871688703738763
   0.896249442027270   2.001858403472637   2.001975755390162   0.896690430621433   2.001881280463967   0.896249115154748   2.001858413379296   2.001975766697541   0.896690114659573   2.001881291336705   1.914077002113834   1.835077254916515   1.984596348648410   1.913839435365802   1.948253150084290   1.871704610267694   1.913839433450569   1.948253177934108   1.871704589628605   1.914076998565436   1.835077262693823   1.984596339186094   1.913839432401187   1.948253156639887   1.871704605257856   1.913839433223873   1.948253160021487   1.871704596298801
   0.896409124018078   2.001746255536730   2.001867165011220   0.896850399311744   2.001769661108541   0.896408795187019   2.001746265492274   2.001867176393739   0.896850081441487   2.001769672041330   1.914076793340603   1.835078719742488   1.984599854177690   1.913840583273386   1.948255040190497   1.871705545918560   1.913840581359056   1.948255068148311   1.871705525174395   1.914076789724378   1.835078727594307   1.984599844656649   1.913840580247209   1.948255046757524   1.871705540900888   1.913840581073513   1.948255050169132   1.871705531922013
   0.896113326227725   2.002013165069051   2.002136252212483   0.896556257564775   2.002036630191976   0.896112998596472   2.002013175042219   2.002136263601838   0.896555940976445   2.002036641139580   1.914054804293361   1.835047235996260   1.984582209965675   1.913819659364731   1.948233600537807   1.871676954163884   1.913819657451796   1.948233628563548   1.871676933354350   1.914054800816788   1.835047243813073   1.984582200469821   1.913819656467329   1.948233607101568   1.871676949128987   1.913819657295889   1.948233610598645   1.871676940071239
   0.896017458301906   2.002104797977911   2.002227595483078   0.896461057521702   2.002128203972352   0.896017131095093   2.002104807948500   2.002227606863274   0.896460741391859   2.002128214916529   1.914046689026198   1.835031287429779   1.984578330345579   1.913811555145443   1.948226897621466   1.871663991756254   1.913811553233054   1.948226925706357   1.871663970885705   1.914046685637497   1.835031295244377   1.984578320848972   1.913811552329350   1.948226904180893   1.871663986717046   1.913811553159233   1.948226907739016   1.871663977601804
   0.896091501626763   2.002016925645597   2.002138347289701   0.896534278980470   2.002040293087961   0.896091174335460   2.002016935598483   2.002138358651028   0.896533962715923   2.002040304013387   1.914059019650233   1.835051851937245   1.984584634384031   1.913823537716369   1.948236886455535   1.871681304139776   1.913823535803212   1.948236914489062   1.871681283319006   1.914059016212962   1.835051859750463   1.984584624890918   1.913823534855063   1.948236893015483   1.871681299109261   1.913823535683356   1.948236896530799   1.871681290031914
   0.896205008689794   2.001915126658995   2.002033839696929   0.896646784976981   2.001938276584427   0.896204680639115   2.001915136591372   2.002033851043671   0.896646467919083   2.001938287492309   1.914067717895637   1.835061488707409   1.984593628836874   1.913830813202022   1.948246841950978   1.871691563868230   1.913830811287474   1.948246869996304   1.871691543032927   1.914067714404390   1.835061496555367   1.984593619312697   1.913830810292176   1.948246848510200   1.871691558845922   1.913830811119610   1.948246852013829   1.871691549778692
