# Status file for ctqmc. Used to save all times t_s, t_e.
10
26
3.067179185063068 2.189849802269485 0 0
4.09082025863584 3.241758206297602 0 0
7.016092879945811 7.007483557292261 0 0
8.066430745671047 7.656982117260329 0 0
10.12391527451056 9.865113520688221 0 0
11.65602839724544 11.31210212768346 0 0
12.57401401350815 12.55084828206481 0 0
13.10955907195966 12.76968736844985 0 0
14.40214848400002 13.38730147991483 0 0
14.58506697389559 14.51099568990067 0 0
14.80159619300244 14.66348849984392 0 0
15.8975831911187 15.43442733069095 0 0
18.80789681396945 17.56911219386215 0 0
18.97085734427473 18.93513414899066 0 0
19.29784685344948 18.98687412661063 0 0
20.1671989892492 19.42703593507348 0 0
20.30652687009697 20.18250665496397 0 0
20.49196124791701 20.39314460416365 0 0
21.03893429057969 20.54696042246494 0 0
21.61411824438127 21.12784550191066 0 0
23.20149474951864 23.19648045378463 0 0
24.36143223669994 24.12271888900242 0 0
24.74102656507038 24.4705579321592 0 0
26.64772819341976 24.8175984566826 0 0
28.24806096196365 27.96060206851712 0 0
28.41321599005728 28.35388039220272 0 0
0
0
20
0.6729431881352141 0.1839069998984506 0 0
4.311937142691436 3.379107747030445 0 0
4.76691384838335 4.528731079205703 0 0
7.248698508255553 7.218251292915688 0 0
7.478497064137128 7.30142259579643 0 0
10.60198088000097 7.980040898281505 0 0
11.28755190100857 11.09084119672679 0 0
13.05461040606343 11.58783164530477 0 0
17.26521954690439 17.18405935671377 0 0
20.70101911368946 19.36829021456195 0 0
21.0219481505713 20.96103078633301 0 0
21.33984359784145 21.18272473398507 0 0
22.43573692076687 21.59401423994595 0 0
22.70690729410889 22.52288950982414 0 0
24.0316672587825 23.66217917080865 0 0
24.05956467926293 24.05228906754962 0 0
26.04212613405487 25.43575364623143 0 0
28.91719126207349 28.81050928394268 0 0
29.24446412728511 29.02967393468698 0 0
29.88894851896204 29.31141347938703 0 0
0
31
0.003310879173660908 0.04865275374617184 0 0
0.2956588875259314 0.3159252995980065 0 0
2.053668106594785 2.078885143201256 0 0
2.824141864368745 2.881554137466984 0 0
2.923049856359913 2.944280749917235 0 0
3.57136626749342 3.720238869261681 0 0
4.69214338243245 4.858297391826925 0 0
6.061149249163506 6.130803642787209 0 0
7.949637735022381 8.025376583624821 0 0
9.131325625736014 9.195282502275333 0 0
9.336926098408524 9.400409930285463 0 0
10.20267939209492 10.28124034607333 0 0
10.5109763405766 10.84616966239379 0 0
11.12442026092027 11.55349687032063 0 0
11.80988747743805 11.88198507604764 0 0
12.44533809508888 12.60901233802674 0 0
14.91468066378601 14.91926975638865 0 0
15.47130153650698 15.87608820887794 0 0
17.61087593140574 17.90163164550447 0 0
17.90990425133475 18.76617996604558 0 0
19.30284462843992 20.38423412565545 0 0
20.39641087277192 20.5349502682497 0 0
21.13929465179477 21.60066304876069 0 0
21.72641418959251 21.82339318311639 0 0
24.02121396936842 24.31176592216535 0 0
24.4373965708699 24.58811884570276 0 0
25.47854116984343 25.76353558978027 0 0
25.80974819747857 26.23737370637952 0 0
26.31272685062432 26.5832670318148 0 0
27.32063087983213 27.48433974705457 0 0
29.50090928442147 29.76898169008048 0 0
0
0
28
0.177381706711754 0.1660692376856958 0 0
1.859489205774207 0.3146583911639936 0 0
2.217380422143119 1.863043724946815 0 0
2.938567411784742 2.59447385269135 0 0
4.538190636256213 4.390279413375614 0 0
5.476757072539756 4.78810386525942 0 0
8.109107685050954 5.625523884668841 0 0
8.392080074372791 8.213847118336966 0 0
11.21892682565854 10.29214642103514 0 0
11.32290562605177 11.24811152547548 0 0
11.41953804120174 11.33124229150619 0 0
13.97023289139462 13.43362468649998 0 0
14.50501738294939 14.34604013127312 0 0
15.6153426696041 14.50637969728461 0 0
15.8467395383728 15.68416820927956 0 0
16.51478534274078 16.21409424192266 0 0
16.87467589171115 16.52197461004127 0 0
19.21437593659816 16.92644726721896 0 0
20.24358184010274 19.62554651583548 0 0
21.55486122962873 20.31329090168893 0 0
23.36777944048006 21.57809551921985 0 0
23.80681511387855 23.392259415648 0 0
24.00227401848063 23.89328708136118 0 0
24.42658747562603 24.02290408165866 0 0
25.36756132977024 24.43772914566167 0 0
26.05351379394367 25.75857633934481 0 0
29.75113510314938 26.05565210991961 0 0
29.97776952119456 29.8215407200081 0 0
0
