# Status file for ctqmc. Used to save all times t_s, t_e.
10
23
1.789724888991634 0.04347212285935598 0 0
3.011198719559081 2.823774442282979 0 0
3.522686319109393 3.482176405667797 0 0
5.177514937916358 3.668241335603359 0 0
7.351339077735925 5.215987520856301 0 0
8.052272788499982 7.367563480751184 0 0
8.710269509828176 8.174579452936086 0 0
9.862562291271399 9.293205977389329 0 0
10.2076183291252 10.20142772455558 0 0
10.40608983672477 10.27948632766553 0 0
12.0855520540276 10.53216905689498 0 0
12.47192072947808 12.3766893897925 0 0
18.14622888983968 17.57271609569896 0 0
18.5920434987801 18.14669460243897 0 0
18.64104336504342 18.59563244849521 0 0
19.02142753183149 18.71603446410375 0 0
19.94374301353341 19.09770269477739 0 0
20.85428494837081 20.13666978935951 0 0
21.50567627962825 21.33374720429596 0 0
23.02443890640392 22.82360903579185 0 0
24.79386073277961 24.2021679549533 0 0
26.07464667153654 25.09520250701165 0 0
27.86742219622506 26.22854617619864 0 0
0
0
27
1.709251342775933 0.555101095095619 0 0
3.058155947238903 1.967270482267101 0 0
3.321632500335065 3.204715231859811 0 0
4.000777233589447 3.360037126754717 0 0
4.517070011126863 4.219162947816553 0 0
6.052680497062839 4.929725625291223 0 0
6.516222560218629 6.485465096774474 0 0
6.967092791660665 6.785332810223676 0 0
7.345649354301048 7.014728466317226 0 0
7.855738479995704 7.483106158604932 0 0
8.715996013482627 7.873381283659819 0 0
10.17181707204166 8.734153479643355 0 0
11.19524098639448 10.46203608271503 0 0
12.1365091514762 11.60312926885469 0 0
12.24518192051876 12.14004355465823 0 0
12.92491451175325 12.71786102535021 0 0
14.00449003412654 12.95784385290987 0 0
15.85682564583485 14.12800399604089 0 0
17.61597884980963 17.40257408150368 0 0
19.69774514835926 18.05327672079472 0 0
21.50666412686215 19.84796824526577 0 0
22.07114945438559 21.57539137588772 0 0
23.62769857559043 22.32864381914473 0 0
27.02338281913821 23.67097392897213 0 0
28.21301581902895 27.35897046858678 0 0
29.75093211018881 28.47330152573395 0 0
29.94932404091129 29.76075773323711 0 0
0
27
0.5167597691520438 0.4855081464412301 0 0
0.5683903764048118 0.5584994232978372 0 0
1.023426299508455 0.5997538279183 0 0
2.761622841676689 1.812300508332641 0 0
4.240189175278868 3.978351417261827 0 0
5.784381294976301 5.744025163563975 0 0
8.56224624017103 8.303877690168401 0 0
9.007447350530475 8.65235092886148 0 0
9.423309651175655 9.303893384222498 0 0
9.558032723302462 9.530361475332986 0 0
11.51156076253738 9.984166942579924 0 0
12.99537036297236 12.50668661082398 0 0
13.61903326852395 13.1901378655812 0 0
15.52868444208123 13.66150309419006 0 0
17.24460345449097 15.5367565420826 0 0
18.39874555350221 17.57560524299101 0 0
18.7084588229529 18.49123421347002 0 0
18.97558048996713 18.89666102433675 0 0
19.9243241516512 19.62920838657642 0 0
23.64061326049464 20.38100426224009 0 0
27.33585103946059 26.32898047414231 0 0
28.44749362479545 27.46231304595424 0 0
28.63799988171092 28.51774491794442 0 0
28.7469591800362 28.65704286032478 0 0
29.0631203963866 28.93189587775911 0 0
29.50384867627988 29.12363647817481 0 0
29.91027808850355 29.57351518561894 0 0
0
0
33
0.331289996753295 0.4811556693124662 0 0
0.6384712115358882 0.7214997077488312 0 0
0.8459262423271274 1.004009387733244 0 0
1.823599199705906 3.047440442164794 0 0
3.06952241241309 4.069834140950518 0 0
4.292884971665511 4.310350377235439 0 0
4.89665335708224 4.964583977780837 0 0
5.078583321181073 5.114163810819679 0 0
5.282089338710747 5.308858338905122 0 0
5.323496127902438 5.761045281942836 0 0
6.073663765615761 6.209574782060748 0 0
6.818677243684721 7.103772981096826 0 0
8.194945893908587 8.265521801936391 0 0
8.342540595097836 8.832894135988624 0 0
9.436130452433387 9.600463392409255 0 0
10.08504025972221 10.98347065741171 0 0
11.03353927420779 11.50808210395499 0 0
11.83696174614374 11.97980505096741 0 0
12.18129801774883 12.26595148198317 0 0
13.12739705771786 13.66538067271291 0 0
13.95699409010656 15.93042836145798 0 0
17.26333239792251 17.28874820319644 0 0
17.82273277130475 21.29679332098282 0 0
21.40865084319541 23.32832450642434 0 0
23.92419385791937 24.14865786642119 0 0
24.20434780939382 24.39167167528034 0 0
24.61296209083513 24.74978561028288 0 0
25.46916078357876 25.70003952668796 0 0
26.0921828403665 26.20993338766278 0 0
26.57327662359386 27.08502596583309 0 0
27.8632970284981 27.96158665231088 0 0
29.04257308582231 29.19787606715535 0 0
29.28927087427024 29.79901619581441 0 0
0
