# Status file for ctqmc. Used to save all times t_s, t_e.
10
28
1.560832355487386 2.835292828826607 0 0
3.256613156553603 3.307561446776543 0 0
3.46267769290145 3.499039151477918 0 0
4.066021800742703 6.021624870893249 0 0
6.361606855068456 7.331220461497374 0 0
7.596926168650606 8.91284350779757 0 0
9.077490025276726 10.98245908753324 0 0
11.51864575021494 11.86209591700366 0 0
12.14509327875067 12.14529698040756 0 0
12.3883916278584 12.48245587972388 0 0
13.17075597431348 13.18505238102295 0 0
13.32809874887694 13.68292892606689 0 0
15.31252100421944 15.37540040971535 0 0
16.1255585323646 16.16175714797637 0 0
16.94357531879234 16.98386825382941 0 0
17.54424030650195 17.80238757440748 0 0
18.41580592680355 18.43485181465787 0 0
18.57120941303883 18.61826814073441 0 0
18.85925676716854 18.87627842739278 0 0
19.49840500267412 19.56037598174439 0 0
19.56592174412079 19.98963009373919 0 0
20.03188743916073 20.08078932215295 0 0
21.82699541981627 21.87361747252901 0 0
22.26827726866007 22.41450714004172 0 0
22.45121231378295 22.75039666918746 0 0
23.3303737288052 25.4216322858024 0 0
26.84546889103646 29.20323851264689 0 0
29.6904760261683 29.96824772071995 0 0
0
0
34
0.4503134873147612 0.5852498105947781 0 0
1.108700999136648 1.151876883602909 0 0
1.359091368685577 1.461684790064417 0 0
2.184176621504072 2.553713580008604 0 0
3.207642301467367 3.275603676665284 0 0
3.45546805427871 7.934055737144928 0 0
10.24010125307587 11.98658371454868 0 0
12.37977042556396 12.565002453045 0 0
12.63249124743909 13.07289471001487 0 0
14.48703640400816 14.64651850024033 0 0
14.71572678483135 14.90699493999949 0 0
14.97872947868039 15.07771836137879 0 0
15.56885331369313 15.9205672608686 0 0
16.67979569103229 16.7870699637423 0 0
17.23909536831359 17.40703341480169 0 0
17.97385808311997 17.97399339162371 0 0
18.61637506834446 18.68544689414351 0 0
19.48577031715941 19.49641229412671 0 0
20.15000441593685 20.16920817462139 0 0
20.45282148362798 20.68244228295436 0 0
21.04903259967261 21.1160811500807 0 0
21.32823300909827 21.55121042662887 0 0
21.94905710084344 22.01967383563582 0 0
22.03967618845942 22.27238193088896 0 0
22.96122946108718 23.06013847936267 0 0
23.58183734054373 23.85129830703793 0 0
24.25717327360558 24.57866648499016 0 0
24.75144247165123 24.79983268051407 0 0
24.84389986903161 24.96153043121826 0 0
26.24463552475941 26.38913546715714 0 0
27.02874289412111 27.4704295238342 0 0
28.55966036345698 28.68374319369405 0 0
29.0500291837378 29.39314786225088 0 0
29.66158507149863 29.78342114177519 0 0
0
25
0.4167891242111715 0.3924619432646672 0 0
0.7319338887009006 0.6571896043553398 0 0
0.9290832620650886 0.7409430169965363 0 0
1.143327866038979 1.011469597889895 0 0
2.786211363857505 1.520720865738206 0 0
3.483092376030344 3.208208699660756 0 0
3.828399098329116 3.724768690758152 0 0
4.458886821465279 4.175590073646755 0 0
5.929595487739334 4.527636582739127 0 0
6.667693641645571 6.217867669306578 0 0
8.288674171709133 6.736434403039659 0 0
8.349002775377066 8.305892773871044 0 0
8.839691523384236 8.727457836314386 0 0
9.411431593679952 8.934220640908478 0 0
9.638660597660945 9.538148491613029 0 0
11.69878671445411 9.765505440838831 0 0
11.95935736479165 11.74138851613878 0 0
16.69604708841032 16.49382380037428 0 0
17.91389810496943 17.73852043338898 0 0
18.338632176701 17.97862857140549 0 0
24.69508661768534 23.23539341604391 0 0
24.86907176939387 24.83336267973174 0 0
25.56629259364801 25.5234301791539 0 0
26.90217924999244 26.4514534492011 0 0
28.88720868940888 27.28322113001726 0 0
0
0
41
0.2428387806269806 0.3750667635258473 0 0
0.5043254823818859 0.9551207093156966 0 0
0.9634364869121983 1.33117692025926 0 0
1.768148547950425 1.821053200939968 0 0
2.831657973282505 3.266528707581275 0 0
3.865191397973664 3.925999641338682 0 0
5.326830018352511 5.65075133584957 0 0
6.085408936524315 6.130597956620463 0 0
6.863796863426675 6.872741942044938 0 0
7.55317932641004 7.657695803198997 0 0
7.736579640958327 7.769523050161444 0 0
8.374332914394779 9.165260959928247 0 0
9.244901024188085 9.459831527793826 0 0
9.747057139169581 10.11783324005648 0 0
10.72458581823456 10.75289601304784 0 0
11.01529294335961 11.01989170312122 0 0
11.28665540157805 11.29644008492838 0 0
13.28725447413645 13.3421798908739 0 0
13.61637889492496 14.03709688075091 0 0
14.40309991622719 14.90860927575677 0 0
16.05169622453154 16.55926098927382 0 0
16.83698116500284 17.36108094941217 0 0
17.74173623805224 18.72814338951329 0 0
19.043359282552 19.19886021912228 0 0
20.68781171184122 20.99511684523489 0 0
21.21241350222669 21.26084917053713 0 0
21.69276154550125 21.84078022483388 0 0
22.39359960010355 22.4663991201206 0 0
22.70847748892213 22.79024268350283 0 0
23.32681691774156 23.41431642767903 0 0
23.52044558154938 24.11400280462483 0 0
25.39355612201464 25.99193499351415 0 0
26.16543625715016 26.6524237023902 0 0
26.77540184239571 26.81245989778192 0 0
27.1648288434839 27.29036490300055 0 0
27.50442701860062 27.56718616608005 0 0
27.59588587500972 27.60263356902878 0 0
27.7145498865167 28.74362828439272 0 0
29.19062389732097 29.22959234518925 0 0
29.32245619882353 29.47694733740919 0 0
29.86191474461003 29.89752897214684 0 0
0
