# Status file for ctqmc. Used to save all times t_s, t_e.
10
30
0.229362910910325 0.1082631889403842 0 0
1.212061098795822 0.5688174883256523 0 0
2.180486923079362 2.076884594861577 0 0
2.253177909692557 2.192860314348076 0 0
2.571245688021512 2.487905823679664 0 0
2.651522048115372 2.624506160156813 0 0
3.572778096597666 3.057732371095437 0 0
5.509520238650476 3.577042869411082 0 0
6.115768904910847 5.757707970245098 0 0
7.757320703273149 6.166268959044969 0 0
9.044244846830132 7.770287517166603 0 0
9.994690695821159 9.278996261813703 0 0
10.72026936813533 10.05389810626331 0 0
11.17812386636282 10.82896312329657 0 0
11.30452606454724 11.18580939322723 0 0
12.85199903371461 11.53484964792572 0 0
16.52658260829961 12.91269967554253 0 0
17.54519396479859 16.79455713402267 0 0
20.25993881673682 17.6243116722557 0 0
20.4294304866033 20.26864041283296 0 0
21.12279310356595 20.43254555566692 0 0
21.86047554581792 21.14778676085571 0 0
23.63359195044583 21.99037009504652 0 0
23.79459982288857 23.64153476376813 0 0
24.33535292191089 23.80749354177496 0 0
25.75531178673668 24.56434862602346 0 0
27.55498270717243 27.05568337477637 0 0
28.40123500092979 27.87278448380393 0 0
28.78847732531255 28.61156874917074 0 0
29.2366905403643 28.81046533365985 0 0
0
0
35
0.05659875076215926 0.2025251874136487 0 0
0.8034840900326756 1.638496881252912 0 0
1.980431211201387 2.234468498197772 0 0
2.273928736347182 2.547517459985909 0 0
3.301390755791094 3.621209819868363 0 0
3.907220976332492 4.060880069205826 0 0
5.144217776683765 5.614433047545043 0 0
5.748125628089053 6.097109645832456 0 0
6.83146593842394 7.028104135483856 0 0
8.920507020314348 9.010090523259855 0 0
9.315143496527222 9.595749263991308 0 0
10.35178080443774 10.37039231570943 0 0
11.21886441018169 11.51560291515986 0 0
12.75540679115712 13.20928288217756 0 0
13.7316756837418 13.81465796412391 0 0
14.22045348844429 14.93144762927808 0 0
16.05166995419318 16.14114171903749 0 0
16.16499097348431 16.37656863209774 0 0
16.72951581405686 16.82836108598015 0 0
17.21383345763878 18.00326740884993 0 0
18.18128777952237 18.19002337548061 0 0
20.23458048578344 20.87148615152397 0 0
21.21469054417986 21.29280807982435 0 0
22.53952025860043 22.5527373906237 0 0
23.02046286374799 23.03290402602945 0 0
23.90944239426716 23.95500960393994 0 0
23.97225959513089 24.02202602835442 0 0
25.50840096731942 25.65338273922644 0 0
25.74159887352214 26.11166877870568 0 0
26.17524736035129 26.18898932289802 0 0
26.34775228656193 26.6047320665703 0 0
26.79736301864084 27.16970173293177 0 0
27.4659537700857 28.3561975649716 0 0
28.99602595439169 29.08336320100641 0 0
29.17698984680881 29.69163221713772 0 0
0
22
0.1145547359715451 0.1156526207032717 0 0
0.3026613179657011 0.3230340305177144 0 0
0.7120032434103545 1.044566952913075 0 0
1.519060008013894 1.56263362609831 0 0
1.688850839718333 1.697014415602269 0 0
2.608015190616107 2.848495992278455 0 0
3.177675142114292 3.22844500947941 0 0
3.579157810470616 5.334614098858744 0 0
6.10517680764333 11.77908454526892 0 0
11.84789606527196 12.54949258311904 0 0
13.32963098070065 22.47731047167138 0 0
22.50732078966259 22.95252866519268 0 0
22.9705679368361 23.09904689257748 0 0
23.39365752798649 23.6798316818626 0 0
24.27821568219244 24.44425455676887 0 0
24.57504814205507 25.02739035308422 0 0
26.93083815451771 26.98724217561691 0 0
27.04732807787934 27.47947257455133 0 0
27.72407534084379 27.98031562218301 0 0
28.06434930214154 28.07372503052969 0 0
28.13879535115397 28.30111418533399 0 0
29.13135776612503 29.20701284908142 0 0
0
1
27.94680655002594 27.82835483551025 0 0
31
0.1406032536683846 0.2167581579400455 0 0
0.4297669558240719 0.9755409298487244 0 0
1.647317265673693 1.868243436167768 0 0
2.992257001561941 3.162337896374936 0 0
4.074334293627609 7.648330425081642 0 0
8.411393737826652 8.60867349805701 0 0
8.658395380871742 8.912194963955118 0 0
9.333368082743439 9.437476971449568 0 0
9.956757008428529 10.66822160217054 0 0
11.64778670778467 11.68624366980235 0 0
11.8438548212216 12.07800933526481 0 0
12.0823801445366 12.32117787027881 0 0
12.51601674645841 12.80604925797296 0 0
12.87029295598996 13.5820551395653 0 0
13.84359366872424 13.89666689940202 0 0
14.00668645594026 14.24407517807306 0 0
15.00909904324146 15.3447921382289 0 0
15.34878797520011 15.71447826383366 0 0
16.64435599483433 16.68993084290695 0 0
17.81995621399739 18.11566833530979 0 0
18.29223041658101 19.10635839667847 0 0
19.72777129605021 19.85276951879683 0 0
19.93168512359453 20.39930684730241 0 0
21.22021426659153 23.0652984361766 0 0
23.48492843451625 24.33821405383949 0 0
24.84003097011557 24.84501960404492 0 0
25.00395752380406 25.70923573020979 0 0
26.01438608313405 26.28289827829689 0 0
27.17976657276036 27.3982609269927 0 0
28.1991778070865 28.60854562627242 0 0
28.81660355495596 28.90494382133203 0 0
0
