# Status file for ctqmc. Used to save all times t_s, t_e.
10
22
1.791142291786005 1.131751180675566 0 0
1.915954575743544 1.900525174113479 0 0
3.140371675413058 1.978935323208473 0 0
5.086440462951049 3.212285293349195 0 0
7.169782500728653 7.091459429210226 0 0
8.789535746325248 8.313626898609774 0 0
9.533749461739038 9.498788129353146 0 0
9.854490010662055 9.57246419889468 0 0
11.95331463444849 10.35929090594543 0 0
13.45555647645972 12.92421071703638 0 0
17.5090603746122 15.89107724509369 0 0
19.72004768225118 17.55218930839454 0 0
19.81466368312024 19.77231872357753 0 0
20.24005447897929 19.87933971804984 0 0
20.400809257113 20.39800389937835 0 0
20.54491145695738 20.41646949890177 0 0
23.41369303118888 21.00537699550495 0 0
24.19869308524255 23.64316742384876 0 0
27.02103342823096 24.26150406954802 0 0
28.06596055848051 27.44699281435423 0 0
29.39596999062029 28.07727458500258 0 0
29.61476693211297 29.59771337468207 0 0
0
0
34
1.202588003223111 1.779405434110816 0 0
1.975664901754425 2.049821098565983 0 0
2.706830030602501 2.732464803249605 0 0
3.060866239722766 3.156840205363383 0 0
3.317027624153762 3.836179044673297 0 0
4.224265700183499 4.255139455588251 0 0
4.457962866358873 4.64294647843405 0 0
4.666763046176404 8.056183261709002 0 0
8.855586179349787 8.923529426491111 0 0
9.507775420045526 10.59700650126425 0 0
10.84363358768184 10.97635607371769 0 0
11.5273177338641 11.98550516845234 0 0
12.01160488186146 12.50461454344075 0 0
12.62584625887017 12.69693296858336 0 0
12.74324256573246 12.86377390685761 0 0
13.38586561098461 13.65263681494986 0 0
13.8959225864471 14.00726326362432 0 0
14.33056575929753 14.43594549205467 0 0
14.4611279344488 14.70871326047817 0 0
14.83997821727818 15.09989441184547 0 0
16.27384730887057 16.3355613135283 0 0
18.00481369329802 18.40214687822685 0 0
18.86296315806917 19.20538784580292 0 0
19.29911993447602 19.37923414714196 0 0
19.57330278932584 20.72808934388375 0 0
20.77435554528595 23.41910800764158 0 0
23.54183442508242 24.02312448466587 0 0
24.03135118284805 24.76247582434092 0 0
24.86529039937067 24.92134589207131 0 0
25.60322741533016 25.62528146599132 0 0
26.00882034890771 26.15328029181789 0 0
26.52732835585761 26.77859751024055 0 0
27.3640498408148 27.4094150670646 0 0
27.5033672392752 27.90892919930499 0 0
0
15
0.9373350736296513 0.9823930348640142 0 0
1.182000491212387 5.120714415328008 0 0
8.658067356933534 8.682295721143445 0 0
9.639131398726114 9.759400455863679 0 0
10.28178225085661 10.39094636231911 0 0
10.53368295110706 11.49985578995793 0 0
11.86909423842676 12.03790844955568 0 0
12.6410156636531 12.9031251748824 0 0
13.60939242210623 13.61710790182266 0 0
15.81666169820168 20.42675637508179 0 0
20.71258332688873 20.74659770441025 0 0
20.87534000249737 23.20747756981973 0 0
23.41415734032483 26.08816866492408 0 0
26.12997597229392 27.4748873812526 0 0
27.81667210348606 29.03474156473184 0 0
0
0
32
2.011736946707522 0.4980325792771012 0 0
2.634492695025106 2.540804542515487 0 0
4.757823445667632 3.238807917287525 0 0
5.231745853050698 5.157176854905376 0 0
5.715609831124082 5.259513364761277 0 0
6.827841840528561 5.769675689953387 0 0
8.254459383173192 6.908277232012508 0 0
8.691489492080313 8.61944450717627 0 0
10.08949565303139 9.75563641397062 0 0
12.10557427774055 10.19043852369054 0 0
13.35065900532056 12.2435314213406 0 0
14.1323481999921 13.36447602315145 0 0
14.18730245318619 14.1619269782779 0 0
14.64431111344556 14.41070425813115 0 0
14.7969475007259 14.6741198675586 0 0
14.84944960493109 14.80768518771903 0 0
14.98665585386687 14.89151135588956 0 0
16.44076674127395 15.08990939843905 0 0
18.52844670861085 17.89558482951107 0 0
19.57544186466592 18.72328815136562 0 0
21.29315333773848 19.63576361914819 0 0
21.60905598312472 21.37088811382336 0 0
23.11194501593004 22.30032109778906 0 0
23.65053708762368 23.27749654119815 0 0
24.13560070000302 23.80086812652446 0 0
24.50505576746994 24.19464310822046 0 0
25.31579515304998 25.11195955673189 0 0
26.26657035342973 25.93187573164607 0 0
27.75017467443521 26.79730465031447 0 0
27.87892770287576 27.7874285130825 0 0
29.7444995479428 29.51360732633922 0 0
29.97691467254093 29.88069855467197 0 0
2
4.572427865850912 4.339633584022522 0 0
4.901964068412781 4.766633506869198 0 0
