# Status file for ctqmc. Used to save all times t_s, t_e.
10
34
1.657881416383987 1.770776691098369 0 0
1.790361693631409 2.252113497753359 0 0
2.314626759830522 2.324369456911477 0 0
2.702828312674743 2.789329907198628 0 0
2.808736232129825 2.872070612391121 0 0
3.432959436307862 3.490484958897787 0 0
3.670058291724919 3.718531812501216 0 0
4.365054512703314 4.510188228682674 0 0
4.609817112102458 4.845054112757007 0 0
5.445948735646041 5.928781623069731 0 0
6.105746450309117 6.555275620729995 0 0
6.589047485465091 6.715222093146322 0 0
7.203254497114794 7.437988481971974 0 0
7.452996374100491 7.625371536735762 0 0
7.837360768415363 9.531101431824448 0 0
9.56227331423451 10.02803322147082 0 0
11.15504019873427 12.57449731468631 0 0
13.10811744301279 15.75017207814821 0 0
16.02349976568297 16.50540516883293 0 0
17.20697536738206 17.35359990802828 0 0
17.47423199062827 17.91480085113495 0 0
18.37929927895083 19.83556667843839 0 0
20.0217436916538 20.09266068236881 0 0
20.2097420449264 20.23708438261301 0 0
20.81584350648186 20.8189882907469 0 0
20.83713735653997 21.09185616123131 0 0
23.00966923674668 23.04802834519656 0 0
23.23589463804589 23.23631122507183 0 0
23.4495663503149 23.5146629003807 0 0
23.71622102287605 23.73613105109212 0 0
24.84864189380002 24.947592972032 0 0
27.48792358965835 28.16032854523398 0 0
28.16614617590555 28.45989460775407 0 0
29.90782369605754 29.93630253491817 0 0
0
0
33
0.3457208282675737 0.8148377678700587 0 0
1.106956006299373 1.81396656250831 0 0
2.188464761540274 2.390870280974649 0 0
3.418476292600756 3.717327738660562 0 0
4.204429616644052 4.319898159030984 0 0
5.79882823993879 5.926895560683811 0 0
6.277231354332027 6.347747560448809 0 0
6.49550166590173 6.535765563247754 0 0
6.736396539908065 6.823022972754382 0 0
8.737537714904374 9.281697086119966 0 0
9.32084228979558 11.6172988713154 0 0
12.0887348995503 12.36506533227149 0 0
13.08167660744352 13.52181436158972 0 0
13.5716685150686 13.8750611310747 0 0
13.98826854351074 13.99011021698692 0 0
14.17014162963608 14.26857761170609 0 0
14.28111785522642 16.77944077562911 0 0
17.69686715867328 19.84685582868009 0 0
20.67256018044681 20.83308901823253 0 0
22.04674917786127 22.0982941091306 0 0
22.1654224988858 22.16947295309495 0 0
22.20409763503533 22.38177114425855 0 0
22.46283284015191 22.65767500679563 0 0
22.82218048864734 22.94628199090374 0 0
23.36373080513998 23.42416713583743 0 0
23.4411920597171 23.44706722395504 0 0
24.54994920081957 24.60577625805259 0 0
24.97451379126699 25.0614611863393 0 0
25.18076695017751 25.22306023397389 0 0
25.52431686650637 25.68994967412995 0 0
27.77883807904243 28.02440030566147 0 0
28.63191473892261 28.74931361981908 0 0
29.50547076672925 29.63990613004817 0 0
0
31
0.7305637177563298 0.6747676278839291 0 0
1.109715691576677 0.809854192983092 0 0
1.840599083789879 1.299158904438948 0 0
5.011054489306968 4.716263205996421 0 0
6.618013796255028 5.569009202528611 0 0
8.101489466461739 7.445771882795076 0 0
9.963510509741525 8.147076970111057 0 0
10.47482473816879 10.14809805414751 0 0
11.67146986714828 10.60739661587458 0 0
12.50582152381408 11.74505560679057 0 0
13.88904376849637 12.79013953076031 0 0
14.3459261786915 14.26492064035627 0 0
14.80942839891969 14.41255979634188 0 0
15.16516082362732 14.9238135221504 0 0
15.66105326433781 15.28635002311764 0 0
16.59712259791168 15.97418342380421 0 0
16.95128793764228 16.66752589571458 0 0
17.89293997672334 17.62848406201606 0 0
18.07394860780812 17.94289214048148 0 0
19.07402874890995 18.21809318404226 0 0
19.84439700909262 19.14084148790634 0 0
21.61584789085489 19.85890396370653 0 0
21.73008987915845 21.64435197854766 0 0
23.95522662320209 23.35874399197525 0 0
24.28150316886056 24.13906852329095 0 0
25.11628508725706 24.95328955333927 0 0
26.76849373277659 26.33960724195698 0 0
27.69131354449591 26.86236451278161 0 0
27.87982664892844 27.86765420011751 0 0
29.1084517318175 27.9303059467785 0 0
29.64121804348726 29.18162937543495 0 0
0
0
34
0.7990598752392164 0.7365176754776734 0 0
2.968009305930448 2.717571649448547 0 0
3.565535039442145 3.156330423183538 0 0
4.002460511630313 3.620236844601156 0 0
4.492203069881478 4.083558713128421 0 0
4.671982872019607 4.541494716881976 0 0
5.072522588713054 4.895181326996479 0 0
5.823218218116116 5.759057168718642 0 0
6.44031610315882 6.330420690172925 0 0
7.019711024332885 6.840781383412101 0 0
7.487003690856111 7.329629292188424 0 0
7.993349753544023 7.780131823476169 0 0
8.832249513986627 8.452077951344926 0 0
9.197476082596209 8.987861627607343 0 0
9.883564183291638 9.322978766462477 0 0
10.14720825501443 9.942419218022506 0 0
10.47009948240459 10.15462888854539 0 0
10.57142744649637 10.49094402128684 0 0
10.86393841158623 10.7220434301068 0 0
12.53500553118667 11.07615777507528 0 0
15.74564784379329 13.02266188201032 0 0
16.43486358619589 15.80948817700854 0 0
16.90315473780396 16.45696611520574 0 0
18.16872498020404 17.00645689151068 0 0
19.61206679071153 18.37652113590403 0 0
19.8348232018426 19.66566869529076 0 0
21.11067229456064 20.52643382944 0 0
21.21183864690255 21.17618607004575 0 0
23.00602608155226 22.13843018788484 0 0
23.79080327795361 23.76665647500259 0 0
27.20238697519509 27.0831992175934 0 0
28.09907514732068 27.72232940334818 0 0
28.67999509572461 28.20541374757138 0 0
29.00367687285637 28.90905185405673 0 0
0
