# Status file for ctqmc. Used to save all times t_s, t_e.
10
29
0.626888989143824 0.1954857041638042 0 0
2.349652661300428 0.7721160238720963 0 0
3.719106050014961 2.550468243409743 0 0
4.949233105337888 3.791449491818184 0 0
5.453207572201926 5.230732014061378 0 0
6.835122435768516 6.80495975039007 0 0
7.607975208994431 7.529670650761332 0 0
8.05009779878726 7.928403750995119 0 0
9.494531223713462 8.176313135261495 0 0
9.713339063320808 9.500188303486071 0 0
11.06797046817586 10.72050906383589 0 0
11.3244511502545 11.12212095286326 0 0
13.52518916603866 11.33303448823365 0 0
14.33140544193905 14.3144216504268 0 0
16.47678951350998 16.12362111893751 0 0
16.70652450712634 16.51437412954146 0 0
18.25336756174823 17.22084792326719 0 0
23.15934518290915 23.00936473659252 0 0
23.66208434990571 23.38047999007898 0 0
24.44144347935866 24.41838762681207 0 0
25.30078125690038 25.29389006794446 0 0
25.33420038766144 25.30942010942478 0 0
25.5910040734496 25.37374674087583 0 0
25.90755927123366 25.84163739908614 0 0
26.74125196245978 25.92189166507493 0 0
27.8986625058981 27.13025119169198 0 0
28.42814619774351 28.02711886628157 0 0
28.88602197473699 28.69969748520154 0 0
29.29293073740812 29.10390417735089 0 0
0
0
36
0.3329599012945519 0.3741684626217943 0 0
0.8120372039327968 0.9164931442347771 0 0
1.449322086016047 1.557644183614176 0 0
1.566680010632028 1.651629224091798 0 0
1.98739270623828 2.541927427293547 0 0
2.962736833231435 3.945682337007816 0 0
4.786154830784862 4.949440774964152 0 0
5.263479308705993 5.529352301597955 0 0
7.161181922969472 7.338974609474399 0 0
7.64402725655729 7.71444334014019 0 0
7.762567853460777 7.80988125754091 0 0
8.807436482503055 8.824747856883683 0 0
9.958074665093523 10.01474536175371 0 0
10.36626631846737 10.83160956129687 0 0
10.90538761041269 11.13386839912315 0 0
11.52211907285811 11.6367095617852 0 0
13.43786732037574 13.44365297023002 0 0
13.55749889396043 13.75518164289951 0 0
14.48811014295796 16.3192799685154 0 0
17.42620958259115 19.45946543109226 0 0
19.85854494982512 19.86682184763724 0 0
20.27018740096427 20.45411117044641 0 0
20.85871780453004 21.04508712292201 0 0
21.16447672666119 21.20659048204332 0 0
21.34759818785859 22.65969316128245 0 0
22.85161606779383 23.1817493455524 0 0
23.22621274705233 23.36335816966384 0 0
24.58913864639895 24.75743743157263 0 0
25.11011649424863 25.2574004161604 0 0
25.91625324915654 26.2103942876114 0 0
26.32955753448872 26.5329154634845 0 0
26.65724068895321 26.94886588394744 0 0
27.31998235748724 27.41534925224108 0 0
27.81661646622356 27.82801503196231 0 0
28.16028231333499 28.16084191732311 0 0
29.22523948260453 29.53793005409216 0 0
0
27
0.1618734945169774 0.7597031575237108 0 0
0.9056987129832099 1.185765455294364 0 0
1.270915385079446 1.434422257219088 0 0
1.471136831515239 2.276620331414168 0 0
2.566430802542748 6.120155161077067 0 0
6.865871712849183 7.010432397444612 0 0
8.018910887816881 8.091121639420759 0 0
8.120872200360836 9.193223810885657 0 0
9.77537711952451 10.46757310164666 0 0
10.72738439487621 11.98778082442824 0 0
12.01956668530802 12.6765805187986 0 0
12.71764848581746 12.84479280933658 0 0
13.40812119769795 13.59529375005429 0 0
13.7668987549482 13.84606472947128 0 0
16.52450465852788 16.61622829827698 0 0
16.73543033616911 17.54042630657322 0 0
22.24137911813461 22.86472585077213 0 0
23.00075335795523 23.29947563076961 0 0
23.4263326396233 23.79346985634513 0 0
24.00644715883714 24.10252805837083 0 0
24.15861816661015 24.2484331594207 0 0
24.28698998938713 24.32132862382785 0 0
25.33679887038271 27.96119525149854 0 0
28.03636442597046 28.19465024866597 0 0
28.60510883938242 29.07664383597259 0 0
29.11734587792244 29.1265816239432 0 0
29.32244344306065 29.33851119654296 0 0
0
0
34
0.07631361328300207 0.1130209320856813 0 0
0.3095560700518902 0.4162934942383352 0 0
0.9176840387060646 0.9501062510720698 0 0
1.378980272688039 1.397660937938955 0 0
2.024318005420245 2.024848866013688 0 0
2.028213366454978 2.126671168540654 0 0
2.244808966578049 2.281996689441552 0 0
3.251524507744232 3.296965362691064 0 0
3.744921308416223 3.864765771032187 0 0
5.640284075789433 6.815781787435796 0 0
7.495726749220805 8.027842077357203 0 0
8.087403488904885 9.274420967970967 0 0
9.295997164212505 9.59108096459418 0 0
10.3372513301247 10.93740490734014 0 0
11.04712698095255 11.37752488103125 0 0
11.41421013410796 11.53789329537768 0 0
11.61630455161733 14.49806112106686 0 0
15.4415903037948 15.46271436751395 0 0
15.51383725087348 15.5314783728418 0 0
15.85669241124048 16.28755802267832 0 0
16.49226680056015 17.09683464287244 0 0
17.54615117956736 17.55023619925402 0 0
17.62411549147435 17.75615062217102 0 0
19.6859711669658 20.41092706206708 0 0
20.45156552127522 20.48739062759723 0 0
23.59815790960049 23.59972198911727 0 0
23.71403965773203 24.03457609247717 0 0
24.55340232533689 24.70853944556704 0 0
25.23410433961389 25.57764353084526 0 0
26.20527993840075 26.36459830328195 0 0
26.91565346166194 27.12325449215187 0 0
27.96997608491651 28.37705668558124 0 0
28.4993810934374 28.64020506685908 0 0
29.06152501918625 29.13416374969936 0 0
0
