# Status file for ctqmc. Used to save all times t_s, t_e.
10
36
1.128790887116081 1.10396803979515 0 0
1.167280661876233 1.166313616157769 0 0
1.831490726589765 1.516092002742955 0 0
3.122818430604347 1.972846296376392 0 0
3.472601718477268 3.190649658447832 0 0
4.121874976172887 3.60080871628525 0 0
4.562339271153893 4.252038826636754 0 0
5.705259331161891 4.952442609164517 0 0
6.769770402216137 6.323457274329238 0 0
7.215735802223428 7.109068964016077 0 0
7.913320716594122 7.302724538344814 0 0
8.962448258344832 8.7455789293377 0 0
9.718679354866943 9.198699846833179 0 0
10.6053573645812 9.941470081853607 0 0
11.00436723535697 10.64231584116985 0 0
12.92111847341408 12.3063934451448 0 0
14.01858865322619 13.8122339534061 0 0
15.24284822678668 14.8115861201276 0 0
15.83257497258686 15.48542818582079 0 0
17.27616027116542 16.23043436189564 0 0
18.6858322018006 17.28547864218649 0 0
19.43597058421636 19.03768837663451 0 0
19.85500352322866 19.84925198507719 0 0
19.96602849968033 19.87504735035096 0 0
20.65200746814338 20.01584629722804 0 0
21.21875434707566 20.7107293379841 0 0
21.89609977371142 21.4361185246984 0 0
22.08432205643748 22.0639141894838 0 0
23.26874576818127 22.21663120923025 0 0
23.63760098886389 23.42319383117768 0 0
23.91682201399838 23.74964960813959 0 0
25.3766000374227 24.3000347460961 0 0
25.77927473364322 25.42325253063898 0 0
26.14912287030614 25.92463618210758 0 0
26.70248141961339 26.15671651328804 0 0
27.30893035915916 26.90283944574176 0 0
0
1
23.97508800029755 23.62392783164978 0 0
38
0.2220663848738056 0.09738894549970922 0 0
0.3570723204540643 0.2822543280731364 0 0
0.7407416866780316 0.5011004692397805 0 0
1.592898784310853 0.7789568867449577 0 0
2.467913501004086 1.718504498610289 0 0
4.300733662185728 2.611883474043338 0 0
4.752991335348629 4.512358251542435 0 0
5.644008972933835 4.852876375164969 0 0
5.956678990520715 5.951470069340097 0 0
6.408721136842249 6.111791507474212 0 0
7.293090081554745 6.60461203498741 0 0
7.634545576720655 7.561135526518251 0 0
8.585268918401523 8.509773556477455 0 0
10.03687010226605 9.241262156469993 0 0
10.71086267505328 10.1409814891637 0 0
11.09660948063805 10.80550429626383 0 0
13.31990892113773 11.16526366501372 0 0
14.35932419897671 14.28286093310521 0 0
15.47747679282023 15.27824608793771 0 0
15.65187192162506 15.5097168569074 0 0
16.7020403429129 15.71176526645607 0 0
17.33654814360809 16.8676664146432 0 0
19.29650996679874 17.49114769387353 0 0
19.40780264962772 19.31146765762092 0 0
19.55781792808146 19.4500216160699 0 0
20.40222361133722 19.94453789622698 0 0
20.51203467070189 20.49207312691374 0 0
20.90093383511815 20.62653468976605 0 0
22.46978480508546 22.31062043173518 0 0
23.7189634319713 22.76648199558249 0 0
24.03730565638694 23.80899175621061 0 0
24.27350336889431 24.03975166143584 0 0
25.12674634146589 24.30368770231008 0 0
25.73005224967344 25.13980062008784 0 0
26.17167798526612 25.74436731081804 0 0
28.05119999888722 26.37739264207916 0 0
28.87799198418243 28.16841954525407 0 0
29.84855949218915 28.89830442134225 0 0
0
30
0.009786795755221789 0.02438999020647985 0 0
0.908216746732009 4.336620438026049 0 0
4.991792645758364 5.558822469845284 0 0
5.834026741684665 5.873034648628287 0 0
6.08082966969424 6.089051937179885 0 0
6.388518879652668 6.459393293299051 0 0
8.560930485142194 8.56910211697142 0 0
9.323456372226056 9.516997064967448 0 0
9.522710544479994 9.682145214591266 0 0
9.721210896172083 9.939667035355415 0 0
9.975956509954425 11.0451768816977 0 0
13.43281912416522 13.80554238938552 0 0
14.18485501153163 14.24156846511086 0 0
14.25044599564192 14.5080851531507 0 0
14.86383965199901 14.90063081132648 0 0
15.51934640695616 15.72925265328382 0 0
15.73401615151754 16.1829287549568 0 0
16.66080136165513 16.87951236417441 0 0
17.41829065340135 17.42721646796811 0 0
17.52991173066835 18.99319167084775 0 0
19.84307680538558 20.00331173047252 0 0
21.08800917011175 21.29491565223364 0 0
21.61176777457352 21.89828938118431 0 0
22.2710415096527 23.12820803832471 0 0
23.14937375455376 23.36308826847051 0 0
24.22030074146384 24.25322542890356 0 0
24.56235295776502 25.49489552562687 0 0
26.48754061960566 26.61406798897735 0 0
27.40878888444394 27.59453392577004 0 0
27.66637837213508 28.0057199001889 0 0
0
1
2.099137902259827 1.788234114646912 0 0
28
0.1004315015995552 0.1464267787010094 0 0
0.7187849209745707 0.8721215871982737 0 0
1.241689898709819 1.40248517176152 0 0
1.449507236326549 1.46352026703061 0 0
2.02469705571808 2.539283639162754 0 0
3.031999552731155 3.033276934218899 0 0
3.618481434902032 4.054258230572264 0 0
4.712288096860433 4.758108511797032 0 0
5.329110964894028 5.40564741182252 0 0
5.55986560359198 5.700836637625254 0 0
6.708173137817099 6.741397206017488 0 0
6.866238033437435 7.018678141945674 0 0
7.082634784889211 7.11791439307553 0 0
7.676095191364384 7.79499263144088 0 0
7.802517972416863 7.958862619653114 0 0
9.19232975751726 9.28064149764505 0 0
9.48126088128739 9.545386061240563 0 0
10.30487923796911 10.35207804206177 0 0
10.80213294444718 11.02436911580193 0 0
11.1314655054868 11.21412306999698 0 0
11.87315204079032 12.0335911726474 0 0
12.29671179017027 12.34613569439021 0 0
15.12401905555672 15.27568513920133 0 0
16.86246440618876 21.26376355447205 0 0
22.75405748391795 28.16913874859796 0 0
28.33851490631717 28.53503315885889 0 0
28.58591496257536 28.67694599484392 0 0
28.78404262866589 29.5425392978815 0 0
0
