# Status file for ctqmc. Used to save all times t_s, t_e.
10
32
0.195803567749202 0.09667424422814719 0 0
2.017631902473573 1.339076306969844 0 0
2.156869239636997 2.053524102625334 0 0
4.134196983486921 3.391209760224807 0 0
4.237492434022016 4.20599388918064 0 0
4.268823101907637 4.266343980798531 0 0
4.777725788471319 4.558320974495652 0 0
4.822866107826848 4.793446011470959 0 0
4.997115520078791 4.874801556669529 0 0
6.116809454365089 5.612289705153263 0 0
6.746664177915237 6.559925849783221 0 0
6.954976311462543 6.785618614138365 0 0
8.16601531741318 7.252739457614272 0 0
9.178529227056533 8.216537129029222 0 0
12.31607627847692 9.305559729353028 0 0
12.60229998329593 12.32785886561757 0 0
12.69368645093007 12.60733283951236 0 0
13.18188943176783 12.94314864776984 0 0
15.57370141776392 13.19896754418516 0 0
16.60887433604152 15.65928530074165 0 0
20.33146197623316 16.94852210321973 0 0
21.47496110410123 20.36510941150995 0 0
21.93281286006788 21.56929559924998 0 0
23.3867290396648 22.09592800409377 0 0
24.60636753180951 23.56892862658064 0 0
25.81400180928191 24.61571106859535 0 0
26.66878409128669 26.12156106728647 0 0
26.96794910394184 26.76901654948692 0 0
28.87749743733843 27.14316810705157 0 0
29.33767097769464 29.28317612613375 0 0
29.79773429155302 29.63848827530728 0 0
29.93116454418156 29.90308552807219 0 0
0
0
37
0.601277369611021 1.275515913519942 0 0
1.282193347923548 2.569699473547609 0 0
2.674860077761881 2.723554228465851 0 0
3.178288971448385 3.213130010592841 0 0
4.183877231206794 4.504392992667556 0 0
4.567286865321488 4.618298123936271 0 0
4.798799088317548 5.981484363887278 0 0
6.148378997726583 6.176946205911499 0 0
6.54128709720983 6.865218203545258 0 0
6.866270033923354 6.961791894337519 0 0
7.063694032170326 7.140491820249547 0 0
7.43620071337087 8.433617708715746 0 0
9.522448671618942 9.796717394605052 0 0
11.1984354771164 11.26696531831366 0 0
12.53558016361145 12.69471385961834 0 0
12.84596829492938 13.07301177435496 0 0
13.11192437942917 13.2237780642679 0 0
14.09931801524138 14.16163950621081 0 0
14.25358285455486 14.31462084947047 0 0
14.77829531861774 14.7785472114594 0 0
14.96202977387848 14.97977779717886 0 0
15.28923494720794 15.73700482098877 0 0
17.03192323265834 17.0368634628889 0 0
18.58595607658548 18.64183926169707 0 0
19.26187440590434 19.32807437216539 0 0
21.0691196872347 21.10326642154915 0 0
21.81876937361792 21.96550936015056 0 0
22.13341319993676 22.26676078809016 0 0
22.80770192358556 22.91385166119331 0 0
23.63262525939572 23.78567821749129 0 0
24.7959047506456 24.87260892119526 0 0
25.32864224109029 25.50612237800025 0 0
25.85089134036854 26.04635368853184 0 0
26.58428650942595 26.70015706303397 0 0
26.98010918733113 27.23607931365655 0 0
27.32349211743465 28.52669401452428 0 0
29.67695873093369 29.84097388774271 0 0
1
10.3030264377594 9.303333163261414 0 0
19
2.505527343947438 0.1123352869394587 0 0
3.243851655305695 2.527704330972634 0 0
3.529384330364127 3.305800582949044 0 0
5.708572674074067 4.627416935136287 0 0
13.38728367694492 12.43228075111896 0 0
15.57378627993849 15.23330534185717 0 0
16.51318865038271 16.42880920935109 0 0
16.77873069830383 16.52268663777176 0 0
20.50202377695228 20.43186596648129 0 0
21.2013808856135 20.60520657189429 0 0
22.30148008667386 22.04206690513017 0 0
22.57243883307919 22.52014695862533 0 0
26.88157729002609 25.36206843667265 0 0
27.18923264428197 27.04767781814373 0 0
27.66804831493909 27.22128782478515 0 0
28.86971537009411 28.80475681337182 0 0
29.19252378656747 28.92571679665113 0 0
29.57906032727243 29.19417182700188 0 0
29.90775608325158 29.5893333676776 0 0
0
0
18
0.9442176432662547 0.5174123327820146 0 0
1.409805908672609 0.9923958164835045 0 0
3.497443646278153 1.615450274281983 0 0
4.612480294003037 3.889018470696562 0 0
4.877358203656585 4.665125021370329 0 0
6.241573168568104 4.915654605819223 0 0
7.378227450392656 6.618661733635585 0 0
8.867631439806665 7.65752319774537 0 0
9.234280873988077 8.981732387368863 0 0
17.57020465299236 17.46508333540342 0 0
17.93417655778632 17.70300643490841 0 0
18.70180496766895 18.0501803230149 0 0
18.85897454422948 18.85351169856071 0 0
19.44859859780082 19.24422445002507 0 0
26.28143976335506 25.53135434599351 0 0
28.50149448041546 26.58473668882273 0 0
28.83445664844936 28.50379328650451 0 0
29.09334992501736 28.90599656476941 0 0
1
18.98302316665649 18.98035705089569 0 0
