# Status file for ctqmc. Used to save all times t_s, t_e.
10
25
2.90965407248395 2.963413370409744 0 0
2.971000095512629 3.030081627640852 0 0
3.538883120723907 5.706690212606318 0 0
6.425364243456286 6.599829272693376 0 0
6.613775015103906 7.446521672614239 0 0
9.058836373364121 11.8065725043261 0 0
12.31099414989846 12.99936058450873 0 0
13.53913240566885 13.77172796087255 0 0
14.28867945185645 14.45987412937318 0 0
14.7439215086555 14.89419731865772 0 0
15.41217814688316 15.47239840317565 0 0
16.58167121378752 16.5970940254227 0 0
16.68591254750123 16.80245564109243 0 0
17.41770965364537 17.60513564391723 0 0
18.51705559205049 18.53622971328517 0 0
19.0980372346865 19.1695749246779 0 0
19.22507648282744 19.30222528608192 0 0
20.121726382041 20.15110653153324 0 0
20.24324690189238 20.2754595411787 0 0
20.75626276724135 20.89005380769758 0 0
22.69283713612487 23.07118713016847 0 0
25.45794750438661 25.51669347171277 0 0
26.3857850475794 27.77395548187858 0 0
28.19109714683632 28.44264423636003 0 0
28.47632543497306 28.5690608243179 0 0
0
0
35
0.2425788421347406 0.3003870618423257 0 0
1.333819840822708 1.792635468933091 0 0
1.837289255524133 2.150357422914976 0 0
2.346312733287153 2.636610565541242 0 0
3.456949961939976 4.209030836875731 0 0
5.013121852989845 5.014236368948344 0 0
5.562020772407379 5.585726595175807 0 0
5.90511327274844 6.074156538072687 0 0
6.089881361601474 6.223698071545734 0 0
6.322694208828288 6.426536135391379 0 0
6.547006631864878 6.767412230483473 0 0
6.844545896181088 8.227309717781505 0 0
8.577429110140731 9.092903347581853 0 0
9.174975420946808 11.54614000829959 0 0
11.77460327072941 12.11355426408828 0 0
13.31648619795224 13.57422001429776 0 0
13.66907230705658 13.83188979210764 0 0
13.98007748542485 14.91118593169536 0 0
16.40494895956754 16.46677109901869 0 0
17.54405186600321 18.32331990482178 0 0
18.33596081799671 18.38145479586014 0 0
18.5114588187008 18.88941256683204 0 0
19.38549781972867 19.43146836282532 0 0
19.46277103562895 19.64580434999584 0 0
20.20581403479072 20.21453752115661 0 0
20.56572807248105 20.91879907481654 0 0
21.740927206205 22.05936905568713 0 0
22.2917160366087 22.33485535219635 0 0
22.7728340990278 22.80570331347612 0 0
23.20109121987237 23.66946764416868 0 0
23.93202874051394 24.42046706214822 0 0
25.59383678611923 25.72631385059766 0 0
26.9851427107596 27.4718411813196 0 0
27.69172212886554 28.7395803087417 0 0
28.92060563073375 29.26997405005524 0 0
0
25
0.3078845445964937 0.1890805648182941 0 0
2.25635878739583 0.9048694684540893 0 0
2.832136066061615 2.686233945386535 0 0
3.07143862411003 3.031503122552608 0 0
4.173645849291365 3.436734415555783 0 0
4.350970920568987 4.220473537196876 0 0
5.992460557161903 4.404054104512209 0 0
7.154972656758834 6.29442337165438 0 0
7.995495640237503 7.681425591530026 0 0
9.185966444522556 8.689104968732609 0 0
10.24366050104597 9.201122645661398 0 0
11.28954067790929 10.31323565208534 0 0
12.77430635903891 11.90705283801873 0 0
12.91513759388797 12.80990677212977 0 0
15.53768224322933 12.99800594765774 0 0
16.74816850869663 16.4646867853824 0 0
20.46399775571588 20.14308547635321 0 0
20.83079209419551 20.70710737682709 0 0
21.19750511821518 20.89487169821268 0 0
21.63915189183396 21.25272934176792 0 0
22.12509136054024 21.93007051508423 0 0
23.06891432704025 22.68053127457537 0 0
23.49785259766816 23.08836259243302 0 0
27.80366267045564 26.70569948884786 0 0
28.7344054730902 27.88881032958205 0 0
0
0
24
4.88675455126763 3.760947862796337 0 0
5.748530011482961 5.664521538275206 0 0
5.938794211842346 5.881540638711652 0 0
6.899862676454982 6.728371745280874 0 0
7.435334230974804 7.063760453226927 0 0
8.079877824923701 7.735999161916396 0 0
8.936823364267095 8.166008024847843 0 0
11.7844352807519 8.978494611339793 0 0
12.68152362795661 11.84293094343088 0 0
12.7934276683747 12.71376442309073 0 0
13.27059808248227 12.83375461067749 0 0
18.27248412335033 17.46181423139227 0 0
19.05409122941053 18.56473668216724 0 0
19.13968096995563 19.12578333015842 0 0
19.77615910353369 19.68035499804499 0 0
22.9466249808759 22.7852185257084 0 0
23.27376431184192 23.21602966551649 0 0
24.19023512185434 24.15925782075448 0 0
24.63730075587577 24.60985452667667 0 0
26.47367838764636 26.31390811632792 0 0
27.41787520232853 26.67287001330936 0 0
28.42013611656596 27.69141178278277 0 0
29.64394525776781 29.19409424639859 0 0
29.93945547248956 29.78884096648793 0 0
0
