# Status file for ctqmc. Used to save all times t_s, t_e.
10
23
0.4199870872270228 0.4904284107892315 0 0
1.174850562348828 1.297047893697066 0 0
1.38932064335965 1.681500947696696 0 0
1.692870053073595 1.703176697269463 0 0
1.895374347730819 2.587097614922976 0 0
2.604981411421773 2.760420280572941 0 0
2.991765479963837 3.513542444656589 0 0
4.214097304407603 6.378006596502095 0 0
6.396020448432993 6.44499629073216 0 0
7.94464910371954 8.299625199246115 0 0
8.39979582375234 9.40620319145987 0 0
9.72788258216144 10.82660425312299 0 0
11.66265931921571 11.88251366506134 0 0
12.82797488519584 13.02876011977657 0 0
14.10821825438688 14.22615308151472 0 0
14.65889011473126 16.9914548293348 0 0
17.25419187183872 17.26669138541446 0 0
17.79729029569733 20.05709313712513 0 0
21.89020135497523 22.50892088782236 0 0
26.75665606877723 27.01877080927096 0 0
27.04322163693907 28.09170985545718 0 0
28.61671905933416 28.72326909705404 0 0
29.03063255966856 29.7633811714782 0 0
0
0
26
2.377880348546128 1.941467115687505 0 0
3.197588820370378 3.172024048803972 0 0
4.119635293677653 3.378386892289627 0 0
4.921773172534307 4.242294856383226 0 0
5.900803998350428 5.450086549043778 0 0
6.418140523342526 6.342410891520052 0 0
7.543589447793357 7.511897034716686 0 0
7.903968649697555 7.82905201141366 0 0
8.317992387678137 8.159068789917344 0 0
10.4385425287628 10.34768135200896 0 0
13.83444856664009 13.25828537288345 0 0
14.25893180738792 13.85757568862766 0 0
15.49309387860296 14.45187632436846 0 0
16.0411184541017 15.83110582403602 0 0
16.4548325450758 16.38459357463034 0 0
17.59822526198928 17.13891257525723 0 0
17.8269459731089 17.81181968507291 0 0
17.88354743546445 17.85251363757057 0 0
19.69103535874233 18.63892640787794 0 0
20.65318477758047 19.72054506107982 0 0
21.82105662077833 21.63475503619334 0 0
23.64707518495734 23.15218496234666 0 0
24.08411484278982 24.03824539691553 0 0
24.83948640204091 24.69394644613285 0 0
26.56648745704726 24.85396065703691 0 0
28.5042684466125 28.34871370853651 0 0
0
30
0.005699312326527206 0.2912686890631465 0 0
0.4110318132035634 0.5395719770960462 0 0
0.7440167101722854 0.8812990350906792 0 0
1.474850804433869 1.524982860551381 0 0
1.950920349492477 2.017722377013136 0 0
2.593890094117703 2.669060146623229 0 0
3.129645737536782 3.158165669355445 0 0
3.838644170633105 4.244297589067853 0 0
5.886851164284206 5.919116605362878 0 0
7.0013691119653 7.009648326976251 0 0
7.987488938992111 8.974059628147142 0 0
10.33608628797095 10.39164467072179 0 0
10.89469717715543 11.15363022063015 0 0
11.76241692974908 12.29722255644247 0 0
12.57124543334444 12.8262665676896 0 0
13.07215551986409 13.11884071175984 0 0
13.14291068052635 13.17124645425472 0 0
13.55518433676542 13.86177748513068 0 0
14.71085695306472 15.38421132098841 0 0
15.82603138534576 15.85542573113528 0 0
16.73968773907955 16.81500435714809 0 0
17.24386188119673 17.58754269003784 0 0
19.15133706337759 19.5875218577137 0 0
20.34276437364973 20.56438646937469 0 0
21.66598262146361 21.67047852323893 0 0
21.90044647420874 21.96301974169181 0 0
22.07955311861312 23.977824028529 0 0
24.35697789096773 25.34910682604909 0 0
25.60356374379024 26.62508685535957 0 0
29.7345245254217 29.94735080623902 0 0
0
0
28
0.06006474381499061 0.09187755016284171 0 0
0.2597609596991362 0.3427445064340816 0 0
0.7213404793335565 0.7495020408705885 0 0
4.49159908666953 5.083825368482799 0 0
6.440848292828119 6.702197432284724 0 0
6.727005157249533 7.827808477986886 0 0
8.41457874340891 8.530342589215998 0 0
8.798848047270521 10.60727525527795 0 0
10.631793238282 10.64184878344737 0 0
11.27086094402961 12.47443909863678 0 0
12.86628692407647 13.65969212707204 0 0
13.74008240428206 14.61463395030593 0 0
16.70248483339959 16.83521573006865 0 0
17.23331124278143 17.5492249886192 0 0
18.59955577946496 19.00609330776899 0 0
19.272904346297 19.30147881892795 0 0
19.65748032906578 20.33445506484239 0 0
20.35805003532681 21.16352537571166 0 0
21.75846996761559 21.90041978728664 0 0
22.56015030123771 22.90814939500245 0 0
23.14885790147447 23.78475644467646 0 0
24.93047115806344 24.99916434062115 0 0
25.02906423581997 26.5612123522696 0 0
26.76646256999483 26.83420804965603 0 0
27.4984750079909 27.75584310025799 0 0
28.34979312808778 28.47878236373957 0 0
28.58918431253628 28.64932130413111 0 0
29.02012351330715 29.36942848463206 0 0
2
9.962542190954794 7.96546950270006 0 0
13.22845637798309 10.15937169980204 0 0
