# Status file for ctqmc. Used to save all times t_s, t_e.
10
26
0.4885204821856607 0.9018258138685419 0 0
1.061985968272227 2.071546339183583 0 0
3.861630051948976 4.338225756637468 0 0
4.762828634511805 4.836382530363639 0 0
5.388921887581168 5.570897248257273 0 0
6.29062587290204 6.327920676782669 0 0
6.511485343577878 6.840645628972521 0 0
7.197070830067299 7.863665733720758 0 0
7.881496065892176 7.895323723894173 0 0
7.939930005257331 8.493160915956645 0 0
9.291843761729858 9.582663561967005 0 0
9.59982021064862 9.602022925193086 0 0
10.0978868070331 13.02289810519278 0 0
13.42825196797759 13.8355843149651 0 0
14.14712458103509 18.18267420814083 0 0
19.15139322599727 19.43918547780763 0 0
19.51695267085658 20.64034694130911 0 0
21.20175895683415 21.68558852570964 0 0
23.0293440951782 23.08118904887849 0 0
23.25745651962959 23.31293236044009 0 0
23.38170912195863 23.44768139046332 0 0
24.73438665824364 24.94052036971613 0 0
26.297903165757 26.56958099443325 0 0
26.83653911531533 27.41697528553318 0 0
28.25363899925816 28.88478259999071 0 0
29.44371800919349 29.45717243946521 0 0
0
2
10.25721437323446 9.423592686653137 0 0
11.45990610122681 10.33548292027121 0 0
20
0.1455705480990268 0.05027354112175786 0 0
1.363559223926136 0.9794590372663972 0 0
1.932632922181162 1.862940918301406 0 0
5.166131044426363 5.03062880743778 0 0
5.339669246542086 5.247323876636768 0 0
8.246944114096296 7.908658961968596 0 0
8.514461807226841 8.429592019426579 0 0
10.75940252214778 9.593745919650507 0 0
12.86547432210076 10.94478429939942 0 0
13.01749737629016 12.8662358526886 0 0
13.97947849687575 13.6527779431747 0 0
14.52931769068749 14.51217546477008 0 0
18.81299535485556 17.20260392686282 0 0
25.08973489973896 24.74608768514826 0 0
26.20837440279905 25.23197905072832 0 0
27.1162722281042 26.47643493872006 0 0
28.11356796437163 27.12341382961117 0 0
28.44617010138934 28.43508933190708 0 0
29.04629297043454 28.55313531906298 0 0
29.42938945854013 29.0787672121874 0 0
0
32
0.3794690035676602 0.2446656191412302 0 0
0.8854055684716198 0.4383922432213673 0 0
2.125924344327176 1.167662933548865 0 0
2.566682381432596 2.517178363217736 0 0
3.111782436132081 2.637984079390541 0 0
3.783503382454021 3.26834727859343 0 0
4.095393870719986 3.798927131098242 0 0
4.854113432585133 4.161363332651167 0 0
5.892976217675601 5.010223638961084 0 0
7.808145209772277 6.066315560229412 0 0
7.956580721397696 7.884411705479256 0 0
8.661581742958605 8.063061327239106 0 0
11.52297361905126 11.00159212233907 0 0
12.42892436307537 11.52386410568288 0 0
14.17737789769764 12.69178898062771 0 0
17.71869900690295 14.28409233432476 0 0
18.46171186923844 17.82762741228754 0 0
19.21040475078402 18.94055024679147 0 0
19.45399379731181 19.29938180673043 0 0
21.78851222972041 19.53462218729294 0 0
22.37975476801941 21.82118915265225 0 0
23.31736559740757 23.05445191915036 0 0
24.32450158156255 24.13110215764532 0 0
24.53999530200404 24.53179772522751 0 0
25.18192193758194 24.58719481361854 0 0
25.30085844860973 25.19190933942329 0 0
25.65382618906877 25.55803791877893 0 0
26.76027529810127 25.97849899272804 0 0
27.03916539303687 26.86353762209317 0 0
27.20610290240985 27.18992762398534 0 0
27.53711260148621 27.50831154087842 0 0
27.76252987056979 27.70722411053733 0 0
0
0
31
0.4509421148081572 0.471686706166645 0 0
2.436329176830914 2.444721805758065 0 0
2.708510325722068 2.801075242156833 0 0
3.356297663238273 3.662808656281112 0 0
5.142476487741769 5.42345742258478 0 0
6.380169692932266 6.42972820218021 0 0
6.634788066962737 6.769574795724773 0 0
7.184030188474127 7.360757289614831 0 0
7.435289087866039 7.441328721610819 0 0
9.534396029302327 12.85592010732392 0 0
13.38713162997146 13.42862912598609 0 0
13.91632728618665 14.27833561965254 0 0
15.72824158282104 15.80653682784185 0 0
17.31127603736535 18.19425944672082 0 0
18.27448117574315 18.45433248498843 0 0
18.62735820743644 18.65464304475559 0 0
19.5919320722258 19.62320629496778 0 0
19.77313673040547 19.89384385719053 0 0
19.96861113067562 20.00474064086596 0 0
20.62375577220617 20.89158741161842 0 0
21.91304608931544 22.44632252104615 0 0
22.68204404506613 22.73435440860154 0 0
22.73842959543374 22.89421756318773 0 0
26.69070778318603 26.89654184958682 0 0
27.24390585766729 27.2853386045097 0 0
27.48582304915598 27.62862383764369 0 0
27.90994344684293 27.97725534242513 0 0
28.26508991563136 28.50155842066452 0 0
28.82960627242916 29.21409304005747 0 0
29.51152690303296 29.51588722827934 0 0
29.76566555604461 29.83780192767322 0 0
0
