# Status file for ctqmc. Used to save all times t_s, t_e.
10
33
0.1665547582762265 0.384608808025671 0 0
1.726326252496955 2.28252763322318 0 0
2.57985284846737 2.797595535975401 0 0
3.008929016042551 3.060402559626434 0 0
4.308138529240086 7.86603996097438 0 0
8.171774091170645 8.658310438568391 0 0
9.195800439994722 9.232035777116938 0 0
9.321043389675618 9.513363612719836 0 0
9.89674533848396 9.926906181420145 0 0
10.60523206383341 11.12319121985755 0 0
11.37718194250508 11.58374024011093 0 0
11.64957896223066 11.65734663167784 0 0
12.4093624188501 12.96926886962892 0 0
13.10382442029422 13.10669255204152 0 0
13.13204172889519 13.83330694728803 0 0
13.95715618237857 15.37658843975568 0 0
15.83695816999292 17.20039978012738 0 0
17.62437687773841 17.67855798526045 0 0
17.71876830499019 19.49922287828086 0 0
19.63131249397497 19.68073918781941 0 0
20.02118357101253 20.08287768395764 0 0
21.03667258448917 21.29786976578916 0 0
21.46408862593704 21.47458489416201 0 0
21.96462283440024 22.26352459233526 0 0
22.41048241379536 22.73175772489096 0 0
22.82276038713834 24.30391405006667 0 0
24.85096805761173 24.88603144613818 0 0
25.71864391049077 26.27158964422752 0 0
27.35722738555696 27.63592838637698 0 0
27.65222792513303 27.96155949180777 0 0
28.08262949495314 28.29035664060102 0 0
28.54832693805604 28.70604195029247 0 0
29.11736674428382 29.53870109615656 0 0
0
1
29.20558333396912 29.20269906520844 0 0
23
0.3870989029423271 0.1170844651356759 0 0
1.931016922200812 1.709743536272044 0 0
2.82165477353309 2.449133648725034 0 0
5.426053042771183 5.388577024320134 0 0
8.036063618538794 7.999171308247971 0 0
9.16098869442385 9.001123055075295 0 0
9.713878646120209 9.341458369734642 0 0
11.83164041415034 9.810748362740934 0 0
13.35170416449614 11.91386182509236 0 0
13.64285244468373 13.41272611814424 0 0
14.03226170217913 14.00487864581259 0 0
14.21764603497534 14.03602527708084 0 0
18.75210784381394 18.113535096552 0 0
20.46239750570064 20.30163328287242 0 0
23.80280706730324 23.01475158315001 0 0
24.07077072589214 24.02802759301429 0 0
25.08559154671814 24.87906377369246 0 0
25.6198379968651 25.43347383333085 0 0
25.87678793185912 25.79325182014154 0 0
27.53384666554884 26.47782267750516 0 0
28.25795361640537 28.13150879439957 0 0
28.75306659715941 28.26271188025385 0 0
29.56600386935164 29.4246891448334 0 0
0
27
0.4507590184225805 0.5798575256079853 0 0
0.8592673422943566 1.114262086964047 0 0
1.400200212446765 1.475157192132168 0 0
1.663250243907539 1.666589490629854 0 0
2.180882938321566 2.183654648512509 0 0
2.256239992876606 2.285607974916779 0 0
2.403507799875638 2.411308942190856 0 0
2.933038715547938 3.645302934405663 0 0
5.014432718076136 5.10226152263576 0 0
5.19139231664118 5.395907844165135 0 0
7.254383543338909 7.266622762159937 0 0
7.780357529761098 8.480076348949929 0 0
8.809873370825603 11.56159924173522 0 0
12.5022373515795 12.73820116652417 0 0
13.15678925333294 13.16441125870462 0 0
13.37991278956392 13.40951902826461 0 0
16.04530035965048 16.13266916537678 0 0
17.6975404339819 17.72170060212249 0 0
18.59970984720557 18.63328160972705 0 0
19.12233736885173 19.15064544488123 0 0
19.41359881977849 19.41760367033061 0 0
19.65578691320967 19.75035507335694 0 0
20.90985409930532 20.96997842216523 0 0
21.32353049632827 21.84402474142481 0 0
25.03552432776099 25.28635808987283 0 0
25.54480071533488 25.56650206610215 0 0
27.21081746043462 27.62945356592951 0 0
0
0
30
0.02555072129562674 0.4784979027556844 0 0
1.094129789399429 1.988463213277815 0 0
3.672698523565402 3.912950523630252 0 0
4.148489203471117 4.415962306070851 0 0
4.60082764540745 4.727211393091367 0 0
7.693082434427883 7.702020596459445 0 0
8.39059532368203 8.582934701301838 0 0
9.45123961936425 10.66059846436933 0 0
10.86878510519109 13.06350940517311 0 0
13.8125707185123 13.8833566979224 0 0
13.96309379323779 14.12149546149629 0 0
15.32001383465042 15.88592087046017 0 0
16.79993765558069 16.82033907389383 0 0
17.2449690485409 17.38908086286353 0 0
17.54205853830081 17.68756267142843 0 0
18.58204599232419 18.71054904084681 0 0
19.99550552505013 20.21288616488851 0 0
20.34801510940104 20.36801665927544 0 0
20.98467773551687 21.23227606047794 0 0
22.02822568665409 22.18842872143568 0 0
22.2836818641201 22.29146603373876 0 0
22.603418750889 23.77159134551805 0 0
23.77440631160816 24.5170401936709 0 0
24.5709021020793 25.26646623718102 0 0
25.91076439014997 27.0956776584028 0 0
27.20425063461644 27.21123963984913 0 0
28.26157023620318 28.88375668842843 0 0
29.03859400830313 29.13232306948288 0 0
29.19616938879508 29.25219454797065 0 0
29.64379932389607 29.95719626710197 0 0
0
