# Status file for ctqmc. Used to save all times t_s, t_e.
10
34
0.6929552378619885 0.08279561111499234 0 0
1.261771073848769 0.7112167894537247 0 0
2.152251962819609 1.42307369052999 0 0
2.516165742824443 2.219874111988615 0 0
3.334830243248609 2.590542951497808 0 0
4.442900560876084 3.608437726658427 0 0
4.794094841782655 4.550208336136365 0 0
4.966914237801056 4.948343824331757 0 0
5.894026738616234 5.066494167984986 0 0
6.42601081800119 5.96672641473882 0 0
7.536296234250357 6.54848955889628 0 0
7.928117192185511 7.766828157723527 0 0
8.501443713173179 8.165271037839613 0 0
9.811531695167606 8.545251656909766 0 0
10.63993180478769 9.84667224565405 0 0
12.24852521602586 11.40300683695987 0 0
13.18373722923453 12.44388530641194 0 0
13.68235370461343 13.19120324499795 0 0
14.54014791191774 14.42391737726445 0 0
15.21412080335464 14.91140450344598 0 0
16.37050377550243 16.27775731084627 0 0
17.92969545837745 16.61439978439746 0 0
18.17826660893095 17.95916082110712 0 0
18.39725086030329 18.18829805957617 0 0
19.95336921103438 19.05804023173145 0 0
20.6726328758553 20.47026226215615 0 0
22.67165336861965 21.34135721203197 0 0
24.0153645089688 22.74855721309294 0 0
24.28708557052096 24.15221158073049 0 0
26.85398835338759 24.37404468822027 0 0
27.56409733191092 27.46578836155811 0 0
29.19646857521821 27.96338565620133 0 0
29.68283399488066 29.25800405548423 0 0
29.9403671964151 29.93355124877898 0 0
0
0
27
0.02288968101930777 0.07263182842197935 0 0
0.1616533563134794 0.3796718866528274 0 0
1.450577529008811 1.487082293353035 0 0
1.51643213763062 1.629317616220874 0 0
2.246362927738112 2.291460167459501 0 0
2.294160378605463 2.357470464164017 0 0
2.84374877889265 2.919011109614309 0 0
5.140043580916002 5.251555811323279 0 0
5.356093744659471 5.434637057597763 0 0
7.064561479570092 7.802421659685736 0 0
8.212840790270374 8.213986099692097 0 0
8.463309846407673 10.86453641612134 0 0
11.20228930678216 11.68231629510254 0 0
11.89625973900739 14.82432852600324 0 0
15.10179218942881 15.18251198815948 0 0
16.11246006281645 16.16190262718149 0 0
17.59392335432889 17.72466606037559 0 0
17.93190257983412 18.1643738856865 0 0
18.81874577332992 19.14088847889084 0 0
19.29300551155033 19.49254616726705 0 0
19.59964886005357 19.67259520968033 0 0
23.11288814218342 23.22129833786944 0 0
24.77246349335102 25.05536223259215 0 0
25.77293001014877 25.95959348171457 0 0
28.05187672666456 28.1659280435201 0 0
28.46938584692523 28.8194065970754 0 0
29.94795283580417 29.95469448317474 0 0
1
2.087345123291016 2.023358345031738 0 0
34
0.03429108854964724 0.08406548860090526 0 0
0.3907940896442745 2.69700936235617 0 0
2.818917131661935 4.41044592665445 0 0
4.59402714983038 4.628376637919162 0 0
4.925613276734261 4.948229941773057 0 0
5.119984388502369 5.17621489056364 0 0
5.227848799412886 5.298507360344195 0 0
5.399041948292462 5.527691433201833 0 0
5.554387206424105 6.874812310450997 0 0
7.041637843369895 7.054249482014388 0 0
7.267665935503074 7.287788839390168 0 0
8.127332614855634 9.145530822204844 0 0
10.01028220558906 10.05265796055165 0 0
11.31191694339666 11.40983599210756 0 0
11.54870836979916 11.75124733277214 0 0
11.78869935852586 12.09180206805122 0 0
12.26016694941252 14.01119155836174 0 0
14.10256095828591 14.13427222137498 0 0
14.4063819718238 14.57044600139173 0 0
15.0087748054381 15.02727810035394 0 0
15.12209373124959 15.32859596925758 0 0
15.97452975270481 16.05425163918554 0 0
16.67375825918601 16.80586462924475 0 0
17.06913375527648 17.62779088165844 0 0
17.71841966891082 18.46986262655923 0 0
18.73690036049705 18.84538748316683 0 0
19.53355823326934 20.74671813406358 0 0
20.89712032307609 20.9150440654156 0 0
21.15936643581167 21.24049747820218 0 0
21.26432409890031 21.33560484924513 0 0
21.70098411093355 26.22357706012733 0 0
27.65626319905304 27.73850592359246 0 0
27.9281777559307 28.61974342551765 0 0
29.19522686182037 29.57939551414502 0 0
0
0
19
5.959144615503741 5.506905842888933 0 0
6.068175609830759 5.963667668301076 0 0
6.758915747049313 6.145682718218584 0 0
7.498628384043188 7.093884040798024 0 0
8.024409470892481 7.98865070736827 0 0
9.037798112023467 8.10449703473547 0 0
9.852380934785142 9.318694463370575 0 0
11.08306246161157 10.30494637374915 0 0
12.71236717570075 11.27013957449598 0 0
14.75995239355102 12.90979548766848 0 0
17.16779538483761 17.11799543004016 0 0
19.07564885449546 17.53269964402426 0 0
19.89059846090737 19.10969449023074 0 0
23.04643806101213 22.1936387868452 0 0
23.15853169255451 23.05724994405456 0 0
23.83211967080283 23.36959504584951 0 0
24.26690562579172 24.23867790040303 0 0
25.04766536517632 24.92897987733044 0 0
25.65104534555392 25.59464540411011 0 0
0
