# Status file for ctqmc. Used to save all times t_s, t_e.
10
21
1.390380970248184 1.53084569567572 0 0
1.883368960211638 1.989547193781107 0 0
3.341950134126323 3.505334432187166 0 0
5.751058309269069 5.774032498799822 0 0
5.860914297659813 6.095532808917545 0 0
6.56027575099179 8.482097901273198 0 0
8.996600227006768 9.135130607330368 0 0
10.72320098726797 10.77715970279107 0 0
11.38272144928482 11.48789438518212 0 0
12.80250302593389 12.85008057018452 0 0
13.32704953447849 13.44483230139695 0 0
14.33751654196167 14.66129485295494 0 0
15.44761333665439 15.57373450974612 0 0
19.01491140352429 19.25552332366868 0 0
20.22493408393831 20.42380798558619 0 0
22.53072893581068 22.56484784796153 0 0
23.3281003681174 23.67490555073144 0 0
25.28795217625569 25.32341378288838 0 0
27.05515060576023 27.10765497911063 0 0
27.24743343340447 27.26565268925152 0 0
27.58633737910496 28.32842226352451 0 0
0
0
30
0.4735496375595041 0.4932017412054946 0 0
1.138062396071613 1.304525399386435 0 0
2.420264860949136 2.550934118655527 0 0
2.668031996823616 2.819806457452366 0 0
2.877965114451861 3.444711183262847 0 0
4.646922110849403 4.754766947103532 0 0
5.118087360855796 5.344949868721646 0 0
5.560868049417051 5.845251828604819 0 0
5.950138982608133 5.985939680321969 0 0
6.069848069741314 6.467814983905901 0 0
7.013224627916338 7.070038831137896 0 0
7.185190133089818 8.1736241601395 0 0
8.574740112924593 9.008504164057562 0 0
10.9612611429788 10.98183456385397 0 0
12.52423302061863 12.69324096124674 0 0
12.98285793423942 13.0227068648894 0 0
14.27303682488025 14.37383988995283 0 0
15.81822945941319 15.88889490978225 0 0
17.0709076518858 17.68747331320741 0 0
17.87414427594089 17.97904561965535 0 0
21.14447096033667 21.20494221697037 0 0
23.24800718700086 23.27430087923949 0 0
23.46271423719934 23.60354757130637 0 0
24.8189796410538 24.94991327380691 0 0
25.30566405121588 25.32164084360536 0 0
25.45464801847718 25.48767698712568 0 0
25.49749860634537 25.65926275011808 0 0
26.26682747694892 27.52980589457777 0 0
27.68291246237153 28.00422004001397 0 0
28.62342526458332 28.78861543709199 0 0
1
7.383672595024109 7.341324090957642 0 0
23
0.6874829968315533 0.1422040780997373 0 0
0.8531709254809821 0.804796857383552 0 0
2.055464797865019 1.091761109670623 0 0
4.719936830721747 4.654013962276615 0 0
5.624832247074891 5.613542659119931 0 0
7.754433867393339 6.611669230478666 0 0
8.228206894667974 7.756814684060351 0 0
9.42026058624303 8.29751902152562 0 0
10.24282568773974 10.13698983639207 0 0
12.45087600421763 12.35997978287609 0 0
15.56178418069782 12.86706241913028 0 0
16.04206945951286 15.57346418517786 0 0
17.53426205113628 16.23817533616888 0 0
19.69837850879702 19.20534408483296 0 0
21.70068987666118 21.67146822112303 0 0
21.92232414997124 21.80943636834874 0 0
24.21888306154082 22.62229519547311 0 0
25.39821464372309 24.39889673351136 0 0
25.91604031144183 25.66893498280443 0 0
26.19775660785231 26.02532837383445 0 0
26.32456243978636 26.29546610256594 0 0
27.14384207468237 27.01762187053073 0 0
27.9736315112828 27.5099709236834 0 0
0
0
21
2.843669549850124 2.394486020156718 0 0
3.243856807008495 3.020955459128051 0 0
3.480451516074443 3.263943085677691 0 0
4.597175440516239 3.737990333827204 0 0
5.305367618090445 4.680049605345741 0 0
6.86212485990835 5.397462559832713 0 0
8.837154805003014 6.898327352827681 0 0
9.757019688548956 9.074010983535796 0 0
11.5617088412009 11.26375142980087 0 0
12.51682461204419 11.58127909425885 0 0
13.07460587370199 12.75201181547904 0 0
13.20903193922582 13.10001564206225 0 0
16.62339477779567 16.52776527073868 0 0
17.55791426664215 17.11952074378055 0 0
18.81899128830393 17.71677040870028 0 0
23.64237987933598 23.53767166847341 0 0
25.53554731825939 25.41860660423684 0 0
27.93342602711203 26.2481438397284 0 0
28.65545149383042 28.06616110749781 0 0
28.90180532593432 28.69927556194075 0 0
29.23052635515119 29.11621904300683 0 0
0
