# Status file for ctqmc. Used to save all times t_s, t_e.
10
23
2.971583218991483 2.138986437274556 0 0
4.038221706253784 2.996971574540081 0 0
5.433677476168628 4.830990735029847 0 0
6.365268965589803 6.303080140418111 0 0
6.688172920131565 6.36842493231379 0 0
8.654114970135886 7.753324315164642 0 0
10.13191753593167 8.696254456108401 0 0
10.98970532544951 10.45962507190726 0 0
12.06440210431629 12.00086603429448 0 0
14.02606516851752 14.00850022122966 0 0
15.48876545139154 14.31508391564566 0 0
16.47981551546477 15.92896372580929 0 0
18.01231006690534 17.00390991356623 0 0
18.66966705831714 18.41105774019998 0 0
19.02897623581234 18.75067120847436 0 0
22.20658416295644 22.20232171533844 0 0
23.92960187807879 23.49913269140649 0 0
24.25524732964868 24.07235666518686 0 0
25.93793248717003 25.50474102554623 0 0
26.07904131697946 25.97909933560835 0 0
26.15464026832021 26.11404268726011 0 0
26.63489712161357 26.63062206773666 0 0
27.11437958192341 26.73911784602956 0 0
1
24.45730268955231 24.42759096622467 0 0
6
17.26401156679745 15.70395648479462 0 0
17.56524385444962 17.43455676768848 0 0
18.56483546286879 17.8063882865818 0 0
19.65354027088375 18.96432037394899 0 0
20.13758029957837 19.68494332901829 0 0
21.6638754961572 20.17393286989425 0 0
34
0.3269371104918157 0.1126733826786968 0 0
1.193608270680672 0.4627558411067828 0 0
2.003869710536393 1.449731447681263 0 0
2.108209316535222 2.021915602033169 0 0
3.46915389366808 3.192907041971401 0 0
3.738179872751355 3.554413624023077 0 0
4.738857868778298 3.862014210101549 0 0
5.898779374960847 5.197267734949326 0 0
7.830002203123206 7.308511655220849 0 0
9.341927720971448 9.31307642669827 0 0
11.16758423469198 10.92933726146651 0 0
12.16479933226576 12.13672490385695 0 0
12.73056343325271 12.46043660609601 0 0
13.65491180948121 12.78417789133862 0 0
14.97683985118454 14.93422087971152 0 0
15.57144812723096 15.41441236466839 0 0
17.42891705535931 16.03877701432948 0 0
17.61957536569855 17.55235358590807 0 0
18.31201680736891 17.87226824473132 0 0
19.00453383068595 18.53180180866735 0 0
19.25995824580968 19.04576947111995 0 0
19.96933395170395 19.87981126267897 0 0
21.53795912885184 20.47999050916714 0 0
22.43841821905109 21.66859345918336 0 0
23.02185750019763 22.61062617095537 0 0
23.94674267881134 23.53428060244184 0 0
24.61918281405765 23.96096419981363 0 0
24.94697528495218 24.73890225796507 0 0
25.76338184201324 25.74598135828603 0 0
26.24950724491656 25.82491230053029 0 0
28.45761395742626 27.69096897250463 0 0
29.24070625804368 29.14672525268518 0 0
29.46977441429557 29.3984032797564 0 0
29.97592316547292 29.60086650478162 0 0
0
30
0.3103047769533731 0.3148520445139908 0 0
2.346649051340384 4.148990589559189 0 0
4.974902632898608 5.029007108646083 0 0
5.135113183346758 5.846550953832856 0 0
6.210636420147853 7.012826710317682 0 0
9.742002375534325 9.79457372683396 0 0
10.51202058194624 11.02325589517225 0 0
12.13155729164021 12.52218767725141 0 0
13.2813985665418 13.3745207194093 0 0
13.414549189446 13.51709994341651 0 0
15.73403872873017 15.91033498582737 0 0
15.92829671307513 17.14602759570925 0 0
17.14774549082986 17.23153945579515 0 0
17.94437337157075 18.17272011534411 0 0
18.23288035413577 18.64920812549964 0 0
18.66759770486833 18.68487846240845 0 0
18.7220377480727 18.83392215338097 0 0
20.47988451138007 20.77711323618795 0 0
21.0977838046149 21.16622622533062 0 0
21.21888574122426 21.24792056599302 0 0
22.50721513973526 22.83339615125102 0 0
23.12086850897187 23.13270518299308 0 0
23.77761162380454 24.26878381191928 0 0
24.47565174928093 24.49689195399241 0 0
24.91215384077849 25.0239866171425 0 0
26.09787013275073 26.36037698622027 0 0
26.64210757592598 27.07212186247078 0 0
28.03109083324824 28.13228720146899 0 0
28.1355688619264 28.18223338847546 0 0
29.79569351386878 29.82734262627947 0 0
0
0
34
0.37449930401599 0.4422779466264715 0 0
0.7019634391406149 0.7312646001310315 0 0
0.7383190287159889 0.8392764769589713 0 0
0.9091158140817827 0.9760020126334021 0 0
1.082153442393331 1.312465431610884 0 0
1.486693079717593 1.633545891848182 0 0
2.503450847998496 2.505396492202109 0 0
2.868685053823138 3.065405876749526 0 0
3.197996455567889 3.83427154612176 0 0
3.8684191436191 3.898325592591281 0 0
3.970055585048313 4.194546891026557 0 0
4.443956358776968 4.454642482799517 0 0
5.448884822248395 5.516449828128804 0 0
5.635992395666527 6.499803616601179 0 0
8.451046279073305 8.461933744140008 0 0
8.60755374791048 9.066067474287413 0 0
9.493770414376076 10.41764645651568 0 0
11.11835977614435 11.18021315902148 0 0
12.48706194725782 13.0847222227404 0 0
13.22201627731203 13.37441584890078 0 0
13.78565491087171 14.0083751212407 0 0
15.39661232762629 15.44142319412264 0 0
16.04094062327863 17.57491537364377 0 0
17.69190971663905 21.65786241872884 0 0
22.06690398831389 22.10695762488643 0 0
22.22701222010194 22.87845151559549 0 0
23.49049801999191 23.4978749227685 0 0
23.8568875824474 24.20945787306968 0 0
24.70399491745289 24.71308917085743 0 0
25.69908473410074 25.74937763151851 0 0
26.27418908732689 26.33930319760988 0 0
26.48365395199844 26.60024447767343 0 0
27.22737304990401 27.25136760812401 0 0
27.7447445988645 27.91424947931209 0 0
0
