# Status file for ctqmc. Used to save all times t_s, t_e.
10
33
1.388367091728396 1.019975184098026 0 0
1.574704964672327 1.488159308999906 0 0
1.749209735186127 1.715850051730551 0 0
2.138743134192124 1.813126796997324 0 0
2.713752997237061 2.146804810948862 0 0
3.418178611388127 3.352257755696093 0 0
4.047058061781721 3.515420480465766 0 0
5.52777717319798 4.245528750725925 0 0
6.232659911967835 5.579343018942375 0 0
8.877873163648488 7.625406544964651 0 0
9.07114982829429 9.000394484598402 0 0
9.895078360706046 9.120783974629004 0 0
10.82738245700491 10.74994014525461 0 0
11.15656918431212 10.83952542606832 0 0
11.75039688239164 11.32502880310282 0 0
14.86888517966103 13.9220050560802 0 0
15.30628035542516 14.8730217186306 0 0
15.50175846227156 15.48572796879134 0 0
16.23044550458486 15.51266459711555 0 0
17.20493051733197 16.37087218123083 0 0
17.43599395709509 17.21263456832 0 0
17.54546999925351 17.48544633434563 0 0
18.46151302863094 17.55177040085117 0 0
20.09221371957346 18.5050064991881 0 0
20.15257721588278 20.11185229393217 0 0
20.47139662392591 20.16464929515211 0 0
22.15220762194593 20.51446989432427 0 0
23.39579793907029 22.39746064634272 0 0
24.60427872567726 23.5402485463925 0 0
26.70662082083853 24.67001290058983 0 0
27.18272328265993 27.02901570223436 0 0
28.92602277918772 27.73036404795732 0 0
29.72561788447246 29.37908687325395 0 0
0
0
34
1.83029657650982 1.892197713714923 0 0
2.762027430852679 3.208954573957536 0 0
3.328507047764342 3.472196941063742 0 0
3.766977209264082 3.89635050339689 0 0
4.387289804972382 4.432946565182007 0 0
4.483737618570307 4.516237717876836 0 0
5.018905012441595 5.032689023711446 0 0
5.908019629063931 6.301874329716013 0 0
7.539767756711191 7.619618833865553 0 0
7.906106713980919 7.939796174273604 0 0
8.03264936351405 9.58621074247276 0 0
9.788586486069532 9.844613327837095 0 0
10.26531401986011 10.47837329784009 0 0
10.65041478142962 11.43082910583371 0 0
12.75625059641925 12.82036906542427 0 0
13.55015947355677 13.58112082626338 0 0
13.58383740247963 13.75107851077783 0 0
15.25660740667778 18.08410404115732 0 0
18.6513907161123 18.68387964970801 0 0
21.40408491987265 21.58222506339792 0 0
22.63569199990664 22.65472903119581 0 0
23.37197863785125 23.44779940797152 0 0
23.51037750179341 23.59989280408906 0 0
23.90249578162093 23.92093689067126 0 0
24.13424956836369 24.13995872568188 0 0
24.44202234262163 25.37290734182335 0 0
25.60106059718178 25.80031798514769 0 0
25.84872662757656 25.89724119173944 0 0
26.29340117345681 26.32213007488901 0 0
26.46594925683803 27.331683073529 0 0
27.33881011620175 27.38880246638864 0 0
27.58093882556873 28.99528746308315 0 0
29.24608264145787 29.31732894949828 0 0
29.64935437863004 29.9653049389703 0 0
1
26.98579788208008 26.88854992389679 0 0
29
0.2100148434923155 0.4605537098243406 0 0
0.4899388899019471 0.8873555343340461 0 0
1.105352689630294 1.308747854945889 0 0
1.483059539039054 1.659869707596745 0 0
1.745915842004254 1.75225064860947 0 0
2.155190603628469 2.161049053488166 0 0
3.541156293242229 6.579441304085606 0 0
6.668854615991251 6.752824756320128 0 0
8.173394733167068 8.263479200181655 0 0
9.137592903677886 9.298717065334115 0 0
9.587050426054398 9.786952588720794 0 0
10.22176033195513 10.23903865453226 0 0
10.54649736186143 10.55208763028495 0 0
11.54576135785637 11.83845225849135 0 0
12.28941649134578 13.28712980889884 0 0
13.30497700545125 15.49146784484212 0 0
15.52132575124279 19.7255823351005 0 0
20.11043276133537 21.65385199134748 0 0
21.80036519392918 24.51189185150141 0 0
24.6555648547866 24.87496927078459 0 0
25.54082774367398 25.82147463620582 0 0
25.84002819373188 25.87196450678224 0 0
26.20745743927042 26.30771527277928 0 0
26.37337743448635 26.48575766382082 0 0
27.89878292521544 28.07021847582021 0 0
28.45796248781099 28.47983747545346 0 0
28.4941285202267 28.53025735924168 0 0
28.62903537777057 28.87741974097341 0 0
29.11711326293478 29.13220571393757 0 0
0
1
16.59406721591949 16.46040737628937 0 0
24
0.8179589601567372 4.088255738370389 0 0
4.507100993011424 5.022926535170114 0 0
5.05103748008091 5.066534378274495 0 0
6.352073482584691 6.436315138633592 0 0
7.028677656036675 7.035091560482637 0 0
7.62627740549998 7.914608170883369 0 0
9.01472108843512 9.034119824142946 0 0
9.883663015031246 10.21447959353242 0 0
10.68660836997717 12.01145748256372 0 0
12.96632687962324 13.04407473507715 0 0
13.9115932502053 15.14808186590776 0 0
15.36675874336772 15.45611487379483 0 0
16.34100596918607 16.59045347152789 0 0
18.11323961197266 19.3230130710801 0 0
19.43005863387053 21.20232081620311 0 0
21.56713053568256 22.02023325419748 0 0
22.37401671896884 22.40131035025802 0 0
22.6179075466877 23.37653980743181 0 0
25.45603158401353 25.58174493444056 0 0
25.86063352881543 26.43003046885505 0 0
26.51398732602078 26.86063629422459 0 0
27.22235569417496 27.42758082155587 0 0
28.3849833733718 28.44604026012316 0 0
28.75926168541837 29.57794976859942 0 0
0
