# Status file for ctqmc. Used to save all times t_s, t_e.
10
29
0.6690053920874455 0.4101121578548899 0 0
3.145146781772417 0.9708248224605276 0 0
4.395750003643642 3.458201924968586 0 0
4.804926279603724 4.51058153909741 0 0
4.970890690354779 4.919782419004076 0 0
5.647315215289036 5.024887977712696 0 0
6.310641249701654 5.98020032229569 0 0
6.982315356414381 6.440191545456561 0 0
7.530838748367032 6.999794197656877 0 0
8.253027318035969 7.639708971083152 0 0
8.750320703133653 8.408735302433707 0 0
10.11259782301983 8.926884384427181 0 0
10.443981339349 10.12088520279918 0 0
12.71975441759309 11.32441464400294 0 0
13.65617849547211 13.04900273522775 0 0
15.24397395895862 14.37936636919351 0 0
17.32684807777269 15.28585517548493 0 0
19.37875748905372 17.34069618978087 0 0
19.56264730666412 19.52693995528403 0 0
21.13005594108857 19.64445894711719 0 0
21.9986047038174 21.99487465569309 0 0
22.22962024444843 22.03766127464968 0 0
22.72615727186229 22.59220658437393 0 0
27.16907613372728 26.33418881200998 0 0
27.68089508904112 27.4819730712619 0 0
27.81730649979257 27.78959764591359 0 0
28.29177583449597 28.27381202722382 0 0
28.90191089540733 28.76964917094944 0 0
29.42372823949577 29.07956774082887 0 0
0
0
30
0.1041735731950233 0.3269298272741459 0 0
0.4905508218507713 0.6941277239499257 0 0
0.8892564914273534 2.018351957960125 0 0
2.197742590308171 2.677780195736383 0 0
3.457182237157623 3.739846078393858 0 0
3.837082812378576 3.838825564375937 0 0
3.913242428035462 3.944034380681259 0 0
4.562806796679295 4.597684147607149 0 0
6.002672693913839 6.245355836306738 0 0
7.167763641544875 7.370505704499244 0 0
9.251416354013621 9.310450752690135 0 0
9.400783431670211 9.402481678526524 0 0
10.93064614035908 11.02644587050999 0 0
11.37217879866365 11.45472311549548 0 0
11.54952096688807 11.77913978917775 0 0
12.08886542051722 12.14326408135789 0 0
12.35548234779124 12.40700691533065 0 0
12.95158864860238 13.13479523211046 0 0
13.50165988512933 13.95616627575768 0 0
14.34469744932149 15.48430562895516 0 0
15.62809220606792 16.24346205198934 0 0
17.41502016894339 17.44970592012232 0 0
18.1392790717774 18.34066607393865 0 0
19.17760825941255 19.43456271532652 0 0
19.6943879541003 20.14305071497197 0 0
20.26509356553777 20.28322197845536 0 0
20.55014618566848 20.55714461493972 0 0
22.63739837415725 22.74239174260972 0 0
22.91245134314024 29.3737170857076 0 0
29.60783601255606 29.86403122009763 0 0
1
3.889870047569275 3.88508141040802 0 0
28
0.3522113483246549 0.353581428487903 0 0
2.109654160437791 2.32825276263161 0 0
4.087133660114916 5.452974512544165 0 0
5.628582189228739 5.736413621553612 0 0
6.047906702723791 6.21691617278132 0 0
6.275237907815582 6.725467136590901 0 0
7.501410802069723 7.501696764532184 0 0
7.59824392404102 8.298280533208262 0 0
8.434281145616964 8.630671304198467 0 0
8.720828898789922 9.349317060899226 0 0
9.552748234802385 10.38505068767703 0 0
11.12619168588313 11.29479267537723 0 0
11.32422375910009 11.33852467597281 0 0
11.85330355410689 12.28080773507989 0 0
13.21071303655965 13.36381598595592 0 0
13.40136025475747 13.68703648963199 0 0
14.2685341482274 17.71951982734695 0 0
18.39742518057447 19.94320338841128 0 0
20.79898108619288 20.90866838871658 0 0
21.74821448018675 21.77776407612134 0 0
21.94838850781606 22.01571644237604 0 0
22.58990790796104 22.75615574945161 0 0
23.0809076485295 23.26787956996991 0 0
23.85234423327254 23.97685744326377 0 0
25.10184608115901 25.22289892750923 0 0
25.5090868324633 25.5182673325066 0 0
26.68485089845753 26.73334392501205 0 0
27.73948346539501 27.8413094365432 0 0
0
0
33
0.6251846725734633 0.6318674486579146 0 0
2.01859662504323 2.436775688786818 0 0
2.495726663360517 3.533777931771142 0 0
4.251724958530319 4.308110917355118 0 0
4.9994862789045 5.050536708368065 0 0
5.307100747749721 8.314072322727258 0 0
8.587632149687245 8.602692341792093 0 0
8.931195428185182 10.66432422189093 0 0
10.9750033628042 11.01743296811529 0 0
11.19732701038395 11.41146462518588 0 0
11.44341821057126 11.63511129149262 0 0
11.66573022151427 11.96502168974112 0 0
12.05347925096858 12.12371562135685 0 0
12.38316051985758 12.62321706884564 0 0
13.45640469550841 13.66896005976744 0 0
14.30972328849387 14.40324573247035 0 0
15.08452892581137 15.29549837741448 0 0
15.43055074913281 18.27754929174628 0 0
18.29886034032791 18.82932953418082 0 0
18.91190531413879 19.05693204923572 0 0
19.2871100377739 19.8066244827553 0 0
20.22013062297429 20.57508582946886 0 0
20.84729397165998 21.61699374778046 0 0
21.63091709730154 22.19881550677413 0 0
22.49085635407189 22.68531939251296 0 0
22.74115165843084 22.84716188954652 0 0
23.33046055095702 23.34160944531693 0 0
24.45645218905561 24.47986647264003 0 0
25.07334874459871 25.20866379377308 0 0
26.6159641223705 26.63015083161924 0 0
28.22834837765439 28.26672759902851 0 0
29.45445550981956 29.49370558983778 0 0
29.55471824418123 29.63496845452369 0 0
0
