# Status file for ctqmc. Used to save all times t_s, t_e.
10
27
1.081875327402261 0.1583065772922048 0 0
2.245192631716651 1.308314296073517 0 0
2.375131674042299 2.352976775765022 0 0
2.46653123760105 2.412026798189231 0 0
4.109898134771241 4.095593370892307 0 0
5.110177936370101 4.997865685768011 0 0
5.304011966932805 5.123967553018485 0 0
6.872159034025747 5.480245584592168 0 0
7.426921342417332 7.231884812551403 0 0
8.600958208032809 8.377175156875103 0 0
8.706678350044307 8.697404811529678 0 0
11.10949953042781 11.0621201790347 0 0
14.61213371598423 14.14867091281556 0 0
17.29485055166866 14.69602892470917 0 0
17.56544742469119 17.35656725425441 0 0
18.16696437329364 18.02158698623687 0 0
21.99348511675572 20.11157179826057 0 0
22.22735638128451 22.0605680373002 0 0
22.92119435276432 22.65633455061302 0 0
23.72609722441619 23.29766465274496 0 0
25.60634253090579 23.95805041781361 0 0
25.76808864127803 25.63052452260383 0 0
25.85090840997062 25.77000414497206 0 0
26.11545918678003 25.97594278415158 0 0
27.7295784889635 26.49663637673522 0 0
28.06072897635855 27.73258603721018 0 0
29.95542569186571 28.28563825653618 0 0
0
0
37
0.5351468637054033 1.020249166521855 0 0
1.210442248670329 1.63793664435011 0 0
1.784180451693532 1.81244782382769 0 0
2.491903145554705 3.576458392548637 0 0
3.815178471377745 4.695860991161524 0 0
5.235799757885971 5.320491559606635 0 0
5.529411958292584 5.529414401477482 0 0
5.558636927621716 5.570442829925276 0 0
6.789488990564631 6.820316618461047 0 0
6.914967242207584 7.482960545679827 0 0
8.082563726711756 8.299556646838386 0 0
8.489885372089837 8.604363511491817 0 0
9.820944966381457 10.01245341129484 0 0
10.13218564726586 10.48675376501992 0 0
11.00042332644787 11.44797706266506 0 0
12.07390225890784 12.67176063022428 0 0
12.74110416993799 13.24026810993334 0 0
13.77751932173489 14.51166753184281 0 0
15.74482922693339 17.02004057612992 0 0
17.21268370369888 18.98708651271192 0 0
20.44593429920668 20.45502342360605 0 0
20.64856879772734 20.74966732538753 0 0
21.15554746943259 21.28615322818744 0 0
21.54628852609958 22.31030113327634 0 0
22.76294736448583 22.85027469305213 0 0
22.96631209463157 24.1579429306462 0 0
24.26382578530968 24.2777388817478 0 0
24.28480980701595 24.54936706388999 0 0
26.30767258425325 26.33840351558572 0 0
26.62491182192199 26.69904509509121 0 0
26.70084798304277 26.72715759740933 0 0
27.22076473646197 27.4127128347522 0 0
27.55370893859226 27.56185093825186 0 0
27.8977880354261 28.11897679430385 0 0
29.17500132812302 29.27008519099881 0 0
29.34720243681281 29.36286905043967 0 0
29.90459558295297 29.91815488528046 0 0
0
30
0.3359446190097763 0.2360953516904338 0 0
0.6493862661603959 0.3902516734217514 0 0
0.9713184767344345 0.8227379310108125 0 0
1.38987670850486 1.09408100152888 0 0
3.134162146031073 2.707899842836014 0 0
3.554244843011121 3.13640817448391 0 0
4.854633785203923 3.609455368164126 0 0
7.701336510558199 6.511008054170033 0 0
8.546631154250546 7.764566852543174 0 0
9.373527754679008 8.867561779926341 0 0
9.523763911812738 9.447683005802062 0 0
10.6997547518858 9.564753005446155 0 0
14.62283906365173 10.82521465452925 0 0
15.8171343143111 15.46983007759119 0 0
16.32344667546355 15.96848699863645 0 0
18.09208963560857 17.13889010147036 0 0
18.61200050639982 18.2343885958889 0 0
19.69018115433794 18.67279495002322 0 0
19.95088294961444 19.71380890040657 0 0
20.5363557588101 20.04512241237983 0 0
21.64507159169977 21.14871097431284 0 0
22.45253488659536 21.77704553044758 0 0
22.8215118693568 22.455084973091 0 0
23.70586059649692 22.9635292239071 0 0
24.04125628057789 23.73041707692685 0 0
24.47546760938102 24.05201539963348 0 0
25.5406378719431 24.8825246249707 0 0
27.55652456992233 25.78452182387822 0 0
28.04736485804199 27.82598024279906 0 0
28.61596128117567 28.12601378693977 0 0
3
6.533801002958263 6.305331276246903 0 0
28.48520737916481 28.42664111332891 0 0
29.19623009749221 29.1369698022458 0 0
0
25
0.4134800853215295 0.3234137210953032 0 0
1.846149348602492 0.5102820504590065 0 0
2.772465478083037 1.917107044247483 0 0
3.494985678099539 3.285873037663616 0 0
4.64748043273457 3.508100010607973 0 0
4.870677066859229 4.699509435258081 0 0
7.180595929804723 6.916540856601281 0 0
8.593173760339154 8.022735311596183 0 0
9.323452889846651 9.059773610829728 0 0
10.06964551547684 9.866312874816884 0 0
11.71203983143466 10.24591829045399 0 0
12.12933531727758 11.89201820500618 0 0
12.37797506712046 12.29548819107226 0 0
13.2388338581789 12.78479903436193 0 0
14.39698843423508 13.79300425272368 0 0
16.4849779319337 15.45970332180461 0 0
17.08212530508544 16.77899421974125 0 0
18.12427156368314 17.14182283246462 0 0
18.25993100777867 18.12450701924764 0 0
19.31304341563048 18.50861100951608 0 0
20.76777495783181 20.76270858682226 0 0
23.93038621872455 23.35202422439867 0 0
24.26376276432261 24.06505141380575 0 0
25.22728067281325 24.90699707943847 0 0
27.64677694598061 27.20581603376442 0 0
0
