# Status file for ctqmc. Used to save all times t_s, t_e.
10
29
1.263724213608671 1.161396640755324 0 0
1.627392800598414 1.545786138365341 0 0
1.845382626310101 1.638814158707179 0 0
2.410222506435581 2.359102291577655 0 0
4.3109722738557 3.197033926883229 0 0
4.732380307032948 4.489247148625909 0 0
5.554507403023256 4.763061047235383 0 0
5.696614112237528 5.566336755701776 0 0
6.942882670666451 5.847667936252428 0 0
9.043386906310589 8.517046273374371 0 0
9.347343447576067 9.095475857553398 0 0
9.566815516925134 9.505077976820351 0 0
10.53954833737781 10.07923905656646 0 0
12.72602573139722 12.50309372542402 0 0
13.37891999355545 12.9554165401419 0 0
14.5454988386386 14.48816033995287 0 0
14.93411917550717 14.55879912929196 0 0
15.34593223571026 15.05700979553212 0 0
18.53224861861588 16.27298085061311 0 0
18.78629644817969 18.67971623929512 0 0
19.27948065738802 19.10168050352367 0 0
19.63485121777809 19.31028404654167 0 0
21.4881540833481 21.24647782587911 0 0
22.58051078549712 21.59727806248526 0 0
22.71551657345719 22.68690865442763 0 0
23.36697422492211 22.78893995616535 0 0
23.66357556394814 23.55613262973268 0 0
24.45941470122911 23.89633361015369 0 0
25.69886358366768 25.03500865128786 0 0
0
1
22.37248063087463 22.35087811946869 0 0
34
1.14731536078239 1.468231862310216 0 0
1.502437646184612 1.57492730510787 0 0
1.679396207779062 1.818440692375959 0 0
2.444512497033618 2.754253441147483 0 0
2.89893937478051 2.909692378761171 0 0
3.268328550769586 3.598768105895652 0 0
3.6570095416339 3.729256527046234 0 0
4.084135734363088 4.129588789426022 0 0
4.306315342343497 4.572875133391282 0 0
4.678964524087005 5.211299853907724 0 0
5.827775048473663 5.96928642454935 0 0
6.092777656581261 7.492669641560541 0 0
7.601801606350547 8.103225523630806 0 0
8.495829331635175 9.627665574154662 0 0
10.89223496103557 11.1229798407778 0 0
11.4920329483687 11.57824698078274 0 0
12.72258460916636 13.41171500270336 0 0
13.69001919132614 13.71319079387876 0 0
14.96708271083335 15.10799162903705 0 0
16.37469658955164 16.41618050768296 0 0
16.60418382955558 16.7912722709405 0 0
17.10566991906691 19.53863311474066 0 0
20.00275367152574 20.15111868124003 0 0
20.50167060663794 20.56780254194159 0 0
20.86590162357283 20.87122073869382 0 0
21.10639512279219 21.65928090931551 0 0
21.89385790797951 24.78831848886142 0 0
24.99404851536444 26.36934477287563 0 0
26.39430794923153 26.40039302079171 0 0
26.49634551615619 26.77816969171976 0 0
26.85034325240816 26.97198077874268 0 0
27.05381418883902 27.4785666394637 0 0
27.7287871388563 27.82247930307272 0 0
29.5708673795117 29.69593276692169 0 0
0
35
0.240217178853019 0.6037290980427632 0 0
0.8298913317849442 1.202008079090355 0 0
1.552659231854724 1.626611004179833 0 0
2.132900480314043 2.27835640194583 0 0
2.440791910658008 2.459763380809658 0 0
2.645725568070489 2.691973844293837 0 0
3.553688156520325 3.72035983843368 0 0
3.887362142499683 4.628514718195387 0 0
4.908965105520918 5.303560673190518 0 0
5.598482233533775 6.168680740887996 0 0
6.522977738542743 6.862590963780523 0 0
7.612418617377325 7.805224884599792 0 0
8.532669906634634 9.386514770689903 0 0
9.48949963863115 9.696840863009252 0 0
9.748015798386216 10.03488259999348 0 0
10.1538609228823 10.46225736709807 0 0
14.51817348556484 15.11107870849203 0 0
16.23939761093617 17.5396606470831 0 0
17.72120598569348 17.81858852426872 0 0
17.87740310952865 17.89037768817497 0 0
18.80472402278785 18.89990288725784 0 0
19.75262922942061 19.82481099879086 0 0
19.90321056755492 20.45781853745218 0 0
20.80426798521107 21.36307916763875 0 0
21.41574305071704 21.43184665850931 0 0
21.73886291270976 21.79966739847978 0 0
21.89503525551061 22.54228899884767 0 0
23.92691098595035 24.12538326240101 0 0
24.15015466956615 24.4434731955951 0 0
25.4991065334387 25.51255555037627 0 0
27.69601117669205 27.80623405032051 0 0
28.29395697665605 28.32935856237766 0 0
28.8610440205248 29.01771169191833 0 0
29.12647889477665 29.23154255128389 0 0
29.28747401823363 29.69346089946734 0 0
0
0
32
0.2544942051747121 0.2958071848281986 0 0
0.6485661539200751 0.6602205510396952 0 0
0.9255615602170137 1.072430291347812 0 0
1.862832968719837 2.464595157493823 0 0
3.051873322080039 3.533229264501704 0 0
4.216444223115194 4.266016343949337 0 0
4.677391361786277 5.056096677449339 0 0
7.46921554659876 7.615967941143026 0 0
8.16692720597546 8.178658316412454 0 0
9.968080538796949 10.22836871965655 0 0
10.24803671886601 10.66894521392896 0 0
10.76657138066385 10.88476535971071 0 0
11.17369513909854 16.45550690590193 0 0
16.93570424308041 16.9801087780571 0 0
18.50883892551824 18.72371552894903 0 0
19.44912734714496 19.71963017212453 0 0
20.18628463684468 20.25680675504733 0 0
20.26746129903779 20.53623273736823 0 0
20.79047993095082 20.89973728637736 0 0
20.97497778520202 21.00980868003884 0 0
22.43153953689795 22.43872639214904 0 0
22.71780159723973 22.75133601074968 0 0
23.37707618105775 23.44016293794139 0 0
23.51985010171964 23.585546631472 0 0
23.76691934666259 24.46136434500233 0 0
25.54428868248959 25.61400723090867 0 0
25.65564571438068 25.72918835879132 0 0
26.31515026757357 26.55279167920098 0 0
26.72375456042904 26.85867771820687 0 0
28.20894000404323 28.42040917572167 0 0
29.22088852426443 29.31788760170188 0 0
29.80947087415153 29.81501478161988 0 0
1
22.56176590919495 22.50923752784729 0 0
