# Status file for ctqmc. Used to save all times t_s, t_e.
10
27
0.06752200477965786 0.0205630998567301 0 0
0.3256978040155261 0.1223111929735623 0 0
1.555171956098454 0.4065260634390291 0 0
3.904741042642366 3.645107551761355 0 0
4.935727561869091 4.317636673023806 0 0
5.108557412408022 5.097262883316178 0 0
6.435843100976035 6.39199668603117 0 0
7.226734812304159 6.445163232456081 0 0
8.996767939404988 8.632457411977192 0 0
9.411207403018837 9.314102904505845 0 0
9.682943595883076 9.680407428321189 0 0
10.79270008725103 10.1617229624468 0 0
13.59978485145339 11.27141948172343 0 0
13.77410992080472 13.71900972120728 0 0
14.08493328820076 13.83399081742896 0 0
14.82689020184899 14.37387050913246 0 0
17.59310731260865 17.29555930595744 0 0
18.35669168098554 18.01461038000573 0 0
19.3249911791082 18.90192723503887 0 0
20.56832070668639 20.40152874469705 0 0
20.90541120547335 20.81870997069593 0 0
21.00201972315449 20.95627619287248 0 0
23.55100121818188 22.852410473326 0 0
25.1508857073343 24.78830395522901 0 0
25.18828166313585 25.15420507717848 0 0
26.4048263660585 25.19248742583697 0 0
27.41784361515236 26.41079907717615 0 0
0
1
19.16904509067535 18.80720615386963 0 0
18
0.451564583025535 0.04195157221513357 0 0
5.223364118648464 5.205847564394065 0 0
5.256193869359147 5.2534457605197 0 0
5.317207048284915 5.272647791909614 0 0
6.109706530967365 5.577387340695751 0 0
7.84254408366894 7.393976865754216 0 0
9.247255342671265 8.539677056952364 0 0
9.740506783918599 9.330894414748307 0 0
11.44075522749495 9.961985112030202 0 0
12.24828279306415 11.98899162434877 0 0
12.56806302307593 12.43472484997424 0 0
14.12305928063049 12.95851796022256 0 0
14.44054025497066 14.25701583574646 0 0
19.38993947836081 19.1795376727591 0 0
22.83678844610462 21.69820861594897 0 0
25.50803651258862 23.67690373542903 0 0
25.82411819397714 25.6914169877287 0 0
27.41809753130449 26.52599564976998 0 0
0
30
0.3344473365483129 0.390609653743543 0 0
0.4998200988045623 0.9412585577523247 0 0
1.441512155059119 1.52574333600468 0 0
5.392205583318866 5.935412555212821 0 0
6.166299471259611 6.167653715485033 0 0
6.306185816367501 6.69014221488513 0 0
7.404183657485558 7.549716804575063 0 0
7.674449058952109 7.682813778116954 0 0
8.333341205910244 8.770202839518159 0 0
8.810267449571544 8.94367307605507 0 0
9.176908748563708 9.410623244489898 0 0
9.708144450406532 9.788965889061457 0 0
10.04102367572072 10.25446027430978 0 0
10.88655239735119 10.88976571451692 0 0
11.05075825971591 11.06268508259219 0 0
12.37704343257021 12.40309753016261 0 0
13.23461572546281 13.55517758624 0 0
14.48988032805317 14.53892661311052 0 0
14.62408110251811 14.72569430478703 0 0
15.82762853292705 15.86955158812495 0 0
17.47862559377881 17.53551700062126 0 0
19.08690890851073 19.22099331870448 0 0
20.01260886441604 20.82109713781212 0 0
21.40468530353561 21.41457178505355 0 0
22.23651822846998 23.416986871534 0 0
23.59180479782504 23.64181373061793 0 0
24.3088425246283 25.21787084620571 0 0
25.39283759693332 27.09291972494306 0 0
27.22457756591378 27.30466033794397 0 0
27.32974517600937 27.42288064907738 0 0
0
0
33
0.05072965397267382 0.08396981509397961 0 0
0.08684108477312964 0.2190638047661427 0 0
0.5821590678020154 0.9776616637286969 0 0
1.430594266463203 1.741758358788546 0 0
2.251521444909474 2.329610655450593 0 0
3.903183341579099 4.293744200829925 0 0
5.321835416071869 5.393661297329774 0 0
6.113532484264209 6.152164112558144 0 0
6.58172298375105 6.760562493876159 0 0
6.988755948618271 7.509850403210007 0 0
8.187112847534141 8.189851287996127 0 0
8.515220597395665 8.543515038851075 0 0
8.562690232245902 8.915141192278554 0 0
9.702093724145145 9.738161962058111 0 0
10.03833597296074 10.15456395031226 0 0
10.18155244032171 12.6316620868698 0 0
12.83307627814436 12.86180568018229 0 0
12.89985428495454 12.91439863253097 0 0
13.10009824106873 13.13250416273915 0 0
13.3711606993345 13.89661396215831 0 0
14.00130948104198 14.04036185869552 0 0
14.37858691418911 14.75634409153363 0 0
15.20568369624578 15.21035915068539 0 0
15.93353914115962 16.05085422216345 0 0
21.72230222384623 21.90412444886825 0 0
22.01100121185073 22.1532033112579 0 0
23.46346578404577 23.91013414501273 0 0
24.92576626220864 25.22085640185477 0 0
25.6932493519977 26.00294600000561 0 0
26.96252014684669 27.01485220277016 0 0
27.18114049711758 27.48652472264938 0 0
27.82817285726775 27.83930520468016 0 0
27.8986963380697 28.16081711008274 0 0
0
