# Status file for ctqmc. Used to save all times t_s, t_e.
10
30
1.243681961530802 0.6558861951847399 0 0
2.218882675792441 2.069741318746258 0 0
3.307559212665836 3.024865681583307 0 0
5.571217092639284 4.177960491825876 0 0
5.638690033445167 5.60091353343947 0 0
5.751361295153864 5.719684895917059 0 0
6.113770803521132 6.095991291293844 0 0
6.218256508100609 6.180592592751821 0 0
7.256420790018038 6.571079317893147 0 0
7.370168802689106 7.306975025606367 0 0
8.156421714017345 7.412645805284915 0 0
8.991477817162275 8.242879490936987 0 0
9.835605137046322 9.211185489594932 0 0
11.13904413379629 9.985276031217337 0 0
12.16806205606922 11.39743023123505 0 0
12.38167295771598 12.20264583751588 0 0
12.82443514573801 12.65507125090292 0 0
13.50477076265046 13.08160144586651 0 0
14.00926332203828 13.60839498026329 0 0
15.34023931197773 14.68329470160988 0 0
15.38248289115847 15.35984804606466 0 0
17.26402209979072 17.16650503388174 0 0
17.69798405374568 17.52166668426878 0 0
22.50042074609859 22.30159698085597 0 0
24.55784882838883 24.25947702371705 0 0
24.71715100083934 24.61923824901984 0 0
25.46471559826731 25.34905481809706 0 0
25.58026004554886 25.53057897449136 0 0
26.31716408384281 25.72117415591658 0 0
26.74747912433034 26.62972384956995 0 0
0
1
7.135341167449951 5.59962272644043 0 0
23
0.7906281818053229 1.001601124380354 0 0
1.299728638897333 1.330978995442749 0 0
1.645020090708281 2.545766207823396 0 0
2.685509918212659 2.953426990215281 0 0
2.96964705089192 5.3658863862538 0 0
5.964778333651894 6.041200224834101 0 0
6.17835819695507 7.35945590830236 0 0
7.539092176901067 7.82469186420839 0 0
8.615498821218633 8.779681223473045 0 0
8.825841701269903 9.481939288534351 0 0
9.597066556649152 9.966915827694262 0 0
10.42276894345699 10.97326279663712 0 0
10.98029888367576 10.99595080422674 0 0
11.28763639400504 11.81813837030257 0 0
12.3647066158847 18.38887384345525 0 0
18.41589622221007 18.49674867539787 0 0
19.12080334099193 24.65211331014701 0 0
25.53060960838679 25.61686011444502 0 0
25.70677098645813 25.72662513929201 0 0
27.05809405706528 27.77913599729959 0 0
28.08557202703828 28.3380349436257 0 0
29.37036815467778 29.54185481161487 0 0
29.62601845974981 29.6752334959722 0 0
0
29
0.2251628299801883 0.2216650505680882 0 0
0.8512704484733455 0.4778108376497229 0 0
2.0859128945531 0.969454999117579 0 0
2.166047245963593 2.162121600146352 0 0
2.664991760833459 2.260097442291293 0 0
3.302568670772183 2.726021917785967 0 0
4.444418770812242 3.450534296166572 0 0
5.153173994100888 4.547162241304026 0 0
5.410971325105002 5.24942478494605 0 0
8.846408164771821 8.710431215005421 0 0
10.46405162848307 10.32401412401881 0 0
10.89558755239234 10.64271320923353 0 0
11.64348756716434 10.92835849346733 0 0
12.69739020257046 12.4408313965845 0 0
13.0701209604529 12.73308528110703 0 0
14.41063958813892 13.85556209635668 0 0
15.7558633230597 15.45980536915932 0 0
18.58612255213454 15.78883948188238 0 0
19.10362425428824 18.82013477460689 0 0
21.63128988000141 19.11345403648615 0 0
24.1381006362474 21.63361573055865 0 0
24.81481406737097 24.29940694739827 0 0
26.50206734711539 25.48993693373621 0 0
26.93774736039174 26.83639233336444 0 0
27.48564157494759 26.99745066500569 0 0
27.61287275973219 27.56282093990353 0 0
28.91892436354876 27.66331132986625 0 0
29.34356249912689 29.03672704366938 0 0
29.71076241450506 29.35754328934066 0 0
0
2
13.32203592122769 12.56706297397614 0 0
14.54912424087524 14.43298285478497 0 0
23
0.7300699289827683 0.8244482109962554 0 0
0.9791839612690193 0.9814499791813451 0 0
1.040902946607581 1.181663040811833 0 0
1.287031914503757 1.304562426465947 0 0
2.712051410667378 2.791695832754534 0 0
2.82976226559777 2.849029256573893 0 0
3.240350418762837 3.351901666762343 0 0
5.086525612836168 7.120361078162386 0 0
7.847597273327887 7.891725951685128 0 0
7.958649133569438 7.972020588177258 0 0
8.027113257938737 8.976719067355933 0 0
10.69369335120065 11.02588123821296 0 0
11.84514356896894 12.72825188390286 0 0
13.40514345878323 13.40813944802299 0 0
13.73676208831163 13.9970280644321 0 0
15.18485525608647 15.25095955850389 0 0
16.9839307509318 17.03211354088214 0 0
21.21788144983147 21.55362850458865 0 0
24.41582085536715 24.69531430520881 0 0
24.83241178817052 25.01707220248372 0 0
25.5614220438439 26.70618934277678 0 0
27.28021115347179 27.57986911076639 0 0
27.89835862373216 28.14129093462284 0 0
0
