# Status file for ctqmc. Used to save all times t_s, t_e.
10
28
1.483696677680701 0.6944097869071797 0 0
1.610513136837543 1.508934707902232 0 0
4.894502934907738 4.584467025593067 0 0
5.44938627363786 5.33851431293641 0 0
5.764605604933121 5.674702950452712 0 0
6.738619378616067 6.153216914114477 0 0
8.521998258876138 7.524509514070275 0 0
9.274954936604557 8.565051013347775 0 0
10.95108152733633 10.09378002723403 0 0
12.50890349242674 11.89503137467915 0 0
14.84107598936929 13.54411534364087 0 0
15.03678675814356 14.91940951470885 0 0
15.39717283511805 15.07826165098529 0 0
15.50243829655806 15.40429171665347 0 0
15.8075975490845 15.51747583445632 0 0
16.43221029866761 15.93124509511109 0 0
16.93323241152331 16.69784283869108 0 0
17.09238735625075 16.978448452031 0 0
17.31531127701943 17.28942552247394 0 0
18.28539060109284 17.36640885781446 0 0
18.87251389937528 18.49315398872696 0 0
19.01927176690222 18.95364297140242 0 0
20.48304025301165 19.26568776780127 0 0
22.14323948259998 22.0255815389514 0 0
22.67443870448722 22.24775952375093 0 0
22.96201692482815 22.88419976451831 0 0
23.13919995046717 23.0796988390823 0 0
24.2514784949868 23.20791856662422 0 0
2
5.707506977792924 5.64323902130127 0 0
5.883226990699768 5.761864432753789 0 0
0
25
1.163348086523593 0.3373707615849099 0 0
5.041734413065842 4.710189527232934 0 0
6.482156974740301 6.317316542431999 0 0
7.627911839202198 7.098713834610752 0 0
7.863127962230631 7.804971865851215 0 0
11.41199326135037 10.70242676374596 0 0
12.04753426512777 11.71657701539798 0 0
12.70728579119839 12.25751499422137 0 0
13.65657443109492 13.04186549791788 0 0
14.34919013243397 13.72866769215108 0 0
14.65873453345052 14.35014191833208 0 0
14.99206687720201 14.69965969998515 0 0
15.45539774322488 15.02198413672395 0 0
15.7132894019959 15.51155542614797 0 0
16.046300394468 15.80115515740343 0 0
16.55518674302366 16.16563385658813 0 0
17.06881152130486 16.77053311394641 0 0
18.60785083304377 17.12207749506663 0 0
18.94305830087071 18.83126855751867 0 0
19.16760440238335 19.09331864001784 0 0
19.85063853589287 19.8102802730832 0 0
21.07977278142861 20.61793584384475 0 0
21.95371460064804 21.3795480496415 0 0
28.29986786212693 27.01928712821754 0 0
29.34967292543631 28.90498674349091 0 0
0
38
0.03964903409414333 0.05779778898817187 0 0
0.3473083587127243 0.4759954464806253 0 0
0.6477522191179306 1.00661885064612 0 0
1.217884234806102 1.219611310878821 0 0
2.492718272928703 2.602893496860081 0 0
3.521415995615547 3.569872454289559 0 0
5.48074062202515 5.685483356651582 0 0
6.33411358962227 6.803646590711646 0 0
8.195715474647479 8.211769604468406 0 0
8.662376430858583 8.732676185135075 0 0
9.36408526409611 9.401235643325542 0 0
9.943091771591252 10.44866854420119 0 0
10.66675472004632 10.71354859858491 0 0
10.90159859656331 10.94936801136611 0 0
12.01954992800256 12.23037891210636 0 0
13.25351394666238 13.29692446884676 0 0
13.47234926626053 13.86893614172393 0 0
14.01208270144216 16.10536441180479 0 0
16.75438763792224 16.93374261420068 0 0
17.16468857792177 17.26146446891406 0 0
17.44682367930993 17.52315866286368 0 0
18.41478548929457 18.41484206747965 0 0
18.65146501512413 18.84163671126131 0 0
18.86723748526718 18.98302520665677 0 0
19.75466583275063 19.8620929034041 0 0
20.8440799618179 20.88253371573916 0 0
21.24898347272283 21.77459048465039 0 0
21.79660334884318 21.80939119965149 0 0
21.81540347901955 21.84701570584599 0 0
22.28492962961546 22.3338488734033 0 0
23.0721843301369 23.28851073948463 0 0
23.71982451939769 23.80340772568206 0 0
24.30483096302969 24.56193876413251 0 0
25.56339238986805 25.69537965026107 0 0
26.03873031235016 26.08940857591667 0 0
26.22981065104944 26.26684645390788 0 0
26.27238594313172 26.40805684155622 0 0
27.35098761457415 28.14940094803739 0 0
0
0
20
0.225000813855452 0.3779283984073949 0 0
0.718752037285308 0.8381741997286143 0 0
1.299432827351116 1.492764696348489 0 0
4.690874045617464 4.748075494899402 0 0
5.316655589945378 5.354103960824046 0 0
5.697635298986121 5.812063469191901 0 0
6.71137472318982 6.763402780518343 0 0
7.304662389907581 8.143147426823367 0 0
10.07606612449857 10.10837481051072 0 0
10.4473107094104 10.61960631092253 0 0
11.03641214033731 11.05083278700229 0 0
11.87091202084313 11.89792717377719 0 0
11.99363104389051 18.87711366706319 0 0
20.22759019497415 20.31985395555171 0 0
20.94634164271391 21.12526789040328 0 0
22.01452610342356 22.11367820831862 0 0
22.77865693931495 22.80807217007641 0 0
23.75790784546546 24.07639695476968 0 0
25.7013730089562 25.77029553509959 0 0
29.74667157721597 29.79200737472741 0 0
0
