# Status file for ctqmc. Used to save all times t_s, t_e.
10
28
0.3657517112197854 0.1870266094836097 0 0
0.8195911502571092 0.3858731654350542 0 0
3.110993634729156 2.33259600255778 0 0
4.264337208605567 3.249237994199072 0 0
5.4826307157541 4.330474452768198 0 0
5.907909398962127 5.523108533269903 0 0
6.35250855936324 6.199261216294704 0 0
6.449572730130686 6.426318319839716 0 0
7.705337098812249 7.703495387535332 0 0
8.81825995576623 7.78307406691571 0 0
9.926181024712825 9.028772827232254 0 0
11.14392453837031 10.65784879390949 0 0
12.02427275682925 11.41714058941305 0 0
12.86290268826219 12.45422657208863 0 0
12.90483999123748 12.88508919612803 0 0
14.15122817112579 13.20402276028515 0 0
14.8005066861321 14.26117146468061 0 0
17.36946847395988 17.04044384877599 0 0
18.62316377456023 18.51476339604809 0 0
18.98973463734624 18.80283317290721 0 0
19.25195368941453 19.0986930521141 0 0
20.68854125204279 19.61802429462756 0 0
21.04992801288499 20.7366812957685 0 0
23.72316149330034 22.64039981639531 0 0
23.94470150375863 23.72870070041036 0 0
25.79533406541103 25.42747370840852 0 0
27.23020019887262 27.16997672163381 0 0
29.98586130218568 28.05721979751061 0 0
0
0
27
0.5682390692210717 0.6185694753113751 0 0
2.731602707094301 2.757527360313146 0 0
3.873948481274074 4.012443150334911 0 0
4.154680465238848 4.165859267318038 0 0
4.206279448353582 4.40609112609053 0 0
4.504514677501514 4.622867168831979 0 0
5.409100373696358 5.965332142749403 0 0
6.678103828252064 9.145891469632589 0 0
10.04286653698336 10.12550579578622 0 0
10.78395187667595 11.66983605986417 0 0
11.85537271573245 12.14648176228883 0 0
12.3097500257278 12.32284083128538 0 0
12.56835096519912 13.26884145215129 0 0
13.54480659850412 13.75968884619056 0 0
14.97109243271168 14.98154154164362 0 0
16.48583637452394 16.5727138310507 0 0
16.91963312509412 17.04800611427154 0 0
17.73240459379458 17.91216719650953 0 0
19.22045342315825 19.82419045413817 0 0
20.04949796546703 20.05094872730118 0 0
21.64903260858545 21.80994013322604 0 0
23.01781767923934 23.10443392944093 0 0
23.1637249999263 23.20464226436671 0 0
25.78191435825277 25.84971501490807 0 0
26.47633396073222 26.52695244758407 0 0
28.59288937209215 28.69561451046779 0 0
29.02378655939142 29.38977868132544 0 0
0
28
1.88261092332106 6.12485435717882 0 0
8.691081460355461 9.715188923923932 0 0
9.769177832204409 9.952279033524066 0 0
10.76615707349769 10.81459995627955 0 0
11.40836865424989 11.45780238850994 0 0
11.48461030297855 11.76595733666519 0 0
12.61227748509357 12.75370093577607 0 0
13.0544974127228 14.69119933300169 0 0
14.74360269890953 14.9452218863853 0 0
15.43127444107792 15.52420628851638 0 0
15.69553453448759 15.79765643294302 0 0
17.97534395404902 17.99501134965775 0 0
18.39261179710294 18.42213331587386 0 0
18.63072476663856 18.79166501914338 0 0
19.5990651873421 20.32436008048514 0 0
20.47908162139526 20.63389936796231 0 0
20.96207761771554 21.01117101137879 0 0
22.37236705522588 22.37546915015461 0 0
22.55811693682927 23.15395301937633 0 0
23.15409318804014 23.34991489951765 0 0
23.44434637784017 23.77237151543254 0 0
24.97379629653573 25.18920368033502 0 0
25.51804896742837 25.81603543149677 0 0
26.16490315850878 26.39231177437282 0 0
26.77047191017852 27.07237247780466 0 0
27.31039722441336 27.46886903679029 0 0
27.6217551107382 29.21684487721906 0 0
29.36183968925744 29.57505836056113 0 0
0
0
27
1.015295571540966 1.006560763067636 0 0
2.293838693042357 1.852410678526821 0 0
2.379946375680473 2.322315564401417 0 0
2.776896499886385 2.608404352622928 0 0
4.97184619844619 2.786015789364998 0 0
6.073202792401542 5.365437635337692 0 0
6.295003881837461 6.261123658505285 0 0
7.644543927376675 6.752385036818197 0 0
7.968663414475057 7.852380596987484 0 0
8.130391130864021 7.979652568558745 0 0
9.356165068440939 8.164649546132752 0 0
10.2470003439908 10.01217508175214 0 0
11.29722350629588 10.99434780306794 0 0
11.56029779385378 11.44216779173615 0 0
12.76088964119263 11.7894648369581 0 0
14.22783975399143 13.01309202784214 0 0
15.78211014804493 14.71589846635115 0 0
16.00423967428915 15.82018986619249 0 0
17.22229915613132 16.34179611952535 0 0
18.87030498651272 18.42949032475049 0 0
19.14019449480246 19.08319996451224 0 0
19.79672633848465 19.60021476431887 0 0
21.38016938702346 21.15650364397535 0 0
22.07858987750101 21.83721293038128 0 0
22.63178617216459 22.21689471877588 0 0
25.55415807624133 25.38781216256522 0 0
26.08331137019398 25.87157312045507 0 0
0
