# Status file for ctqmc. Used to save all times t_s, t_e.
10
33
1.057654460815037 1.131316046578081 0 0
1.714982844940189 1.756044636424156 0 0
1.829820536003548 1.935493917291262 0 0
2.846846116134743 3.432915528299689 0 0
4.964093125237945 5.228094132145721 0 0
5.796138909198549 5.878060300085425 0 0
5.906713006008395 5.998648479697271 0 0
7.654572660920582 7.670370555477676 0 0
7.832762562929783 7.843206370709858 0 0
7.865098568854735 8.719282061118827 0 0
8.785302218154703 10.2785560691879 0 0
10.75957966466228 10.79640520789614 0 0
10.83805706456923 11.05441024726371 0 0
11.50280452534865 11.56785677266431 0 0
12.36903373735443 12.49152610680829 0 0
12.69667889944101 12.84212330269918 0 0
13.15908130814598 13.31104345056453 0 0
13.34581258561944 13.6544087175248 0 0
13.7537635377961 13.79143940108145 0 0
14.54208747699959 14.6948296592273 0 0
15.03743994827265 15.33810636569487 0 0
15.49106922468011 15.52721140337239 0 0
15.5594872490967 16.17514696248064 0 0
16.57952489519078 16.58721061841149 0 0
16.61676678353137 17.00236688561726 0 0
17.09717040325467 17.12712773575481 0 0
17.17886294683941 17.7091881940494 0 0
17.97794637557215 21.79367279961656 0 0
21.89446064813866 22.18087863626769 0 0
24.07771266588798 25.27967755470323 0 0
25.40022266678963 25.92348593085203 0 0
26.00106637131967 28.60273026735385 0 0
29.40425544678364 29.85889516077854 0 0
0
0
27
1.38603217318528 1.151446848806553 0 0
2.201430886030376 1.759785719640012 0 0
2.295719327186958 2.271311039304668 0 0
2.797852335374545 2.78783778794573 0 0
6.44901578371018 3.073665864063992 0 0
6.74411327124979 6.549915659996562 0 0
7.063490436406457 6.835368918888614 0 0
7.353408842283575 7.075816042614378 0 0
7.721817845016413 7.380820844438965 0 0
8.28447507411018 7.868285521144514 0 0
8.503725301869215 8.304516437652991 0 0
8.575360856429251 8.530739339051141 0 0
8.996730655255723 8.702114278758733 0 0
9.057786135768774 9.008100957946057 0 0
9.441833926199129 9.147839940758713 0 0
10.77817385790761 10.22032553980891 0 0
13.61077110303811 13.06982262657707 0 0
16.82353671488526 16.77086814872734 0 0
17.00901979257781 16.93026798598237 0 0
17.71250419547408 17.02265739266185 0 0
17.86805336687504 17.85501651808033 0 0
21.22097880118412 21.03120265246893 0 0
24.98326317566395 24.66317066039171 0 0
25.58869797494063 24.99401003357222 0 0
26.5329673135595 25.86822289117571 0 0
29.02982908263561 27.90094699724708 0 0
29.69900498868503 29.30701295968184 0 0
0
33
0.4534011733972321 0.6253538924519642 0 0
0.8302618632517897 1.359705424297816 0 0
1.75328564333537 1.841560193070156 0 0
1.992352367519075 2.23049366017105 0 0
2.543709021071538 2.886951143471033 0 0
2.891779369430134 3.135467143919824 0 0
3.347230644875061 7.36310862579493 0 0
8.336366930410259 8.426823944651316 0 0
8.494250409898632 8.54137347513659 0 0
8.72336923673682 8.975401239673802 0 0
10.04106587577301 10.8422986315232 0 0
10.90879697224307 10.95769668691105 0 0
11.33068436111659 11.64214213703147 0 0
11.92565806727714 12.24454428429233 0 0
12.49582981959781 13.04345137211245 0 0
13.27284677284628 13.48646956789058 0 0
13.96273508278652 14.3462276471684 0 0
14.37804127488355 14.43197942835405 0 0
14.43963392318059 14.49875833416282 0 0
16.02039438876257 16.05905075334115 0 0
16.23839275464299 16.38140620656815 0 0
16.45362209417265 16.5277789021806 0 0
19.02510838084505 19.12047200348497 0 0
19.34399247755223 19.36627764703788 0 0
19.42432738811686 19.43255398687737 0 0
19.56129443215869 19.76104620045479 0 0
20.09163983113971 20.16766433887767 0 0
21.21906452567993 21.24366823724606 0 0
22.67898380432169 23.43688004447352 0 0
25.36600956527368 25.83100691987162 0 0
26.45067744582403 26.5156610298393 0 0
27.16666997734456 27.28657641418279 0 0
27.95265233356345 27.96577291751275 0 0
0
0
28
0.08403277123382225 0.2648526185632898 0 0
1.365677621299694 2.220567161181907 0 0
2.986285765132513 3.177750040186309 0 0
3.380617957993717 3.731412525485299 0 0
4.22322066373067 4.403001193856462 0 0
5.239207029406344 5.524965930177093 0 0
5.604751112503509 7.161738265032096 0 0
7.451692772589976 9.044562334337575 0 0
9.14689782404146 9.19219027390926 0 0
10.07104640784727 10.64050128227642 0 0
10.64326118830575 10.67869431950121 0 0
11.11444043149854 11.16520572351711 0 0
12.99407026086342 13.08552027083688 0 0
13.27530649076271 13.32374231651104 0 0
13.72630205329786 14.16600478622076 0 0
15.5105754587346 15.51330026123609 0 0
15.80670319380663 15.84923532169985 0 0
17.30564805292648 17.70338683932761 0 0
19.95420599791946 19.99773494215342 0 0
22.28731979405479 22.42497792376027 0 0
22.51637390470799 22.52954951898772 0 0
23.1476265513398 23.17921134692944 0 0
23.44791622780843 23.54061592045083 0 0
25.01626446498848 25.40635815018899 0 0
25.67351678275321 26.15543615202775 0 0
27.4193650609348 27.51982048027434 0 0
28.27860372406083 29.13906618260169 0 0
29.44126571610416 29.73630088247446 0 0
1
0.9147745370864868 0.7850128412246704 0 0
