# Status file for ctqmc. Used to save all times t_s, t_e.
10
27
0.004067963387846874 0.04975359356291165 0 0
0.2776968492513063 0.725641671739389 0 0
1.031805409638431 1.169020305436531 0 0
6.311548945690777 6.48649460640161 0 0
6.648549393152868 6.722233307721778 0 0
7.524895571373968 7.740221447816221 0 0
7.965941556480178 7.976684030529002 0 0
9.439558736202725 9.518839964275902 0 0
9.534860086002571 9.686166884955574 0 0
10.36984343586765 10.41405295678981 0 0
10.86447411246007 11.25392835585479 0 0
11.99393352030731 12.1784359921494 0 0
13.4425908602608 13.57990861265317 0 0
14.01943803034525 14.49499889600606 0 0
15.27959017919047 15.72322458850683 0 0
16.15506949502929 16.18377641647997 0 0
16.52388394141412 17.48551338840648 0 0
17.61980924359045 17.98880199466464 0 0
18.21894546363031 18.2863384878876 0 0
18.91788308586715 19.19969996494441 0 0
21.81367563035074 21.87812096862084 0 0
24.67586371330315 24.68967971517932 0 0
25.16174631886123 25.27408246225026 0 0
26.67579124086107 26.7374136706709 0 0
27.4066931723002 27.68622943618809 0 0
28.15094560419229 28.41693236989237 0 0
29.62598037318465 29.65848606461756 0 0
0
0
23
0.7102798859105661 0.869160052125986 0 0
2.663501003524007 2.82444490622518 0 0
2.961428848205067 3.370809625363391 0 0
3.789428430099781 3.857847387619143 0 0
4.093177944244067 4.813195021695354 0 0
7.848191870344792 8.010327776609191 0 0
8.039058957795318 8.675026382704086 0 0
10.51323430719819 12.00393279374967 0 0
12.00859779237275 12.33463320082968 0 0
15.44192842992015 18.05802742971627 0 0
18.17481118198343 18.93473514969169 0 0
19.63777998153266 19.90472088326755 0 0
19.93263625803317 19.94152772199575 0 0
20.28934066074842 22.34189112585411 0 0
22.53335738455026 22.64740415789074 0 0
22.83178199689378 23.28832020896924 0 0
23.40754372467034 23.61554010472086 0 0
26.11014043701417 26.14024236254916 0 0
26.64751934230656 27.06602649169999 0 0
27.72202820135523 27.76033746298585 0 0
27.92913431253724 28.45362635688801 0 0
28.77190598554612 28.88860398409212 0 0
29.09127723302454 29.61989868832659 0 0
0
12
0.8862619230151927 0.5340960160616604 0 0
8.522301935039497 8.521846589422761 0 0
11.31955396833532 10.25011116952899 0 0
11.76721616439728 11.36620570319296 0 0
12.20945692982913 11.77176477942369 0 0
14.00800546405013 13.14812311521642 0 0
14.65194782042302 14.5529508709595 0 0
15.10884202831077 14.8925201739074 0 0
16.34895097357584 15.46538134853639 0 0
18.48416225623712 16.47591626175821 0 0
26.96138583302605 26.58831742293764 0 0
28.81547949229414 27.29144406408966 0 0
0
0
26
2.360997601417188 2.345380172178028 0 0
3.195433629071199 3.017474525629488 0 0
3.407674515294667 3.251418828167763 0 0
4.019697126948497 3.681836200590659 0 0
4.928441240896051 4.124244645171392 0 0
5.141424419371961 4.934587432369009 0 0
7.168009586829794 6.124224547973033 0 0
7.554478784995041 7.38670140978093 0 0
8.660250914965195 7.805296409168 0 0
9.322798332942853 9.321969249894204 0 0
9.96836101815123 9.547382693308673 0 0
10.27034919651377 10.03244590101947 0 0
11.80742805910944 11.61952108046325 0 0
12.51550196206389 12.00530609130857 0 0
14.91588634403621 13.51912080743273 0 0
15.75279071199978 15.33196343028594 0 0
16.41663432501041 15.83887249745695 0 0
19.96832047190528 16.43813618564485 0 0
20.9077728604955 20.16953507421077 0 0
22.20792247026166 20.95704135441835 0 0
23.75223774148647 23.34859498100072 0 0
24.66163258548303 24.382775327725 0 0
26.37361966288051 25.32482646757839 0 0
26.90162231301873 26.6898208493978 0 0
27.72775187776926 27.13865885767053 0 0
28.89451674437097 28.18866647734641 0 0
0
