# Status file for ctqmc. Used to save all times t_s, t_e.
10
24
0.9517265140162721 1.026096428999598 0 0
1.94400252759303 2.029885228514312 0 0
2.334185076496387 2.58637858576586 0 0
2.736657358414174 3.319371040168011 0 0
3.984003857855491 4.027839727877076 0 0
5.305188056330946 5.445081567583729 0 0
5.920983247207624 6.028081140034456 0 0
6.396180570512693 6.587594874452378 0 0
8.148645874434857 8.542840823099645 0 0
9.117606878431991 9.850697338012298 0 0
10.24128387210736 11.22739440490318 0 0
11.45410948960073 11.7757623248516 0 0
12.89269798120476 15.93766186851454 0 0
15.94601501178128 17.06660057286791 0 0
17.56768531577495 17.68586220950276 0 0
19.4441794163843 19.50419505196046 0 0
19.66508480173803 19.70319565868324 0 0
19.71390731287125 19.7653570032636 0 0
19.76811310152552 20.00030826177312 0 0
21.67693988460623 21.8133758816019 0 0
22.97171578744817 23.60419842301109 0 0
25.62648339696064 25.63970311764442 0 0
28.2533104681784 28.41982095765601 0 0
29.88661969136844 29.94153880918001 0 0
0
0
29
0.9573294051785624 1.097978676942969 0 0
1.287083563739621 1.803262320316246 0 0
1.997555017891247 2.066471192497467 0 0
3.547258874789694 3.961991908066472 0 0
4.556104738212813 4.638957886519876 0 0
6.357311143946792 6.586991102355729 0 0
6.677071604760668 6.894554639728415 0 0
7.320909634802472 7.424009166250828 0 0
8.627141714771318 8.698060936299816 0 0
9.002362357248861 9.123086748146481 0 0
10.47009256148151 10.53596125895561 0 0
10.84586716720104 10.90765937492656 0 0
11.19117516652764 11.336181367818 0 0
11.84074027135136 11.94944546588083 0 0
12.60182593984065 12.60572203193547 0 0
13.67475963429416 14.10693393676764 0 0
15.2556156494188 15.36722877475142 0 0
15.4658591954991 15.49021649175168 0 0
15.59052762833643 16.03117662604066 0 0
16.13835254689105 16.49478104461549 0 0
16.52360658204475 16.72297253270722 0 0
17.18180730466881 17.41835923476537 0 0
17.96815051383693 18.29439730397221 0 0
19.38411631649331 19.75913825832205 0 0
20.03132054076605 21.42783616250995 0 0
21.45989069960198 21.57606796855929 0 0
22.25717673244293 24.94292709517466 0 0
26.10433783961301 27.55827540406264 0 0
28.54884717176872 29.10123938179969 0 0
0
17
2.079354534037725 1.848570101967141 0 0
3.787676754353077 3.406618272593017 0 0
8.536089413154968 8.008306729725188 0 0
10.11418670128149 9.228396730807592 0 0
10.98481364683689 10.26527614988635 0 0
13.95000224891688 12.81471384709484 0 0
15.60254496989397 14.40807617399568 0 0
16.24514549761673 15.75108571182762 0 0
16.45322403148884 16.45102898246566 0 0
17.10486890457465 16.50737935379614 0 0
17.5816175717856 17.14126423029152 0 0
20.11121608416561 19.36629704262715 0 0
20.34711001187299 20.13122033000438 0 0
20.58234698899136 20.56029006459776 0 0
21.81378635856814 21.74429318739602 0 0
22.69470937834114 21.8444323116639 0 0
23.58507831000979 22.80275940760179 0 0
0
0
38
0.1972862398856527 0.8778877194813788 0 0
1.149477821429805 1.318183910383081 0 0
2.136655120903618 2.143219545284369 0 0
2.423854096973681 2.540519322425394 0 0
2.669942106524741 2.717279679209624 0 0
3.21287339291712 3.220206073429606 0 0
3.761788753731074 4.627409161483188 0 0
5.291114439521567 5.701863205039746 0 0
6.374266119853099 6.384591169136711 0 0
6.935036612760097 7.028253951312875 0 0
8.071220906365159 8.642685558879464 0 0
8.68417891605384 9.054969118101701 0 0
9.354955131065013 10.11416545388311 0 0
10.26205245846411 10.79894888383133 0 0
11.01355364085128 11.04071166500057 0 0
11.19287553589428 12.36545296639652 0 0
12.64423826005979 12.7043519048202 0 0
12.84150767925258 13.13541411271934 0 0
13.16739105738967 13.22176903646528 0 0
13.32277608495543 13.38216510637567 0 0
13.62766202076216 13.66420967913024 0 0
14.80870749953871 15.28454500352556 0 0
15.84604457641204 15.87037829367324 0 0
16.71636200720257 17.45136910861281 0 0
17.53022068871222 17.62943410772125 0 0
17.76077439219194 17.99340026555618 0 0
18.16366870529473 18.19468405032358 0 0
21.50513500810133 21.67269090635254 0 0
21.78209503855441 22.95987833136903 0 0
23.05594478368557 23.05690487046015 0 0
23.71561669258492 24.0045443805398 0 0
25.10054519458344 26.54437800828034 0 0
26.94352523365963 26.96676002836148 0 0
27.70345959377149 27.7365281230279 0 0
28.30437926408459 28.5247182356742 0 0
28.59827083249819 29.08444694413976 0 0
29.10881214803064 29.20399857296897 0 0
29.35892049470287 29.43796865838085 0 0
2
9.484136906960643 9.177792070094668 0 0
29.05014395713806 28.60887765884399 0 0
