# Status file for ctqmc. Used to save all times t_s, t_e.
10
25
0.4359388416625524 0.03737805629110369 0 0
3.326161160682435 0.5091491602215652 0 0
3.859422753497175 3.464036096718765 0 0
7.623296115258962 4.442303919152498 0 0
8.802981358697899 7.713173157749627 0 0
9.950307163901678 8.848318818352329 0 0
12.74389249259715 10.02123073031015 0 0
12.97535944305324 12.90362648888183 0 0
13.89870753263287 13.359490152545 0 0
14.0485472428792 13.9631741397957 0 0
17.40736878921224 14.07587757567068 0 0
18.53321825591127 17.76804377319312 0 0
18.76172540879282 18.56551127234283 0 0
19.093255787796 18.77967827210908 0 0
19.42681485893284 19.24216853537707 0 0
21.62584343151303 19.50776577421342 0 0
22.44757948523853 21.68645122329596 0 0
22.67933627888672 22.46008784029181 0 0
23.11148924733163 22.75269081288709 0 0
24.5339038904817 24.2904372048645 0 0
25.28537185078144 24.89876180509281 0 0
26.14763996544101 25.56133834939618 0 0
28.73183504454127 26.68742230122127 0 0
29.9151688587093 29.42216328023146 0 0
29.98634327249498 29.95637416473451 0 0
0
1
1.715894937515259 1.642908453941345 0 0
36
0.4959729437649918 0.6533986048515994 0 0
0.7545471344491452 1.979267492535583 0 0
2.211387794121525 3.163019466815959 0 0
3.343482296961369 3.5039948194291 0 0
3.545830970166012 3.627937792386867 0 0
5.275931579622068 5.515777973650915 0 0
5.750747043087484 5.946547597334691 0 0
6.4744509084742 6.717420510460349 0 0
9.239427058777521 9.369147212882606 0 0
9.672255270687243 9.807535275985748 0 0
10.40179524508347 10.63852904763315 0 0
11.50616163262128 11.57132856516277 0 0
12.28100103226044 12.33438958650103 0 0
15.25934880372212 15.4505230220162 0 0
15.69671493348537 15.92186286260713 0 0
15.97670939454444 16.12137927037514 0 0
16.15515469326985 16.18555743245171 0 0
16.43527702083241 16.43798021352227 0 0
16.44261586255281 16.52128952004456 0 0
16.57488163757771 16.61763139211947 0 0
17.08781006795861 17.12704684388883 0 0
17.28914843223075 17.59290554579308 0 0
17.92846992349066 18.82700929022293 0 0
18.96096821701856 19.37800412893336 0 0
20.52792658680237 20.91557470110239 0 0
21.83844632345456 21.88290605139093 0 0
23.0843072596693 23.15085268128918 0 0
23.15605878375649 23.74240952704567 0 0
23.79663910671832 23.93954455341368 0 0
25.68211627260799 25.83329763449508 0 0
26.41714118583819 26.42216051988538 0 0
26.99910204770994 27.18489248050473 0 0
27.52327432287268 27.66029256557568 0 0
27.73623059131074 27.85513610382348 0 0
28.27142146655581 28.28314144800561 0 0
29.70570860065816 29.75100487733723 0 0
1
22.03305065631866 21.93537354469299 0 0
21
2.373909264754985 1.618187248437025 0 0
4.791075758002527 4.143755441418896 0 0
5.535326443656343 5.267395479596038 0 0
13.03617916624496 12.84728210135567 0 0
13.86084582065242 13.82953471892583 0 0
15.83015383795033 15.06579433665049 0 0
18.08563284520379 17.51067372791973 0 0
19.5507667120849 19.53685711140204 0 0
20.47110395415298 20.36614076204255 0 0
23.42547065779527 22.66821812863677 0 0
23.67315809467368 23.54664293286468 0 0
24.34209989986454 24.08074100243462 0 0
24.80765250335264 24.61308935508024 0 0
25.56882243495685 25.15429494072127 0 0
26.10401472512957 25.65606547079135 0 0
26.43898784920669 26.15903236871429 0 0
27.65422452485598 26.61467412362713 0 0
27.82354929360181 27.77578759673363 0 0
28.34914638882065 28.05668051135281 0 0
28.80854040076532 28.54356216157961 0 0
28.98109886218347 28.81746700219495 0 0
1
18.54440331459045 18.50327432155609 0 0
0
29
0.1136992019915759 0.3311033143001012 0 0
0.9242258719627472 0.9709831897501029 0 0
2.026374279444969 2.057471952105763 0 0
2.061236890633127 2.243473617970122 0 0
2.370520308595206 2.406231922592301 0 0
2.907809701239656 3.132241777807231 0 0
4.075648833712799 4.094288598133121 0 0
4.286192984441047 4.383633838286293 0 0
4.414084708390883 4.48074177541458 0 0
4.689751095519362 5.200048351201539 0 0
5.307719436750133 5.89269073612868 0 0
6.081022132967774 6.452639530965526 0 0
6.768165396764728 9.152655923969633 0 0
10.00244409951418 10.18375228180783 0 0
10.35884525812317 12.24280371321938 0 0
12.69947353283567 12.71577987827559 0 0
12.79121631826834 17.01511336553468 0 0
17.5884574208104 17.95683529498625 0 0
18.08928000216125 18.20805107222379 0 0
19.54684883362713 20.36268778385281 0 0
20.67173473767816 22.70311382321189 0 0
22.72688021533888 22.81636815702212 0 0
22.82598010640375 22.85776605004819 0 0
22.86180127062403 23.14571328979825 0 0
24.53537177291782 24.66290784322902 0 0
24.74084475184029 25.19717218886189 0 0
26.08477055087338 26.1447939183302 0 0
26.18296318473289 28.85128784209014 0 0
29.10937574428987 29.39368605414194 0 0
0
