# Status file for ctqmc. Used to save all times t_s, t_e.
10
32
0.9055785679328399 1.179274454580404 0 0
1.969120735769284 1.978290612308688 0 0
2.563564288714273 3.191020918379257 0 0
4.620485942905352 4.944346742318706 0 0
5.069012637556308 5.088534790983891 0 0
6.128690851861504 6.25180502506208 0 0
6.330004317008298 6.390589435311215 0 0
6.665293753300714 7.39244267632605 0 0
8.717905554761684 8.718123552197465 0 0
9.112175460773184 9.25599679266468 0 0
9.335146888323294 9.357820908587495 0 0
9.609434179304642 9.762775321075656 0 0
9.851168692977279 9.903588460576222 0 0
9.991822465042587 10.88553960278261 0 0
12.9554458695523 13.00268385857911 0 0
13.77042411532798 14.25782841175277 0 0
15.16380226287762 15.17935956857467 0 0
15.18543472654487 15.4775137584857 0 0
15.78901646885496 15.947503929356 0 0
16.88471149484628 17.15192718889425 0 0
18.58989735553395 18.81131459340284 0 0
19.25689613011484 19.3807998417199 0 0
19.4931995458251 19.60936167007252 0 0
20.13953327263828 20.2061607499408 0 0
20.84533762868818 21.06838449409792 0 0
21.65126256500375 21.85583273450736 0 0
22.48449695985599 22.81602108844444 0 0
24.15414331458778 25.45294019792982 0 0
25.48510649167942 25.73716285122391 0 0
26.26655511863367 28.13212893603467 0 0
28.64377331490544 28.95166853409986 0 0
29.82234808704651 29.99938740036025 0 0
0
0
26
0.5781945265413881 1.335632504601926 0 0
1.677890158423806 1.684441440135088 0 0
1.923151815913773 2.375256967574785 0 0
2.538803686073126 2.553323439122893 0 0
2.740624536337013 2.823932038707164 0 0
3.228600057494943 3.688155138351723 0 0
3.776980240527395 3.86330325724598 0 0
4.036010712807879 4.115244304630439 0 0
4.368275828304255 4.481428521500796 0 0
5.071089022801237 5.1298389371431 0 0
5.621648091170864 5.79121692433963 0 0
6.436200781321688 8.986161195814846 0 0
8.987405695364927 9.369616492046672 0 0
9.383851600298202 9.426273078795006 0 0
10.29147420277101 14.24751957113219 0 0
14.26775488784519 16.88564557215772 0 0
17.24745703080608 17.28527235691922 0 0
17.79801892987261 18.22589894422168 0 0
19.98558681326925 19.99577402792638 0 0
20.02909501177414 20.25753357488609 0 0
20.79197017382551 20.98673983296297 0 0
21.17333771115194 21.49116257819391 0 0
21.56433838567642 22.25839987371586 0 0
23.12487343078643 24.10194915295053 0 0
25.05791926753997 25.1469065507963 0 0
25.4688787605189 29.48785972336768 0 0
0
37
0.1217687523183462 0.03435493945633539 0 0
0.2664105589535737 0.1431452852994027 0 0
0.9466553883755222 0.6258452114136357 0 0
1.40200330346779 1.123334100571632 0 0
4.790762229361508 4.270359981141242 0 0
6.598998013930088 6.146296682141897 0 0
7.661720647221028 6.817515105168163 0 0
8.591159626071928 7.791980201718943 0 0
9.663823070465474 8.678082073053137 0 0
10.7454788861537 10.0801498879496 0 0
11.56832287176916 11.3599478178333 0 0
12.02294807611359 11.84855046206618 0 0
12.36979624365377 12.3335034022195 0 0
12.8698386628207 12.69794054975267 0 0
13.38576347016274 13.29042775674978 0 0
14.22681003916249 13.48039365355181 0 0
15.26777609628194 14.23990169825351 0 0
15.97019132241719 15.39116997928208 0 0
16.92937076490724 15.99212211118366 0 0
18.32059754010031 18.05379302146451 0 0
18.70279617361878 18.6697756475222 0 0
19.49275560731931 19.03475531663551 0 0
20.12432789379318 19.71719668042284 0 0
21.45866085237245 20.90134655810072 0 0
21.74316042591238 21.55998065319233 0 0
22.27877940647641 22.13002074511294 0 0
22.64025339409626 22.47899392543906 0 0
23.25847277265629 22.75562456122449 0 0
24.41000547750899 23.74178628758906 0 0
24.77720959409519 24.67117120638872 0 0
25.19333667163589 24.8681232634407 0 0
25.35240030709434 25.20679886322794 0 0
25.89675576255961 25.42406039384256 0 0
26.12752243402908 25.98496928998973 0 0
26.6340790586095 26.17586128431613 0 0
29.35273585684695 26.69213510356434 0 0
29.6236050931897 29.57686476002894 0 0
0
0
34
0.1365860885758181 0.5164550979815701 0 0
1.325622551170497 1.473092199286569 0 0
1.660203381950079 1.982869707396584 0 0
2.058063998983161 2.332215761669655 0 0
2.801944720807211 2.947991442746247 0 0
4.036146653548833 4.232075030636482 0 0
5.055003922471178 5.427084905713457 0 0
7.820076676549304 7.854910253841184 0 0
8.585920747144577 9.558273353646443 0 0
11.02591531743007 11.08256702200729 0 0
11.21999336169774 11.30015838138366 0 0
12.43837546187713 12.51631355512514 0 0
12.97836849718733 13.02084050308833 0 0
13.22145012195234 13.30940377611982 0 0
14.56227408826531 14.71245320818097 0 0
15.51447207652407 15.59311316780404 0 0
15.67279210440081 15.95423810528748 0 0
16.12578214942006 16.73204142707141 0 0
17.40240313294284 17.48043076863262 0 0
17.57313098872196 17.70963752042177 0 0
17.95316369424116 18.59172043233363 0 0
18.68395618935314 18.71019050318695 0 0
19.11520635861858 19.16258013323444 0 0
19.16505903729956 19.8619575651763 0 0
20.4419092395261 20.61442782240044 0 0
21.1237909558701 21.28911000973706 0 0
21.61694951486121 21.66270079995519 0 0
22.09761235683717 23.63772301710697 0 0
23.73572441956694 24.21000684234603 0 0
24.55853598119263 24.88036232717002 0 0
24.8859513006688 24.89708034098523 0 0
25.61231411402837 25.83219322776466 0 0
27.2682125665403 27.27894176014209 0 0
29.01097657024429 29.94461702022971 0 0
0
