# Status file for ctqmc. Used to save all times t_s, t_e.
10
28
3.022586801434005 2.288298125238121 0 0
3.59553799231871 3.124140286083973 0 0
7.247608022049151 3.616510010647549 0 0
8.980902902758451 7.347960945146761 0 0
10.182542426668 9.061095643347366 0 0
10.931357791241 10.66235419378215 0 0
11.53826873579533 10.98212867045048 0 0
12.97937118696723 11.63943298034402 0 0
13.87167786835753 13.14539925637369 0 0
14.32971446304892 13.91021257475797 0 0
15.96750147532578 14.45056990729849 0 0
16.36935941729894 15.99286667825432 0 0
16.72059254399122 16.43439927828106 0 0
17.12873752561741 16.88833309875448 0 0
17.64287642583371 17.3056835990591 0 0
19.00493050038121 18.62564134360755 0 0
19.35708968202647 19.29055731959086 0 0
21.7090323783558 21.34056672704731 0 0
22.7901487400215 22.73833695655344 0 0
24.04677170904409 23.20000183749826 0 0
24.62493047031947 24.09068470471848 0 0
26.03927764937666 24.65923301555685 0 0
26.42742038945322 26.30582458498522 0 0
27.03956734883236 26.57922972479279 0 0
27.27895773292842 27.0836202359821 0 0
28.4925193528614 27.31083692209419 0 0
29.44099761466335 28.60475745161583 0 0
29.99643620334902 29.64085494096648 0 0
0
0
36
0.3751946247797755 0.4092411979376826 0 0
0.7233014359452352 0.770824597892096 0 0
0.9676900441966474 1.206388450972374 0 0
1.712071150323743 1.727729421883823 0 0
2.584579963374977 2.741953467605109 0 0
2.893010196271722 3.904565555894731 0 0
5.67490057466994 6.037615542887207 0 0
7.456746830191626 8.866157746525101 0 0
9.2511538914605 9.380638021775258 0 0
9.477391185102688 9.569502013392761 0 0
10.45851311799043 10.46469769625875 0 0
10.56670044718799 10.62018137242106 0 0
11.38077402243721 11.40956461042421 0 0
11.76089692360279 11.91431265856017 0 0
12.76940726074646 12.90715640189012 0 0
15.18864621257391 15.65427026137677 0 0
15.96871328195271 16.01664187205504 0 0
16.69843342624802 16.7119411154401 0 0
17.75763357937686 17.80845294342004 0 0
18.32338704076826 18.56115687007787 0 0
18.5890922006289 18.76134650106713 0 0
19.16756273799002 19.21768144511037 0 0
20.03380937600449 20.10202092052614 0 0
20.17678137975449 20.18922687537853 0 0
20.70347461891183 21.21219842172679 0 0
21.27695418802844 21.69810457072943 0 0
21.8535605821871 21.89762816902068 0 0
22.41521959976674 22.6124606632381 0 0
22.61469032864526 22.68651724286245 0 0
23.24980063140291 23.33920942015547 0 0
23.93148096700159 23.9683068729528 0 0
23.98024574994078 23.98121204426561 0 0
25.55929345855793 25.86613150310821 0 0
26.36339620718799 26.41864019522325 0 0
27.24147430557179 27.29719509934406 0 0
27.30038301633851 28.708369886497 0 0
0
34
0.1117276513821643 0.215322989496932 0 0
0.2327599849805302 0.2487402668546342 0 0
0.3930858052829667 0.5987026041902844 0 0
1.264970515713713 1.745730875093428 0 0
1.986806002816592 2.42086922939735 0 0
2.924695259708115 2.980270246758641 0 0
2.998011157487478 3.445675135882011 0 0
3.59059070349821 4.049608689717153 0 0
4.225799363719961 4.405812718921004 0 0
4.589091355337148 5.436324791772629 0 0
6.468733887747423 6.674290566094167 0 0
6.95083711143933 6.968465492462456 0 0
8.290137893517372 10.35521265253273 0 0
10.89975718775795 11.07323052427368 0 0
11.11046542127889 11.2642733460852 0 0
11.51417920476552 11.54207482902053 0 0
12.10848195470428 12.1560312234688 0 0
12.2038842454015 14.3580486516013 0 0
14.50477566891371 15.19308980564946 0 0
16.2938559139505 16.40138581309101 0 0
16.75838223852699 16.95642601640229 0 0
18.11253222440851 18.17401558337811 0 0
19.55657067443824 19.76190475237623 0 0
20.80787050126311 20.86013030892802 0 0
20.96109407384948 21.04711687653987 0 0
21.56960550347408 21.67422718899295 0 0
21.989197205268 22.0182586193451 0 0
22.44485606785246 22.62975764023126 0 0
23.29791728798143 23.31406350080891 0 0
23.43061682397078 24.13522043360744 0 0
24.49416460320007 26.42082765295546 0 0
26.43273171674092 27.86745230986617 0 0
28.01261557152244 28.49377455961884 0 0
28.55414656580455 29.93718652109134 0 0
0
0
27
0.4746735231716315 0.6606897150358948 0 0
1.002195202919425 1.190139737998668 0 0
1.594568258947219 1.785975918466912 0 0
2.608530273842204 2.632058047557604 0 0
2.730127875195816 4.723944030065316 0 0
4.902189315011913 4.94591426064359 0 0
5.396223889326486 5.738515705911188 0 0
6.299718502845264 7.479498711627239 0 0
7.963780912701551 8.371420068997764 0 0
9.936817785640832 12.669424624318 0 0
12.99181797733771 13.31738472795902 0 0
13.36598018830896 13.77674258168492 0 0
13.96792249515032 14.90628982985715 0 0
15.03494286304553 15.16657789640496 0 0
15.61173274974853 15.63014907444896 0 0
15.65391270935758 20.2612599875364 0 0
20.4259135956603 21.14434291518524 0 0
21.24078137120497 22.15693074828389 0 0
23.36508133497786 23.5014167994897 0 0
23.66570822135262 23.7031456386678 0 0
24.02120530320558 24.83094906147042 0 0
24.89695813452543 24.93852842253138 0 0
25.18754858487645 25.50655713375643 0 0
27.23531049872074 27.54981366613159 0 0
27.97262413059318 27.9869569771144 0 0
28.92987993302048 29.5250126870109 0 0
29.62018849973407 29.6393355194496 0 0
0
