# Status file for ctqmc. Used to save all times t_s, t_e.
10
39
1.690494335469144 1.538306181175471 0 0
2.908260870890557 1.989916534245717 0 0
3.655815206463053 3.233475694031129 0 0
3.835177320461674 3.688513107131202 0 0
4.536883586662662 4.016863285223777 0 0
5.443590576310272 4.771250796601249 0 0
5.79056791286345 5.445888220442527 0 0
6.42471101444054 5.844045709741934 0 0
8.483340535499938 6.627043935794426 0 0
9.434911399337437 9.101311037453238 0 0
11.00563153439497 10.39345423326978 0 0
11.87135548137463 11.46029080977372 0 0
11.95048595324252 11.87676593975318 0 0
12.16046919187133 12.00099537699681 0 0
13.08224601823369 12.18702904435673 0 0
13.23341855698007 13.22061403890275 0 0
13.61072057061485 13.61019978439799 0 0
14.17908946921767 13.80523418852878 0 0
14.99868854784982 14.34577023160897 0 0
15.3021000493534 15.03709587251844 0 0
15.52427388270136 15.36488541415941 0 0
15.89181358381291 15.54586069906118 0 0
16.63657218556223 16.01161971555316 0 0
17.2458766023558 16.84145499845488 0 0
18.23578276628217 17.33435150467064 0 0
20.72094095812938 18.42729711333156 0 0
21.08343514412413 21.07003071188565 0 0
21.82782231081411 21.0958857631169 0 0
22.48664217278834 22.12933504654389 0 0
22.98262286463725 22.51520712116343 0 0
23.43374465458337 23.21093074137569 0 0
24.49765100170712 23.98960006045074 0 0
26.85340758003889 24.59504397714629 0 0
27.39548508117547 26.94691683023304 0 0
28.3301175685862 28.28199571764603 0 0
28.80844893373769 28.46000964602404 0 0
28.85529320110931 28.82891979613969 0 0
29.58748429116303 29.02851313773468 0 0
29.93019824982449 29.76805502656286 0 0
0
1
14.23413276672363 13.32733511924744 0 0
33
0.4482474350950525 0.2507457653667018 0 0
1.556833263746757 0.712574869384472 0 0
1.859920207986882 1.780605539482785 0 0
2.833716298901567 1.900133471882127 0 0
3.973219233137621 2.892078227438773 0 0
4.220753288544642 4.111688267258138 0 0
5.605268481214559 4.291298867810442 0 0
6.262543303771245 6.255122151858927 0 0
7.469303759944638 6.56867713223028 0 0
7.905892249517375 7.7216825996759 0 0
8.975978624587921 8.391538580322857 0 0
10.16387878899261 9.658868883887299 0 0
10.31011054777593 10.22317175854154 0 0
10.72217766152512 10.39303768067797 0 0
11.09563920751252 10.80060298370443 0 0
14.19533430267088 11.11494786225137 0 0
16.24414836329196 14.55770976410895 0 0
16.61953721233356 16.30981970092924 0 0
17.83005621123137 17.5151915937062 0 0
18.08994947864426 17.96285067331306 0 0
18.84742822709539 18.31985986161712 0 0
18.9534043400743 18.9398540679552 0 0
21.47060185721956 21.46647457680405 0 0
22.71315771441877 22.62457079997198 0 0
23.47145129635232 22.73087531747282 0 0
23.8431159272541 23.50211504117255 0 0
26.62554773849208 24.79870031463706 0 0
27.37600461587184 26.67120633186011 0 0
28.2625902646321 27.41150338181852 0 0
28.29794245301913 28.26705070253028 0 0
28.32713438949889 28.30104267685794 0 0
29.35498486040505 28.5149739813788 0 0
29.85324028668083 29.63882112747284 0 0
0
30
0.6221099772753931 0.7053147620625211 0 0
1.929665315623763 4.602392298594848 0 0
5.109555660481746 5.199746434953558 0 0
5.632363564705226 5.708758827241105 0 0
5.988579204230758 6.281101045727741 0 0
6.326967269285542 6.384626243344679 0 0
6.682560394796575 7.001039477055699 0 0
7.05903849414543 7.484151831189763 0 0
7.640326922111944 7.755674487189908 0 0
8.475167686439235 8.542587953754413 0 0
8.822670837775991 8.840638038569166 0 0
8.893095664744207 9.030766740276787 0 0
9.461660465830152 10.02749047373883 0 0
10.78161470327689 11.11191689674867 0 0
11.52279975670734 11.85007795751666 0 0
12.08377761226501 12.1147096424292 0 0
12.23508275696458 13.1378110874581 0 0
13.16074610810603 15.92063662297823 0 0
16.04925642081043 16.17325439127917 0 0
16.50347058512251 16.59190163867054 0 0
18.1744738166947 18.17474705314857 0 0
18.74178318875529 20.0484233191543 0 0
21.26674937866652 21.90827487452447 0 0
21.91044435763788 21.92781128457008 0 0
22.41396964503296 22.43641549078461 0 0
23.22364769875384 23.42969059104018 0 0
24.82818081677949 26.45067487928348 0 0
26.70974767794178 27.37417286750569 0 0
27.94034527136984 29.07929348656093 0 0
29.08277202621542 29.33895278442981 0 0
0
0
29
0.8031513346224701 1.469990716358357 0 0
2.028335113265394 3.899070034508186 0 0
4.089685992154731 4.745978274546511 0 0
4.778270187791703 5.647025043562385 0 0
5.784647559636727 5.982573387352991 0 0
6.125972170642722 6.135226400663026 0 0
6.60882153736681 8.663436928174452 0 0
8.869227897656669 9.208500335744009 0 0
9.214708150586514 9.347238518076495 0 0
9.531214455245079 9.541326059678372 0 0
9.939502266457442 9.959308680450428 0 0
10.11279071594138 10.31336989722452 0 0
10.3819424146731 14.16201336873497 0 0
14.27841588682743 16.5644236414741 0 0
16.92600465058525 18.89155890903082 0 0
19.78025509878731 19.81413517846375 0 0
20.68774332012512 20.77943886536278 0 0
20.95109988636275 21.00313924282461 0 0
21.57057985775984 21.59093710514426 0 0
22.55299896108462 24.1320233594952 0 0
24.26917433639633 24.43615266569919 0 0
24.6245092317047 24.65491233850595 0 0
24.75889756122256 25.00297286266554 0 0
25.08620531834621 25.45485129044482 0 0
25.59822196834661 27.11656225060502 0 0
27.15857017969089 27.39912548984875 0 0
27.40202429517325 27.57418915871441 0 0
28.1703370722197 28.24271914594574 0 0
29.08068767107749 29.75131119232675 0 0
0
