# Status file for ctqmc. Used to save all times t_s, t_e.
10
37
0.489316403276665 0.9235255841493752 0 0
1.023499194932032 1.069919890718543 0 0
1.190595059407388 1.378848038762515 0 0
1.759158079621327 1.836066830728438 0 0
3.392613630375328 4.368497107720602 0 0
5.69821663760474 5.79121279365267 0 0
7.408016593441432 7.496566946287694 0 0
8.833078862747044 9.309256203657222 0 0
10.11079205020852 10.30320060156032 0 0
10.44445243919323 10.44848627958049 0 0
10.67262853541475 10.73775618653957 0 0
13.35247994310475 13.35661857672273 0 0
13.68610035855758 14.04492991791662 0 0
15.17287422540116 15.28951875496851 0 0
15.40029387149955 16.14254813299137 0 0
16.29722303864263 16.36728068714458 0 0
16.50538241388027 16.51884675655378 0 0
16.57284269040037 16.64804845095895 0 0
16.67212169287848 16.6794259953439 0 0
17.13507564128671 17.33736736808249 0 0
17.55542928753192 17.70887908248587 0 0
17.86231054091529 17.93103152608559 0 0
18.0257877832638 18.10847284726507 0 0
18.21226807053973 18.36563009059264 0 0
18.39552994166944 18.68438076318829 0 0
19.06887634805695 19.21961553130759 0 0
20.09085333431145 20.26561811151328 0 0
20.7962900330463 21.60922587765964 0 0
21.62474844845128 21.73975479985376 0 0
21.79666407620926 22.05740967637479 0 0
22.6796304140593 22.75209784847948 0 0
23.59027899793049 23.61005459916439 0 0
23.80822743338851 23.98484961953631 0 0
25.54976551600176 27.20436616198106 0 0
27.78315193534746 28.42276667887179 0 0
28.63731138864091 28.78707065957091 0 0
29.45586506830295 29.56700431970196 0 0
0
0
37
0.5632253483195805 0.3407821514567502 0 0
1.952112820365073 1.68184702433107 0 0
2.408160781134215 2.046907313794521 0 0
2.933184932544872 2.532476907073659 0 0
3.000721317820833 2.964435167809645 0 0
4.777180834225518 3.277710675502405 0 0
5.629200052580972 5.537577200708461 0 0
5.711912537182545 5.710184855403666 0 0
5.936153922000747 5.902650389587044 0 0
7.328150850237807 5.993308968172146 0 0
7.800065354774137 7.471610789731177 0 0
8.996457861519465 7.865296461619757 0 0
9.219755916364273 9.035658995389451 0 0
10.22626432099424 9.93267009337384 0 0
11.13482573568038 10.30154884232015 0 0
11.8896517662583 11.17841283138252 0 0
11.9481006594528 11.91274898018015 0 0
12.66747473979177 12.14412867320889 0 0
13.49294212553671 12.69229469415386 0 0
14.16835789458643 13.73713647271694 0 0
14.82228131498128 14.50302301307807 0 0
17.16625124590911 16.84081933650011 0 0
17.86406355512525 17.76454312183555 0 0
18.51685959706591 17.98897736013914 0 0
19.13806224957114 18.55524318734006 0 0
20.45659288559475 19.27656974558469 0 0
21.22777275406732 20.57231390130966 0 0
22.09516865533752 21.3954889337634 0 0
23.24865519870662 22.78775333594984 0 0
23.43951685252297 23.25952459550219 0 0
24.88410764699423 24.72458693535088 0 0
26.02847868153872 25.56377913145153 0 0
26.82449165084656 26.19342287268895 0 0
27.40076503376554 26.84687624015817 0 0
27.95764380329143 27.50987653328288 0 0
28.34929637569065 28.20707247376612 0 0
29.14797850224143 28.51710121707873 0 0
1
0.3511208295822144 0.1320844888687134 0 0
29
0.2368966668625733 0.009896429942141793 0 0
1.703904038018017 0.3397515985942725 0 0
2.45562593437381 2.361483916762722 0 0
2.61938236172049 2.546007800578484 0 0
2.846291310189609 2.640435072153284 0 0
4.049723025588542 3.136013467057574 0 0
4.52998616310955 4.192593158026936 0 0
5.474665014824495 5.330626862369473 0 0
7.883673534562387 7.820496993464263 0 0
10.18116610533697 8.930233453800575 0 0
12.20043071026682 11.97231668907718 0 0
12.81196588579504 12.51752372737305 0 0
13.90766395738094 13.86967580375269 0 0
16.08127640463564 14.75496542423954 0 0
16.6960544291006 16.36733604241159 0 0
16.93273942940584 16.92297576628221 0 0
17.98333841354846 17.59837993218266 0 0
18.33000059810735 18.18454075402375 0 0
20.47072889173434 20.35086318267052 0 0
21.30637890094504 20.83001465938512 0 0
22.31617312493892 22.08906453963478 0 0
22.7988369616679 22.437576392357 0 0
22.83415479574171 22.80364146241472 0 0
23.91436285154245 23.18533724684714 0 0
24.50136328660943 23.93995446126749 0 0
26.36813339548351 26.26084640413504 0 0
27.81051587602304 26.43426384423698 0 0
28.87096032698308 27.86399960253942 0 0
29.85224917932272 29.07727809128046 0 0
0
0
39
0.6313909005584981 0.5622231414237324 0 0
1.616060448515567 0.7268161885122556 0 0
2.141408341191702 1.629162422308043 0 0
3.801847398293647 3.689007286083376 0 0
4.151197352457349 3.924516134592858 0 0
6.363788042187582 5.235423767047292 0 0
6.793305379515362 6.380560123162186 0 0
8.540307270474635 8.3818728719402 0 0
8.791615636365755 8.653771978354136 0 0
10.20082224072947 8.891420511403183 0 0
10.55264622984731 10.20731223888009 0 0
10.77591975189077 10.60586817475707 0 0
10.89622191480586 10.8848033562628 0 0
12.42448680893731 11.9577759802227 0 0
12.58594157909645 12.56720320696414 0 0
13.0183269983651 12.59624422514375 0 0
14.81346438341755 13.41908476865029 0 0
15.11688749689125 14.91807012406839 0 0
15.24906158592022 15.21907601481918 0 0
16.30542562900155 15.24984171152462 0 0
17.32818578068481 16.51036437434722 0 0
17.87720635166852 17.39640152174981 0 0
19.21967174186663 18.8287822286136 0 0
19.60469071108387 19.39196156173407 0 0
21.25138367416424 21.03540885958695 0 0
21.86246128556512 21.27298158499277 0 0
22.73349300680652 22.3505918345557 0 0
22.86126928229909 22.76652835730765 0 0
23.50217536125423 22.92079778633699 0 0
23.79571983334299 23.55688442009104 0 0
24.3197770262409 23.84142131630506 0 0
24.47042210706896 24.32404001980995 0 0
25.35171804666205 24.94129219309173 0 0
25.86493239013841 25.41079930603601 0 0
26.65645039580363 26.4804861158485 0 0
27.03671045818995 27.03370134213733 0 0
27.73677168417243 27.50632289767363 0 0
27.80376221570598 27.76068220345289 0 0
29.5468433599744 29.269474133642 0 0
1
19.72254753112793 19.6034574508667 0 0
