# Status file for ctqmc. Used to save all times t_s, t_e.
10
23
1.337796997743607 1.394453745378446 0 0
2.718883112798214 2.906813713209341 0 0
3.068845332391037 5.386772878822002 0 0
5.665936309078845 5.89559081690691 0 0
7.964180836279048 8.113730012039357 0 0
8.207771389007226 10.49814081972014 0 0
10.52274222045334 10.64734170010314 0 0
11.3928492003715 11.9012274027085 0 0
13.70507117902801 13.74829728047927 0 0
14.8113557804379 15.01308752388481 0 0
15.22170304949204 15.36541944122442 0 0
16.76515934810131 18.03811389402887 0 0
18.06810458992675 19.08550679615972 0 0
19.91804751384483 20.01152671229748 0 0
21.4656675906274 21.95032769100746 0 0
22.37541723558903 22.49821538006569 0 0
22.82236222458691 22.95879892274024 0 0
23.31342443651997 26.42838590403393 0 0
27.10065739157765 27.29431764742953 0 0
27.73704219812481 27.77248861763271 0 0
27.91790788180256 28.15521833086296 0 0
28.54053484466005 28.65576731257841 0 0
28.67858642130941 29.07348885253311 0 0
1
6.686301827430725 6.643000245094299 0 0
0
36
1.213926840094704 1.242009905688873 0 0
1.396103053823388 1.429468261573905 0 0
1.798729046472984 1.976160654759009 0 0
4.2636889455223 4.267630550803475 0 0
4.558740395101918 4.898779341606303 0 0
5.156131676564121 5.617696408421651 0 0
6.684318439233363 7.135527153786753 0 0
7.395260409839179 8.291401838578059 0 0
8.461199873219426 9.924462849358623 0 0
10.11993104908335 10.51985704888684 0 0
10.58753819972692 11.44916889128937 0 0
11.9524624250734 11.96275220587675 0 0
12.21041232911451 13.34302304456127 0 0
13.35877995457755 13.41375605476043 0 0
13.78164714584576 13.92810924840911 0 0
14.22733522856175 15.43455539490846 0 0
15.4405726687773 15.80888838486803 0 0
15.98733235491308 16.1069030424866 0 0
16.14401489201739 16.40436302510579 0 0
16.94787287545201 17.26045259571567 0 0
17.39701351563079 17.41727551770003 0 0
17.69506394874246 17.99175660730456 0 0
18.15241979309806 19.22327950933523 0 0
19.26194674112902 19.30232594312938 0 0
19.77280586327033 19.81801704776293 0 0
21.14485108412352 21.26136166515332 0 0
21.59727413162367 22.15193734377376 0 0
23.58538943164207 23.64023511981371 0 0
23.84589999765236 23.98451297765835 0 0
24.29592896541159 24.35650576318633 0 0
24.42549630517959 24.43777808481164 0 0
24.44807244914401 24.47058267232005 0 0
26.9739002988603 26.98076020592894 0 0
27.50310470880794 27.94837363731747 0 0
28.29384313056752 28.29681821794425 0 0
29.18618307443549 29.265379584295 0 0
0
31
0.86898182439257 0.8136488773635691 0 0
2.601118235594293 1.935861619420012 0 0
3.176272529164434 2.908174265061558 0 0
4.416962138616081 3.182987120162605 0 0
4.685345176616271 4.445236606158346 0 0
6.090637688595628 5.081606055918483 0 0
7.664083009942935 7.357147743409401 0 0
8.641052404878145 7.796903963271649 0 0
9.50196232119135 8.702487197228781 0 0
9.666549607375886 9.661237829831785 0 0
11.78966305753427 11.67945161452266 0 0
13.2267223614802 12.80514392095341 0 0
13.73789405464379 13.5890768772276 0 0
14.4381414660774 14.22466468579946 0 0
14.98050973221481 14.46646436380162 0 0
15.60525845769209 15.01766827455559 0 0
18.55455163700591 16.16504829748963 0 0
19.41531203571405 18.57816008801269 0 0
19.47525755500607 19.47140099991913 0 0
20.03653525376901 19.69166590887422 0 0
22.96290943661404 21.21879058617999 0 0
23.37595407324102 23.20549457282102 0 0
23.82363430984859 23.51162904434873 0 0
25.07052969225238 23.84354360729405 0 0
25.83844412079333 25.61879045102905 0 0
26.15189129156087 25.94559390292256 0 0
26.51636072661848 26.36903775787747 0 0
27.00279483379957 26.75036750395343 0 0
28.17180564602248 27.15049914143015 0 0
28.62867472978437 28.55599627415627 0 0
29.9329706814327 28.82291079152861 0 0
0
1
1.132401823997498 0.9041386842727661 0 0
24
5.650606222759321 4.392206275453804 0 0
9.448874144606782 8.532833721737839 0 0
10.88494331820788 9.51942785812497 0 0
11.28270516911778 10.98971462144757 0 0
12.28839623873198 11.28749336225105 0 0
12.68879069689042 12.44605020965813 0 0
13.40925176019997 12.71439228400939 0 0
13.80469919041719 13.61290513591511 0 0
13.98922183896562 13.88947465059924 0 0
15.47731161297492 14.65501601036158 0 0
15.86289420341861 15.61140270728566 0 0
17.08260576777392 17.00046846476153 0 0
18.2898206657847 17.49372625019761 0 0
18.75599938076123 18.30396590564429 0 0
20.68740149041114 20.57481168430462 0 0
21.6296191108404 21.55093839094406 0 0
22.00041127627313 21.64196794945688 0 0
22.39304308958028 22.13558656153981 0 0
23.74952509072414 23.71169691721007 0 0
24.30655753364706 24.08560995607049 0 0
24.9079733436721 24.32653446450926 0 0
27.32676249118997 25.11516106797842 0 0
28.88137036103927 28.08643572070715 0 0
29.01093753727626 28.8873740668582 0 0
0
