# Status file for ctqmc. Used to save all times t_s, t_e.
10
19
1.856778908868012 0.2804382446494484 0 0
3.058958303040795 1.903633634461697 0 0
5.681648782076594 4.859544707798242 0 0
7.101918489406806 6.683481037631324 0 0
7.847718079670281 7.83893977549185 0 0
9.359136857392976 9.245342991799033 0 0
11.0800809674779 9.511005807409067 0 0
14.16944091903328 13.38732568092357 0 0
18.25392411406006 17.86476439663404 0 0
18.61022200216676 18.53361835424645 0 0
20.18686653274103 19.71367002704729 0 0
20.56076257174354 20.5332554674671 0 0
21.20611983356168 21.08732399900387 0 0
22.98835843501197 22.67340274615994 0 0
24.52971123307625 24.09937601937445 0 0
24.77652413636088 24.63805189391936 0 0
25.56653109692835 24.88895408567266 0 0
26.94407791013729 26.48461012088528 0 0
28.19424660773189 27.42637974174626 0 0
0
0
23
0.2340187511158369 0.4861571717551602 0 0
1.146547037509677 1.170248673881881 0 0
2.468819231079667 2.491983845824234 0 0
3.385362790041305 3.410660479065055 0 0
4.567562209378256 4.728038047767184 0 0
5.407466058461858 5.490752568326005 0 0
5.631253444276017 5.685328667437027 0 0
6.675775855157534 6.957514063199093 0 0
8.719153998111583 8.725725478748016 0 0
8.756504760082382 8.995359142055589 0 0
9.310853311362372 9.377859265023197 0 0
10.23533634186476 10.342446645375 0 0
11.99799497058978 12.0551156234745 0 0
12.27322948100131 12.27498714565936 0 0
12.2909189780359 12.93947378613786 0 0
13.03816992128858 13.3193229441376 0 0
13.33276589795242 17.28271338714845 0 0
17.8496062889623 18.15491927846734 0 0
19.34994623319411 19.54874689240317 0 0
19.68260305047638 20.39140693585574 0 0
21.22380690462258 21.29144320359795 0 0
22.27565675374952 28.89632771315969 0 0
29.61500109509434 29.71790370168592 0 0
0
30
0.5476597056373904 1.42537022795261 0 0
1.665377428087752 2.377632786861891 0 0
2.40897449890219 3.237027165587611 0 0
3.756811117448362 3.766874747076189 0 0
5.545938032126016 5.685397323529974 0 0
5.722475728589003 5.725264133295258 0 0
7.444295118137451 7.513101693609721 0 0
9.748364541875869 10.02099800580678 0 0
11.22042180523366 11.24023102694675 0 0
11.45475139760499 11.69782549183616 0 0
12.35833840492479 12.48661831089317 0 0
12.51818372460981 12.5454576345865 0 0
13.79248273834731 13.82311536362365 0 0
14.0255250937656 14.07883919422434 0 0
14.29884225624948 14.33443052454898 0 0
17.71498924407785 18.00759384865894 0 0
18.08956560489182 18.34015512426913 0 0
18.56149346440369 18.81014152748835 0 0
19.67119885207256 19.94460493104023 0 0
20.65389081294181 20.79635987574691 0 0
22.31962726444809 22.34905058883308 0 0
22.46673106071356 22.73212797309325 0 0
24.22824646948229 24.32614187493416 0 0
24.34877540946415 24.55128179120794 0 0
24.72130320624903 24.87666024442741 0 0
25.17135611414194 25.34663045275781 0 0
27.46403613662902 27.96823997010703 0 0
28.57281107522682 28.57455831994435 0 0
29.04355241529252 29.26986185340284 0 0
29.47764212698123 29.52682544955038 0 0
1
0.4923087358474731 29.913250207901 0 0
0
25
0.7072402209461426 2.070359970447043 0 0
4.488392026298843 4.574917737127539 0 0
4.716121685697036 6.1269893267928 0 0
6.51750837098786 7.431646862197853 0 0
7.80128617030223 8.125542641353215 0 0
8.629408350939004 9.477454060466505 0 0
9.699177201694145 10.89803387500883 0 0
10.96810209197411 11.43384446662471 0 0
12.10631436467266 12.30970140805409 0 0
13.32826795614623 13.71642667675856 0 0
13.84151051556735 13.8534716134376 0 0
13.95576922555508 14.07885428837637 0 0
15.51587955946442 15.56523878765037 0 0
17.76778490481276 17.82390924081409 0 0
18.21716744459012 18.31040114315898 0 0
18.37897951143573 18.62331407255453 0 0
19.00239781042904 19.00488323860865 0 0
19.10684418567454 19.89321881008945 0 0
20.74667517967499 20.82119531249144 0 0
21.31937020627706 21.42067814136747 0 0
23.59512046081525 23.65377576716018 0 0
24.63616158003378 25.06160504322185 0 0
27.06952901912556 27.80536711757225 0 0
27.98314906423107 28.6518406570054 0 0
28.88371883535721 29.22946405563162 0 0
1
16.28077805042267 16.24663352966309 0 0
