# Status file for ctqmc. Used to save all times t_s, t_e.
10
32
1.083754566050591 1.058310420028539 0 0
1.530591314248547 1.243931781139999 0 0
2.141784317258022 1.956923050488392 0 0
6.053013545528969 6.044076317044142 0 0
6.24410555169954 6.141604510438083 0 0
6.450311252134942 6.249630189102443 0 0
7.260193602649101 6.523112663338766 0 0
7.720563406156934 7.46215128263383 0 0
8.764920031338152 7.916962504137899 0 0
9.092925586412475 8.924397551488829 0 0
9.303018885778748 9.093034033148948 0 0
10.49345893350496 9.349690238160074 0 0
11.92405203155493 10.6206692455958 0 0
14.44103758113773 12.09839891149197 0 0
16.20756131707195 14.57904360474576 0 0
16.32498853715683 16.21186390504046 0 0
17.70144313820245 16.97783409039176 0 0
18.13049512415249 18.04541002083729 0 0
18.87501742303113 18.35642582656464 0 0
18.93246533690377 18.9124777408337 0 0
20.03306881070677 19.48964649490386 0 0
20.7760217342229 20.04821425030721 0 0
21.46313772663043 20.82051571223749 0 0
23.11778288679535 22.48187939301039 0 0
24.59740612113966 23.25425481324561 0 0
24.81615302906135 24.68624167396763 0 0
25.42245196894391 24.86585376559027 0 0
26.96468835325088 25.55728578493277 0 0
27.34343575859771 27.02040513516653 0 0
28.20031247460679 27.42854703197455 0 0
28.85228344963966 28.8279341402392 0 0
29.00407321526219 28.86768453342071 0 0
0
0
27
0.3747602044520946 0.5821452340829388 0 0
0.6924825649456334 1.188351583805997 0 0
1.239721465031593 2.401899538482869 0 0
2.836729232162519 3.134974658735834 0 0
3.391003027225036 3.580757525246428 0 0
4.262191117764722 7.255296520121641 0 0
7.912878265942321 9.21189141366813 0 0
9.528140819591036 9.885390273454927 0 0
9.91314090015139 10.4681527706738 0 0
10.52227963511294 11.41971125999668 0 0
11.50927864283571 11.61060416469175 0 0
11.70439435466663 11.73115678726891 0 0
12.57559976688884 12.59753023368404 0 0
13.21561975306787 13.22757222023483 0 0
13.36550530681178 13.42825029039729 0 0
13.77338983172065 14.06824534671813 0 0
17.4908747727443 17.49944693277436 0 0
19.58650054426344 19.6172883451539 0 0
20.01376822042549 20.15423903190675 0 0
22.63649770323913 22.73545696198518 0 0
23.02980356608734 23.35138449630704 0 0
23.47987548451997 23.61270959880181 0 0
23.97403516183813 24.99987094401704 0 0
25.3601094257902 25.79956423877614 0 0
26.31467345208542 27.34460116845646 0 0
27.97658722728731 28.53134209572824 0 0
28.64039334562224 29.90633816859293 0 0
0
28
0.3139676885126121 0.4338328073269926 0 0
1.032110889418194 1.719421664994068 0 0
1.739164348737464 1.80689759050639 0 0
3.528943201094384 3.765214246010213 0 0
4.060573446375638 4.477584631699928 0 0
4.86448831666921 4.908436389611832 0 0
6.614813954290264 6.652890128317035 0 0
6.818460791339775 6.849531756752153 0 0
6.859381704562391 7.842983290928875 0 0
8.844673786180646 9.958806575065406 0 0
10.77631616858502 11.2152335729528 0 0
11.46947931098576 12.8432689961096 0 0
12.91125691674327 14.9399286177294 0 0
15.95391125252808 16.26455490795286 0 0
16.47463117408524 16.51846092454201 0 0
16.91645632599628 17.05329889360472 0 0
17.12665375513621 17.34369837730704 0 0
17.38948360700044 17.49765414339519 0 0
18.09222372496853 23.06691552185142 0 0
23.68265376456909 23.9979994921113 0 0
24.33484650130625 24.40354137006281 0 0
24.70070839246739 24.82737810174654 0 0
25.3788044485019 26.16245816962314 0 0
26.66354380106252 26.94845892073359 0 0
28.1074717901035 28.17858104165618 0 0
28.49464266008862 28.69282317920046 0 0
28.73878926838476 29.09818784350776 0 0
29.40039080533626 29.4964838735908 0 0
0
0
23
0.7052133433232712 0.8606214048977849 0 0
2.826681331826909 2.927126330587922 0 0
4.17580088433964 4.232432613785866 0 0
5.878592798376411 6.045812290562243 0 0
6.603863062225217 6.833364251427753 0 0
6.870785675894384 6.999595390950035 0 0
7.827218710512716 8.465554787621368 0 0
9.273483550337417 9.726167542256299 0 0
9.934496561889226 10.18564584074067 0 0
10.91097351935227 11.04699823408426 0 0
11.12860216541471 12.33037890413425 0 0
12.77835057962756 13.09052523781782 0 0
13.27150596200998 13.78102595284073 0 0
13.81371922977742 17.26987609550461 0 0
17.34710453649155 19.02318800452898 0 0
19.21337922846124 19.99962727191265 0 0
20.05783365018428 20.4600518756796 0 0
22.46949944913168 23.96881079104417 0 0
24.05716312219315 24.26770674417837 0 0
24.62021503228938 24.95763367839945 0 0
25.01886685665181 26.46588425707542 0 0
27.26726355240089 28.36312677074347 0 0
29.5189583674185 29.62047885250331 0 0
0
