# Status file for ctqmc. Used to save all times t_s, t_e.
10
26
0.8111974847255055 0.9031638456410941 0 0
1.750558198106334 2.185633202394076 0 0
2.253457787693941 2.676852414338701 0 0
3.304403239820135 3.460792481013928 0 0
3.573950713747102 4.198169206777847 0 0
4.525204913237862 4.632601746047286 0 0
4.635809051851939 5.013603404961997 0 0
5.057495342977154 5.174764996859392 0 0
5.364140533671799 5.545168246456593 0 0
5.861731716086519 12.98182492891124 0 0
13.05232732194135 14.51005116227276 0 0
14.98869408470891 15.23842143914599 0 0
15.47765112725596 17.71136812223963 0 0
18.13409882556923 18.7376068493602 0 0
19.47192185392816 19.77967673667035 0 0
20.15800073584326 20.22593378822176 0 0
20.67534368731179 21.01094861615783 0 0
21.1588353936554 21.36845036232124 0 0
21.58456250645714 22.77879394902402 0 0
23.28398887682143 23.67267863822449 0 0
23.69028789012652 25.32281340095597 0 0
25.39728093633817 25.41387552829833 0 0
25.43860514286522 26.44573689555744 0 0
26.55419817504157 26.58097136712184 0 0
27.16572834653796 28.04957145228475 0 0
29.20999955168002 29.7980497318148 0 0
0
0
23
9.061314804442587 8.369247065103666 0 0
10.00331722599818 9.072641975468152 0 0
12.24162567594168 11.4032669711702 0 0
12.64382923927362 12.55134926352945 0 0
13.22105968673934 12.86712350257405 0 0
14.68680529183935 13.49494426683858 0 0
17.59476383351615 16.24825253260223 0 0
18.14015010511913 17.72552634776364 0 0
18.50596312214089 18.35246540534417 0 0
18.60114999663953 18.57859628318097 0 0
19.27318415777887 18.72167098367067 0 0
19.81518152457538 19.34743026608121 0 0
20.31682038982893 20.24499739456965 0 0
20.82149484368889 20.39469303896711 0 0
21.06703984301745 20.89253484173077 0 0
21.7462123440955 21.32921092742934 0 0
22.23311535802152 22.01982603524512 0 0
22.47597997962085 22.24920129856249 0 0
22.64459978795448 22.53684209015688 0 0
22.94319060094683 22.75916994742795 0 0
25.01112885692591 23.30122264937553 0 0
25.39560889932371 25.25503300263219 0 0
29.67053321236492 28.50013489271013 0 0
1
12.21223382330926 11.97353683412949 0 0
28
1.381672021272678 0.2359469067921971 0 0
2.610866625670615 1.450503179769163 0 0
4.913713755060149 3.516350156540397 0 0
5.630305408001291 5.153813237314536 0 0
7.13098707917954 5.822255171630268 0 0
7.976080206277659 7.138155865412848 0 0
9.220506535044258 7.986687865220684 0 0
10.69999285290935 9.227170605492285 0 0
12.18866692191419 10.7205821033728 0 0
12.83360306323582 12.38950462445199 0 0
13.81329308603213 12.91251878921981 0 0
14.77635925071361 13.99024499232501 0 0
14.99776757654869 14.85897716711968 0 0
15.83408520093316 15.06853717181814 0 0
16.93186879091451 15.98066457531961 0 0
17.50329721825389 17.1718177897718 0 0
18.9473139084308 17.55644497747512 0 0
22.05459991283983 19.02638305035703 0 0
22.51363180564493 22.07140393363767 0 0
24.16276983830786 22.64689400620005 0 0
24.79131868370065 24.24031472440025 0 0
25.96247095094734 25.02347748767193 0 0
26.09176090235015 25.98799720101692 0 0
26.84278695995256 26.17260441916928 0 0
27.88517804412126 27.06345522138857 0 0
28.41224405899835 28.03068027353384 0 0
28.61360153047143 28.4226135443794 0 0
29.92428364861694 28.96341264149838 0 0
0
0
37
0.1063927692581075 0.9350114573524557 0 0
1.765913927942762 1.835774251465973 0 0
2.231528303263282 2.258194409536891 0 0
3.89838834425684 4.105024710507933 0 0
4.855798113995482 4.904041792898442 0 0
5.283003980472804 5.423714940937672 0 0
5.473738615246392 5.693148876584337 0 0
7.430210199900404 7.434521655822302 0 0
7.462925529773198 7.56637540944697 0 0
7.963838437883723 8.137417645955658 0 0
8.765966241048458 10.00397131995845 0 0
10.01516828670201 10.01530583421221 0 0
10.05022760729335 10.57841376975004 0 0
10.71283848859629 10.7253922846304 0 0
10.73342725146291 10.88348133685315 0 0
11.09777653677253 11.18920072885232 0 0
11.41411326972309 12.27091959982063 0 0
12.50044109336753 12.64208276324197 0 0
12.78051099706173 12.86631401216637 0 0
13.01167757861912 13.14181054722522 0 0
13.50774522912697 14.85148275546204 0 0
17.13494871752592 17.25774997361971 0 0
17.32179721244582 17.41533644129122 0 0
17.98379218124033 18.10751549973142 0 0
18.65877690876008 18.75634014750858 0 0
18.95583862509926 19.23513651004775 0 0
19.36621251930303 19.38712383737029 0 0
20.17061374697588 20.99853723091989 0 0
21.40150155195774 21.63916522941308 0 0
22.61701412048694 22.63652647972595 0 0
22.68808438950092 22.87232006581275 0 0
22.9952009395424 23.26127603396374 0 0
23.65033175367879 23.74719277582051 0 0
24.75361749854634 24.93274706113931 0 0
24.99296458168957 25.06285842995461 0 0
26.69817564639796 27.42766708317353 0 0
28.22516177402371 29.73077756890112 0 0
0
