# Status file for ctqmc. Used to save all times t_s, t_e.
10
29
1.823095444908268 1.786100579843278 0 0
2.592534561095544 2.197660242340054 0 0
2.689380264676287 2.614280868016362 0 0
3.081966573112088 2.820808146846343 0 0
3.307875280559138 3.159128495465305 0 0
4.410490986280965 4.016183060051132 0 0
5.039845338516493 4.506249173931155 0 0
7.851623651334286 7.65440370006962 0 0
8.682310038452425 7.866197468629785 0 0
9.836541637089084 8.969792330618253 0 0
10.45693695521462 9.910723390636594 0 0
14.16955152413043 13.84410225678945 0 0
17.57331077898137 16.00387581171924 0 0
17.98365580998504 17.66620754078258 0 0
19.85950134307865 19.28229859707168 0 0
20.28850028983042 20.09150374391496 0 0
20.93253309532971 20.61814772917488 0 0
21.14784586676288 21.06487574411103 0 0
22.16907693247165 21.15697212488079 0 0
22.38335640303908 22.19607067729238 0 0
23.59699432605129 22.4095233672087 0 0
23.91237851486766 23.61216136268158 0 0
24.30394193656281 23.93513655335772 0 0
24.81309296057207 24.31811061650917 0 0
25.75659200559265 25.09413116399045 0 0
26.47325464638386 25.78174833609073 0 0
27.63473299508764 26.74510500962874 0 0
28.89440110577584 28.63297694161741 0 0
29.66976818314181 29.25704075009152 0 0
0
0
27
0.3750396022093838 0.1894305915347658 0 0
0.5943177014584542 0.492228874261837 0 0
4.294946108399082 4.208193440117588 0 0
4.743261493808867 4.462278136632212 0 0
5.109114835511867 5.082655991887438 0 0
5.653448039909108 5.491828802616983 0 0
6.066731716627507 5.7902096461959 0 0
6.243465588072523 6.199290458032113 0 0
6.563400433092038 6.344007080907001 0 0
7.349770134866384 7.126969855643553 0 0
7.747223460925548 7.600335210614316 0 0
9.366467311510464 9.071197300823052 0 0
9.633532527328047 9.501657259702929 0 0
10.13000768985267 10.00609569910759 0 0
10.63370119195908 10.40083756291146 0 0
11.30980558869393 10.90061227171419 0 0
12.88299497116968 12.32354603731422 0 0
16.0552453591311 15.81803453470168 0 0
16.61824053191668 16.27007129620443 0 0
16.80019986474208 16.66009772192242 0 0
22.72578361102122 22.20143181864149 0 0
23.87792203266423 22.87401407822214 0 0
24.08670134380988 24.07872468646733 0 0
28.45050731698585 28.377047090616 0 0
28.57956964366291 28.46333137473868 0 0
29.05240014388149 28.6707732173093 0 0
29.97544369226765 29.59053201168011 0 0
0
26
0.2000935686780601 0.2751003697093007 0 0
1.311583383552013 1.387129221921471 0 0
2.980244213092032 3.377998408687189 0 0
3.949034552726618 3.984865466964279 0 0
3.988871204901584 4.299195176914424 0 0
5.3064462247885 5.311419525608957 0 0
6.367276511599145 6.767473311445074 0 0
7.191036176563684 7.199990565436297 0 0
7.902867585511737 8.401475158579283 0 0
9.048645918735104 9.156381664803034 0 0
11.23140676250288 11.44078233608261 0 0
13.45373091374601 13.59091559124772 0 0
13.91407313552229 13.94285933995692 0 0
16.12261099089558 16.71234703253345 0 0
17.00982274308786 17.4861344149851 0 0
17.93831813973915 18.1430142516914 0 0
20.55017412863597 20.58986058563184 0 0
20.59854901047418 20.92496157401148 0 0
20.95445860046494 21.34172756818441 0 0
21.82449904227937 21.93382396824195 0 0
22.05567193100852 22.16600565794305 0 0
22.21414463672334 23.64855427493963 0 0
25.03433279747767 25.14115972086975 0 0
25.38703434203415 25.77216186250238 0 0
26.84549809395216 27.56690893931586 0 0
29.52072304617421 29.98910814493101 0 0
0
0
26
2.342290269999946 2.494266600192633 0 0
6.288166618078291 6.307635404346135 0 0
7.605381654846316 7.899096147987578 0 0
8.006631208533879 8.257171733322043 0 0
8.787020100676472 8.795201271925471 0 0
8.819002576720553 8.837181194664138 0 0
9.362487155106239 10.39881233584044 0 0
11.9725511572313 12.03046790607902 0 0
13.99718718183221 14.2433385742281 0 0
14.37853846701898 14.92121959918293 0 0
15.33654245709869 15.45473040037005 0 0
15.87643440495832 15.99090016147935 0 0
16.8430421694783 16.86379579164593 0 0
18.13108399331994 18.18674696893186 0 0
19.18910563028722 19.21968024221465 0 0
21.22384423900103 21.73429012718648 0 0
21.98512618712638 22.78621456667378 0 0
23.38849853871964 23.42106864155501 0 0
23.47273550006435 24.39143189298857 0 0
24.61154669271024 24.6122602024486 0 0
24.75455595162693 25.23836292629237 0 0
25.56714375191032 26.06377092012013 0 0
26.32288801791437 26.86422068258292 0 0
27.64073830296557 27.93265051678736 0 0
28.29518467508152 28.3313501988671 0 0
29.80218324026102 29.87817331983482 0 0
0
