0.000000000000000000e+00 -2.414801847882869223e-01
1.000000000000000194e-01 -1.726241912061606265e-01
2.000000000000000389e-01 -1.342930367362289990e-01
3.000000000000000444e-01 -1.088483393997001225e-01
4.000000000000000777e-01 -9.090994724811907179e-02
5.000000000000001110e-01 -7.791316769934308883e-02
6.000000000000000888e-01 -6.829579593706974761e-02
7.000000000000001776e-01 -6.110407512261417651e-02
8.000000000000001554e-01 -5.560536982352182189e-02
9.000000000000001332e-01 -5.133203433796501569e-02
1.000000000000000222e+00 -4.791311010123067149e-02
1.100000000000000311e+00 -4.509094335425373190e-02
1.200000000000000178e+00 -4.268945020430692239e-02
1.300000000000000266e+00 -4.056975668631779275e-02
1.400000000000000355e+00 -3.865680300520968338e-02
1.500000000000000222e+00 -3.689034365278087702e-02
1.600000000000000311e+00 -3.524078580280504136e-02
1.700000000000000400e+00 -3.369505030955061153e-02
1.800000000000000266e+00 -3.224236763118559779e-02
1.900000000000000355e+00 -3.088735993530589141e-02
2.000000000000000444e+00 -2.962771704133898565e-02
2.100000000000000533e+00 -2.846565183164079249e-02
2.200000000000000622e+00 -2.740124023467371828e-02
2.300000000000000266e+00 -2.642821506784731600e-02
2.400000000000000355e+00 -2.554327601742351073e-02
2.500000000000000444e+00 -2.473538987450668580e-02
2.600000000000000533e+00 -2.399525010172159911e-02
2.700000000000000622e+00 -2.331229927230793475e-02
2.800000000000000711e+00 -2.267406363472995734e-02
2.900000000000000355e+00 -2.207258129870842689e-02
3.000000000000000444e+00 -2.149792995617189062e-02
3.100000000000000533e+00 -2.094461595156060785e-02
3.200000000000000622e+00 -2.040880433961445029e-02
3.300000000000000711e+00 -1.988755231405919810e-02
3.400000000000000799e+00 -1.938209169405397114e-02
3.500000000000000888e+00 -1.889252836822491455e-02
3.600000000000000533e+00 -1.842156821748702766e-02
3.700000000000000622e+00 -1.797165785237048174e-02
3.800000000000000711e+00 -1.754421949358936361e-02
3.900000000000000799e+00 -1.714160539596937260e-02
4.000000000000000888e+00 -1.676338698917895220e-02
4.100000000000000533e+00 -1.640939305282812510e-02
4.200000000000001066e+00 -1.607793251079520092e-02
4.300000000000000711e+00 -1.576596944403091394e-02
4.400000000000001243e+00 -1.547103312013303755e-02
4.500000000000000888e+00 -1.518907837239807934e-02
4.600000000000000533e+00 -1.491723448031861965e-02
4.700000000000001066e+00 -1.465267167811695748e-02
4.800000000000000711e+00 -1.439296833764258654e-02
4.900000000000001243e+00 -1.413738046698354012e-02
5.000000000000000888e+00 -1.388503389915507480e-02
5.100000000000001421e+00 -1.363667156659154056e-02
5.200000000000001066e+00 -1.339329373454156702e-02
5.300000000000000711e+00 -1.315608944785423562e-02
5.400000000000001243e+00 -1.292693995373234150e-02
5.500000000000000888e+00 -1.270677522909219315e-02
5.600000000000001421e+00 -1.249676120643394839e-02
5.700000000000001066e+00 -1.229718490169057210e-02
5.800000000000000711e+00 -1.210759089036017588e-02
5.900000000000001243e+00 -1.192735284213730651e-02
6.000000000000000888e+00 -1.175475854658036834e-02
6.100000000000001421e+00 -1.158829258118077021e-02
6.200000000000001066e+00 -1.142608299492797741e-02
6.300000000000001599e+00 -1.126634225535239064e-02
6.400000000000001243e+00 -1.110795248264700996e-02
6.500000000000000888e+00 -1.094985075996085522e-02
6.600000000000001421e+00 -1.079196900253603930e-02
6.700000000000001066e+00 -1.063460952906708501e-02
6.800000000000001599e+00 -1.047856650600320627e-02
6.900000000000001243e+00 -1.032523512377758745e-02
7.000000000000001776e+00 -1.017583994182325036e-02
7.100000000000001421e+00 -1.003188086727130335e-02
7.200000000000001066e+00 -9.894424217106179142e-03
7.300000000000001599e+00 -9.764116631830577209e-03
7.400000000000001243e+00 -9.641246538642178621e-03
7.500000000000001776e+00 -9.525281632733473280e-03
7.600000000000001421e+00 -9.415418459661928363e-03
7.700000000000001066e+00 -9.310297365592079544e-03
7.800000000000001599e+00 -9.208332285401299444e-03
7.900000000000001243e+00 -9.108020776605219027e-03
8.000000000000001776e+00 -9.007836781953104666e-03
8.100000000000001421e+00 -8.906795808398371150e-03
8.200000000000001066e+00 -8.804277854938202807e-03
8.300000000000002487e+00 -8.700233249895827914e-03
8.400000000000002132e+00 -8.595243330219159983e-03
8.500000000000001776e+00 -8.490218540445459983e-03
8.600000000000001421e+00 -8.386540884560089726e-03
8.700000000000001066e+00 -8.285642718260377571e-03
8.800000000000002487e+00 -8.188915888122205722e-03
8.900000000000002132e+00 -8.097553708670657269e-03
9.000000000000001776e+00 -8.012235488681962448e-03
9.100000000000001421e+00 -7.933223295860047930e-03
9.200000000000001066e+00 -7.860150462280113270e-03
9.300000000000002487e+00 -7.792144221898500422e-03
9.400000000000002132e+00 -7.727946410559516366e-03
9.500000000000001776e+00 -7.665968521973598460e-03
9.600000000000001421e+00 -7.604619661283562593e-03
9.700000000000001066e+00 -7.542384208989783012e-03
9.800000000000002487e+00 -7.478065948489154291e-03
9.900000000000002132e+00 -7.410934251597944833e-03
1.000000000000000178e+01 -7.340744069757931811e-03
1.010000000000000142e+01 -7.267835878232209446e-03
1.020000000000000284e+01 -7.193005565957921732e-03
1.030000000000000249e+01 -7.117430364003418664e-03
1.040000000000000213e+01 -7.042509626944637446e-03
1.050000000000000178e+01 -6.969650009583383543e-03
1.060000000000000142e+01 -6.900127922394083679e-03
1.070000000000000284e+01 -6.834893764973148933e-03
1.080000000000000249e+01 -6.774478180492315982e-03
1.090000000000000213e+01 -6.718934645009166928e-03
1.100000000000000178e+01 -6.667836608029498180e-03
1.110000000000000142e+01 -6.620357630804651894e-03
1.120000000000000284e+01 -6.575383223607955685e-03
1.130000000000000249e+01 -6.531663949417565451e-03
1.140000000000000213e+01 -6.487980108213886599e-03
1.150000000000000178e+01 -6.443302010142981651e-03
1.160000000000000142e+01 -6.396902104410573386e-03
1.170000000000000284e+01 -6.348453689860922289e-03
1.180000000000000249e+01 -6.298040044460551101e-03
1.190000000000000213e+01 -6.246126335086976678e-03
1.200000000000000178e+01 -6.193492600005401361e-03
1.210000000000000320e+01 -6.141080850138480596e-03
1.220000000000000284e+01 -6.089892928092643931e-03
1.230000000000000249e+01 -6.040817066825410198e-03
1.240000000000000213e+01 -5.994511811492297948e-03
1.250000000000000178e+01 -5.951338024963115370e-03
1.260000000000000320e+01 -5.911269583433187425e-03
1.270000000000000284e+01 -5.873956753837838995e-03
1.280000000000000249e+01 -5.838739343048460206e-03
1.290000000000000213e+01 -5.804757081133926633e-03
1.300000000000000178e+01 -5.771096505092165874e-03
1.310000000000000320e+01 -5.736866214457569946e-03
1.320000000000000284e+01 -5.701385566957872797e-03
1.330000000000000249e+01 -5.664224916357207817e-03
1.340000000000000213e+01 -5.625280490207440476e-03
1.350000000000000178e+01 -5.584808529131679578e-03
1.360000000000000320e+01 -5.543326474397147763e-03
1.370000000000000284e+01 -5.501611363384617537e-03
1.380000000000000249e+01 -5.460529552532955577e-03
1.390000000000000213e+01 -5.420940420293562934e-03
1.400000000000000355e+01 -5.383601403078419612e-03
1.410000000000000320e+01 -5.349004610466334686e-03
1.420000000000000284e+01 -5.317392902188300408e-03
1.430000000000000249e+01 -5.288665881912013589e-03
1.440000000000000213e+01 -5.262430222114811151e-03
1.450000000000000355e+01 -5.238081373917236050e-03
1.460000000000000320e+01 -5.214831764245975165e-03
1.470000000000000284e+01 -5.191907809655504913e-03
1.480000000000000249e+01 -5.168590305016984576e-03
1.490000000000000213e+01 -5.144350720392820708e-03
1.500000000000000355e+01 -5.118941996948345174e-03
1.510000000000000320e+01 -5.092371057736910789e-03
1.520000000000000284e+01 -5.064978123688779199e-03
1.530000000000000249e+01 -5.037311271524569367e-03
1.540000000000000213e+01 -5.010082213932842699e-03
1.550000000000000355e+01 -4.984072734175060138e-03
1.560000000000000320e+01 -4.959959291694959749e-03
1.570000000000000284e+01 -4.938290481615981165e-03
1.580000000000000249e+01 -4.919323971155353803e-03
1.590000000000000391e+01 -4.903018173147755121e-03
1.600000000000000355e+01 -4.889032047449171081e-03
1.610000000000000142e+01 -4.876703188036679570e-03
1.620000000000000284e+01 -4.865203122272288017e-03
1.630000000000000426e+01 -4.853562276446288237e-03
1.640000000000000213e+01 -4.840832932812955125e-03
1.650000000000000355e+01 -4.826212682480623961e-03
1.660000000000000497e+01 -4.809096984969951638e-03
1.670000000000000284e+01 -4.789231989549003199e-03
1.680000000000000426e+01 -4.766675131141318023e-03
1.690000000000000213e+01 -4.741833843512510693e-03
1.700000000000000355e+01 -4.715417096227914051e-03
1.710000000000000497e+01 -4.688305198128184248e-03
1.720000000000000284e+01 -4.661513263971128751e-03
1.730000000000000426e+01 -4.635999077338803787e-03
1.740000000000000213e+01 -4.612594113562795695e-03
1.750000000000000355e+01 -4.591905143730146133e-03
1.760000000000000497e+01 -4.574210157763825002e-03
1.770000000000000284e+01 -4.559498931764049967e-03
1.780000000000000426e+01 -4.547419679222675093e-03
1.790000000000000213e+01 -4.537376607164300690e-03
1.800000000000000355e+01 -4.528606569352555677e-03
1.810000000000000497e+01 -4.520246480553047341e-03
1.820000000000000284e+01 -4.511499091396531380e-03
1.830000000000000426e+01 -4.501667306996692819e-03
1.840000000000000213e+01 -4.490273422374291279e-03
1.850000000000000355e+01 -4.477096880056152806e-03
1.860000000000000497e+01 -4.462157695446500316e-03
1.870000000000000284e+01 -4.445745535548939475e-03
1.880000000000000426e+01 -4.428309612994452138e-03
1.890000000000000213e+01 -4.410424253677380779e-03
1.900000000000000355e+01 -4.392693934222091645e-03
1.910000000000000497e+01 -4.375647829105766551e-03
1.920000000000000284e+01 -4.359714953671545157e-03
1.930000000000000426e+01 -4.345126821227951464e-03
1.940000000000000213e+01 -4.331934802807357876e-03
1.950000000000000355e+01 -4.320009520317191765e-03
1.960000000000000497e+01 -4.309060658610919248e-03
1.970000000000000284e+01 -4.298731663238075651e-03
1.980000000000000426e+01 -4.288625455329153624e-03
1.990000000000000213e+01 -4.278405462199375009e-03
2.000000000000000355e+01 -4.267843456741027275e-03
2.010000000000000497e+01 -4.256846994142471363e-03
2.020000000000000284e+01 -4.245504785939102632e-03
2.030000000000000426e+01 -4.234040556376383879e-03
2.040000000000000568e+01 -4.222804083580222745e-03
2.050000000000000355e+01 -4.212205462428120217e-03
2.060000000000000497e+01 -4.202639882771752600e-03
2.070000000000000284e+01 -4.194442467360615101e-03
2.080000000000000426e+01 -4.187802409473140308e-03
2.090000000000000568e+01 -4.182743304586844513e-03
2.100000000000000355e+01 -4.179097424645450420e-03
2.110000000000000497e+01 -4.176510509820874351e-03
2.120000000000000284e+01 -4.174493692526204391e-03
2.130000000000000426e+01 -4.172462266286480759e-03
2.140000000000000568e+01 -4.169822490966312856e-03
2.150000000000000355e+01 -4.166040889691358107e-03
2.160000000000000497e+01 -4.160711354157742292e-03
2.170000000000000284e+01 -4.153618578094986358e-03
2.180000000000000426e+01 -4.144758202025700111e-03
2.190000000000000568e+01 -4.134349112701107831e-03
2.200000000000000355e+01 -4.122805457783706995e-03
2.210000000000000497e+01 -4.110686543331687481e-03
2.220000000000000284e+01 -4.098632318314032741e-03
2.230000000000000426e+01 -4.087282681393356043e-03
2.240000000000000568e+01 -4.077201980305700246e-03
2.250000000000000355e+01 -4.068812071869654101e-03
2.260000000000000497e+01 -4.062344631182934762e-03
2.270000000000000284e+01 -4.057815891290339483e-03
2.280000000000000426e+01 -4.055035018347308284e-03
2.290000000000000568e+01 -4.053628792744345954e-03
2.300000000000000355e+01 -4.053097340824429740e-03
2.310000000000000497e+01 -4.052880955363935556e-03
2.320000000000000284e+01 -4.052425025542150117e-03
2.330000000000000426e+01 -4.051259070235735393e-03
2.340000000000000568e+01 -4.049038750051137114e-03
2.350000000000000355e+01 -4.045589480714095743e-03
2.360000000000000497e+01 -4.040918395226189563e-03
2.370000000000000284e+01 -4.035191423474360217e-03
2.380000000000000426e+01 -4.028717852669116972e-03
2.390000000000000568e+01 -4.021880859097326510e-03
2.400000000000000355e+01 -4.015092829673605479e-03
2.410000000000000497e+01 -4.008736394823797511e-03
2.420000000000000639e+01 -4.003100582781804473e-03
2.430000000000000426e+01 -3.998370027919362357e-03
2.440000000000000568e+01 -3.994582019726633515e-03
2.450000000000000355e+01 -3.991649760045512529e-03
2.460000000000000497e+01 -3.989383609093843930e-03
2.470000000000000639e+01 -3.987513670335673943e-03
2.480000000000000426e+01 -3.985767431126052696e-03
2.490000000000000568e+01 -3.983885005282794545e-03
2.500000000000000355e+01 -3.981686069345236056e-03
2.510000000000000497e+01 -3.979095296577028762e-03
2.520000000000000639e+01 -3.976137846500915618e-03
2.530000000000000426e+01 -3.972969054446773285e-03
2.540000000000000568e+01 -3.969811120741295607e-03
2.550000000000000355e+01 -3.966945425249834845e-03
2.560000000000000497e+01 -3.964658775594154250e-03
2.570000000000000639e+01 -3.963176864252848652e-03
2.580000000000000426e+01 -3.962661436683057037e-03
2.590000000000000568e+01 -3.963133842685373498e-03
2.600000000000000355e+01 -3.964496771924341800e-03
2.610000000000000497e+01 -3.966528398419988388e-03
2.620000000000000639e+01 -3.968886876871802194e-03
2.630000000000000426e+01 -3.971192166048631567e-03
2.640000000000000568e+01 -3.973023244524587216e-03
2.650000000000000355e+01 -3.974011516997721927e-03
2.660000000000000497e+01 -3.973874617311579094e-03
2.670000000000000639e+01 -3.972435679547192677e-03
2.680000000000000426e+01 -3.969691124898755419e-03
2.690000000000000568e+01 -3.965756967712341652e-03
2.700000000000000355e+01 -3.960899215793955985e-03
2.710000000000000497e+01 -3.955482023443201989e-03
2.720000000000000639e+01 -3.949904499777390221e-03
2.730000000000000426e+01 -3.944596686405066333e-03
2.740000000000000568e+01 -3.939907270079867629e-03
2.750000000000000711e+01 -3.936112309271377896e-03
2.760000000000000497e+01 -3.933362949090968286e-03
2.770000000000000639e+01 -3.931657607336602744e-03
2.780000000000000426e+01 -3.930898062011745075e-03
2.790000000000000568e+01 -3.930848724955471329e-03
2.800000000000000711e+01 -3.931231862692285972e-03
2.810000000000000497e+01 -3.931747211539327047e-03
2.820000000000000639e+01 -3.932106775564048196e-03
2.830000000000000426e+01 -3.932127918107375386e-03
2.840000000000000568e+01 -3.931696894895475580e-03
2.850000000000000711e+01 -3.930846542146371192e-03
2.860000000000000497e+01 -3.929723122724104734e-03
2.870000000000000639e+01 -3.928556183756148901e-03
2.880000000000000426e+01 -3.927674441270012640e-03
2.890000000000000568e+01 -3.927390906183436670e-03
2.900000000000000711e+01 -3.928020799830234111e-03
2.910000000000000497e+01 -3.929800814334194481e-03
2.920000000000000639e+01 -3.932845398562589967e-03
2.930000000000000426e+01 -3.937174060821724275e-03
2.940000000000000568e+01 -3.942633560949149185e-03
2.950000000000000711e+01 -3.948979656284323791e-03
2.960000000000000497e+01 -3.955864940762832127e-03
2.970000000000000639e+01 -3.962873909147290874e-03
2.980000000000000426e+01 -3.969616635646544545e-03
2.990000000000000568e+01 -3.975700603959186896e-03
3.000000000000000711e+01 -3.980842944766194158e-03
3.010000000000000497e+01 -3.984854758111500139e-03
3.020000000000000639e+01 -3.987654139070151427e-03
3.030000000000000426e+01 -3.989310380898392072e-03
3.040000000000000568e+01 -3.989952876867708387e-03
3.050000000000000711e+01 -3.989817807656947934e-03
3.060000000000000497e+01 -3.989164404640421768e-03
3.070000000000000639e+01 -3.988240344050819619e-03
3.080000000000000426e+01 -3.987291888317368027e-03
3.090000000000000568e+01 -3.986464734966166379e-03
3.100000000000000711e+01 -3.985868264818170914e-03
3.110000000000000497e+01 -3.985524351513447527e-03
3.120000000000000639e+01 -3.985387024661113387e-03
3.130000000000000782e+01 -3.985406424601878328e-03
3.140000000000000568e+01 -3.985484235124014951e-03
3.150000000000000711e+01 -3.985581843866881080e-03
3.160000000000000497e+01 -3.985690575845246553e-03
3.170000000000000639e+01 -3.985858076654913429e-03
3.180000000000000782e+01 -3.986229868682245048e-03
3.190000000000000568e+01 -3.986967861187962203e-03
3.200000000000000711e+01 -3.988307891264419869e-03
3.210000000000000853e+01 -3.990470842152926689e-03
3.220000000000000284e+01 -3.993640560155164998e-03
3.230000000000000426e+01 -3.997962480351446857e-03
3.240000000000000568e+01 -4.003444304531034170e-03
3.250000000000000711e+01 -4.010017647108288230e-03
3.260000000000000853e+01 -4.017475109955481738e-03
3.270000000000000284e+01 -4.025501388270791292e-03
3.280000000000000426e+01 -4.033732753925489689e-03
3.290000000000000568e+01 -4.041731011585780742e-03
3.300000000000000711e+01 -4.049111731685206550e-03
3.310000000000000853e+01 -4.055532910422932069e-03
3.320000000000000995e+01 -4.060761027418646751e-03
3.330000000000000426e+01 -4.064730863328813726e-03
3.340000000000000568e+01 -4.067497439127432113e-03
3.350000000000000711e+01 -4.069311257154872852e-03
3.360000000000000853e+01 -4.070532612636956760e-03
3.370000000000000995e+01 -4.071615680616980093e-03
3.380000000000000426e+01 -4.073078036825938941e-03
3.390000000000000568e+01 -4.075379716628746429e-03
3.400000000000000711e+01 -4.078940999469926609e-03
3.410000000000000853e+01 -4.084028210602996811e-03
3.420000000000000995e+01 -4.090745259110240006e-03
3.430000000000000426e+01 -4.099036176337667037e-03
3.440000000000000568e+01 -4.108633065972644438e-03
3.450000000000000711e+01 -4.119157302000520104e-03
3.460000000000000853e+01 -4.130100372261580333e-03
3.470000000000000995e+01 -4.140910996827451562e-03
3.480000000000000426e+01 -4.151072943331945986e-03
3.490000000000000568e+01 -4.160112311207719848e-03
3.500000000000000711e+01 -4.167720762687898706e-03
3.510000000000000853e+01 -4.173727639108559817e-03
3.520000000000000995e+01 -4.178147791156383573e-03
3.530000000000000426e+01 -4.181187281434184388e-03
3.540000000000000568e+01 -4.183168420901439699e-03
3.550000000000000711e+01 -4.184556383043880334e-03
3.560000000000000853e+01 -4.185843183290682834e-03
3.570000000000000995e+01 -4.187523684531624379e-03
3.580000000000000426e+01 -4.190048350620478868e-03
3.590000000000000568e+01 -4.193732903228719611e-03
3.600000000000000711e+01 -4.198792914874127646e-03
3.610000000000000853e+01 -4.205269212449402882e-03
3.620000000000000995e+01 -4.213067701672790211e-03
3.630000000000000426e+01 -4.221985047032195126e-03
3.640000000000000568e+01 -4.231702578900986556e-03
3.650000000000000711e+01 -4.241890200465059380e-03
3.660000000000000853e+01 -4.252191063109200808e-03
3.670000000000000995e+01 -4.262297381963986442e-03
3.680000000000000426e+01 -4.271982758442094408e-03
3.690000000000000568e+01 -4.281085122123273745e-03
3.700000000000000711e+01 -4.289569711966978449e-03
3.710000000000000853e+01 -4.297464146785001660e-03
3.720000000000000995e+01 -4.304875635426530511e-03
3.730000000000000426e+01 -4.311963209194635827e-03
3.740000000000000568e+01 -4.318877257991515783e-03
3.750000000000000711e+01 -4.325786033067935410e-03
3.760000000000000853e+01 -4.332800342846776509e-03
3.770000000000000995e+01 -4.339996978359572655e-03
3.780000000000000426e+01 -4.347411888940444502e-03
3.790000000000000568e+01 -4.355019455321407218e-03
3.800000000000000711e+01 -4.362795574726463510e-03
3.810000000000000853e+01 -4.370685010777308754e-03
3.820000000000000995e+01 -4.378655657072461072e-03
3.830000000000000426e+01 -4.386708065107436383e-03
3.840000000000000568e+01 -4.394861518239090437e-03
3.850000000000000711e+01 -4.403199568663029861e-03
3.860000000000000853e+01 -4.411814812149028597e-03
3.870000000000000995e+01 -4.420827789624437454e-03
3.880000000000000426e+01 -4.430358494768971145e-03
3.890000000000000568e+01 -4.440484495482455163e-03
3.900000000000000711e+01 -4.451260480309193746e-03
3.910000000000000853e+01 -4.462660094265491484e-03
3.920000000000000995e+01 -4.474603243700414623e-03
3.930000000000000426e+01 -4.486951995379295788e-03
3.940000000000000568e+01 -4.499510229607373013e-03
3.950000000000000711e+01 -4.512083161990199098e-03
3.960000000000000853e+01 -4.524467369365070546e-03
3.970000000000000995e+01 -4.536512788862745449e-03
3.980000000000000426e+01 -4.548140278190171415e-03
3.990000000000000568e+01 -4.559348420030029381e-03
4.000000000000000711e+01 -4.570251813198755730e-03
4.010000000000000853e+01 -4.581039098899286621e-03
4.020000000000000995e+01 -4.591981284891466508e-03
4.030000000000001137e+01 -4.603388834875099533e-03
4.040000000000000568e+01 -4.615561084008512616e-03
4.050000000000000711e+01 -4.628768287186113550e-03
4.060000000000000853e+01 -4.643178572068806798e-03
4.070000000000000995e+01 -4.658850952438176041e-03
4.080000000000001137e+01 -4.675705377574612687e-03
4.090000000000000568e+01 -4.693513108427582736e-03
4.100000000000000711e+01 -4.711934386118832307e-03
4.110000000000000853e+01 -4.730523922490847966e-03
4.120000000000000995e+01 -4.748800347772474950e-03
4.130000000000001137e+01 -4.766290523819383118e-03
4.140000000000000568e+01 -4.782580559301474743e-03
4.150000000000000711e+01 -4.797384063483678407e-03
4.160000000000000853e+01 -4.810557205645715761e-03
4.170000000000000995e+01 -4.822139335934561011e-03
4.180000000000001137e+01 -4.832343596909871586e-03
4.190000000000000568e+01 -4.841532847980001275e-03
4.200000000000000711e+01 -4.850194104715099819e-03
4.210000000000000853e+01 -4.858865812795709616e-03
4.220000000000000995e+01 -4.868092985533700734e-03
4.230000000000001137e+01 -4.878357085231210810e-03
4.240000000000000568e+01 -4.890020167745423585e-03
4.250000000000000711e+01 -4.903295827014431119e-03
4.260000000000000853e+01 -4.918213964154483087e-03
4.270000000000000995e+01 -4.934635349974791918e-03
4.280000000000001137e+01 -4.952267236800811379e-03
4.290000000000000568e+01 -4.970703775080076436e-03
4.300000000000000711e+01 -4.989487844812623418e-03
4.310000000000000853e+01 -5.008160536752293002e-03
4.320000000000000995e+01 -5.026329555779307512e-03
4.330000000000001137e+01 -5.043713089242007896e-03
4.340000000000000568e+01 -5.060173672810530654e-03
4.350000000000000711e+01 -5.075737489885046028e-03
4.360000000000000853e+01 -5.090580722570126060e-03
4.370000000000000995e+01 -5.105009534281057526e-03
4.380000000000001137e+01 -5.119414007962730384e-03
4.390000000000000568e+01 -5.134215759859228623e-03
4.400000000000000711e+01 -5.149814788551809741e-03
4.410000000000000853e+01 -5.166534643949616257e-03
4.420000000000000995e+01 -5.184585182742507126e-03
4.430000000000001137e+01 -5.204036860422978084e-03
4.440000000000000568e+01 -5.224815753618772263e-03
4.450000000000000711e+01 -5.246718140339057257e-03
4.460000000000000853e+01 -5.269441157462972924e-03
4.470000000000000995e+01 -5.292625832344854953e-03
4.480000000000001137e+01 -5.315907176898726494e-03
4.490000000000000568e+01 -5.338962835386373840e-03
4.500000000000000711e+01 -5.361553455449474814e-03
4.510000000000000853e+01 -5.383553905822013874e-03
4.520000000000000995e+01 -5.404962016274883485e-03
4.530000000000001137e+01 -5.425895829165416906e-03
4.540000000000000568e+01 -5.446570639256187452e-03
4.550000000000000711e+01 -5.467261321663974272e-03
4.560000000000000853e+01 -5.488264212420768118e-03
4.570000000000000995e+01 -5.509845791283773941e-03
4.580000000000001137e+01 -5.532207566904423501e-03
4.590000000000000568e+01 -5.555454513329338706e-03
4.600000000000000711e+01 -5.579576261596330689e-03
4.610000000000000853e+01 -5.604455176512201930e-03
4.620000000000000995e+01 -5.629874022960945634e-03
4.630000000000001137e+01 -5.655553552481318302e-03
4.640000000000000568e+01 -5.681189055091573348e-03
4.650000000000000711e+01 -5.706489133414593962e-03
4.660000000000000853e+01 -5.731224626922548637e-03
4.670000000000000995e+01 -5.755248531078283047e-03
4.680000000000001137e+01 -5.778524379665916921e-03
4.690000000000000568e+01 -5.801126138574086433e-03
4.700000000000000711e+01 -5.823222543663020279e-03
4.710000000000000853e+01 -5.845062458003646988e-03
4.720000000000000995e+01 -5.866926275506390009e-03
4.730000000000001137e+01 -5.889098101818313058e-03
4.740000000000000568e+01 -5.911822506246000586e-03
4.750000000000000711e+01 -5.935269258555420091e-03
4.760000000000000853e+01 -5.959524836468554909e-03
4.770000000000000995e+01 -5.984570868811600608e-03
4.780000000000001137e+01 -6.010306345752391977e-03
4.790000000000001279e+01 -6.036563325978794303e-03
4.800000000000000711e+01 -6.063135461208457588e-03
4.810000000000000853e+01 -6.089827479117626563e-03
4.820000000000000995e+01 -6.116474842364161280e-03
4.830000000000001137e+01 -6.142989342038884804e-03
4.840000000000001279e+01 -6.169371027428871557e-03
4.850000000000000711e+01 -6.195710868423465190e-03
4.860000000000000853e+01 -6.222193976441858787e-03
4.870000000000000995e+01 -6.249058101044369096e-03
4.880000000000001137e+01 -6.276575761905600626e-03
4.890000000000001279e+01 -6.305004788811963135e-03
4.900000000000000711e+01 -6.334545191897855698e-03
4.910000000000000853e+01 -6.365316545842325535e-03
4.920000000000000995e+01 -6.397314760084982233e-03
4.930000000000001137e+01 -6.430419739663406631e-03
4.940000000000001279e+01 -6.464391692709348103e-03
4.950000000000000711e+01 -6.498892058064253963e-03
4.960000000000000853e+01 -6.533531540607873112e-03
4.970000000000000995e+01 -6.567895489909769680e-03
4.980000000000001137e+01 -6.601609649900974652e-03
4.990000000000001279e+01 -6.634373108544255881e-03
5.000000000000000711e+01 -6.665992722934388492e-03
5.010000000000000853e+01 -6.696416145263672792e-03
5.020000000000000995e+01 -6.725717562192368160e-03
5.030000000000001137e+01 -6.754104152776829739e-03
5.040000000000001279e+01 -6.781876512632234455e-03
5.050000000000000711e+01 -6.809389992059489138e-03
5.060000000000000853e+01 -6.837020593768616816e-03
5.070000000000000995e+01 -6.865101464104184092e-03
5.080000000000001137e+01 -6.893903001195689217e-03
5.090000000000001279e+01 -6.923592939305667215e-03
5.100000000000000711e+01 -6.954225154359949812e-03
5.110000000000000853e+01 -6.985753456399013128e-03
5.120000000000000995e+01 -7.018033020578906545e-03
5.130000000000001137e+01 -7.050870430633349173e-03
5.140000000000001279e+01 -7.084049808934900216e-03
5.150000000000000711e+01 -7.117375512367685175e-03
5.160000000000000853e+01 -7.150717069874135134e-03
5.170000000000000995e+01 -7.184018773219225107e-03
5.180000000000001137e+01 -7.217329974497921352e-03
5.190000000000001279e+01 -7.250788927552043184e-03
5.200000000000000711e+01 -7.284606870387289046e-03
5.210000000000000853e+01 -7.319044025800636177e-03
5.220000000000000995e+01 -7.354354478513513982e-03
5.230000000000001137e+01 -7.390760622071668173e-03
5.240000000000001279e+01 -7.428402097701236606e-03
5.250000000000000711e+01 -7.467310188881914890e-03
5.260000000000000853e+01 -7.507399233007971961e-03
5.270000000000000995e+01 -7.548454942407689661e-03
5.280000000000001137e+01 -7.590168773372762967e-03
5.290000000000001279e+01 -7.632160146370858822e-03
5.300000000000000711e+01 -7.674024908815135770e-03
5.310000000000000853e+01 -7.715389927522076086e-03
5.320000000000000995e+01 -7.755949283991314669e-03
5.330000000000001137e+01 -7.795517535794049824e-03
5.340000000000001279e+01 -7.834044979792287311e-03
5.350000000000000711e+01 -7.871629978983940568e-03
5.360000000000000853e+01 -7.908512279906132481e-03
5.370000000000000995e+01 -7.945035184748205914e-03
5.380000000000001137e+01 -7.981614552747318125e-03
5.390000000000001279e+01 -8.018678266072665206e-03
5.400000000000000711e+01 -8.056616379463976685e-03
5.410000000000000853e+01 -8.095734967936696336e-03
5.420000000000000995e+01 -8.136211125818970658e-03
5.430000000000001137e+01 -8.178080540467924653e-03
5.440000000000001279e+01 -8.221227508475981161e-03
5.450000000000000711e+01 -8.265404642844031979e-03
5.460000000000000853e+01 -8.310267908925916824e-03
5.470000000000000995e+01 -8.355417400375764192e-03
5.480000000000001137e+01 -8.400456050445370693e-03
5.490000000000001279e+01 -8.445036386283022445e-03
5.500000000000001421e+01 -8.488907582892724069e-03
5.510000000000000853e+01 -8.531948082439844150e-03
5.520000000000000995e+01 -8.574177815409866898e-03
5.530000000000001137e+01 -8.615758292056185930e-03
5.540000000000001279e+01 -8.656969104174849772e-03
5.550000000000001421e+01 -8.698173666690844907e-03
5.560000000000000853e+01 -8.739774567034730435e-03
5.570000000000000995e+01 -8.782164848941953483e-03
5.580000000000001137e+01 -8.825683293258834716e-03
5.590000000000001279e+01 -8.870578683520147223e-03
5.600000000000001421e+01 -8.916986633610624047e-03
5.610000000000000853e+01 -8.964922606214786871e-03
5.620000000000000995e+01 -9.014292777609178575e-03
5.630000000000001137e+01 -9.064914396394452289e-03
5.640000000000001279e+01 -9.116552878905948010e-03
5.650000000000001421e+01 -9.168957852195791514e-03
5.660000000000000853e+01 -9.221900705482954930e-03
5.670000000000000995e+01 -9.275209759473213023e-03
5.680000000000001137e+01 -9.328784823719515895e-03
5.690000000000001279e+01 -9.382611952002239963e-03
5.700000000000001421e+01 -9.436752408233217704e-03
5.710000000000000853e+01 -9.491324133579281952e-03
5.720000000000000995e+01 -9.546479452740841420e-03
5.730000000000001137e+01 -9.602362905473116328e-03
5.740000000000001279e+01 -9.659090448932150519e-03
5.750000000000001421e+01 -9.716716087210475195e-03
5.760000000000000853e+01 -9.775216808786568734e-03
5.770000000000000995e+01 -9.834496457318431251e-03
5.780000000000001137e+01 -9.894382409754154395e-03
5.790000000000001279e+01 -9.954662162577010420e-03
5.800000000000001421e+01 -1.001510315552855968e-02
5.810000000000000853e+01 -1.007548917956718748e-02
5.820000000000000995e+01 -1.013566234165935720e-02
5.830000000000001137e+01 -1.019553355816393836e-02
5.840000000000001279e+01 -1.025511799880907127e-02
5.850000000000001421e+01 -1.031452421233519656e-02
5.860000000000000853e+01 -1.037394642623346019e-02
5.870000000000000995e+01 -1.043365030685899919e-02
5.880000000000001137e+01 -1.049391955199707738e-02
5.890000000000001279e+01 -1.055504052064287768e-02
5.900000000000001421e+01 -1.061724646077250034e-02
5.910000000000000853e+01 -1.068069068046356707e-02
5.920000000000000995e+01 -1.074543576563918856e-02
5.930000000000001137e+01 -1.081142352508840387e-02
5.940000000000001279e+01 -1.087851058990862985e-02
5.950000000000001421e+01 -1.094646909391999712e-02
5.960000000000000853e+01 -1.101502768356721340e-02
5.970000000000000995e+01 -1.108392242776429226e-02
5.980000000000001137e+01 -1.115291194595774416e-02
5.990000000000001279e+01 -1.122184484306509855e-02
6.000000000000001421e+01 -1.129065888649039007e-02
6.010000000000000853e+01 -1.135940172202637433e-02
6.020000000000000995e+01 -1.142823621239047460e-02
6.030000000000001137e+01 -1.149739107106972913e-02
6.040000000000001279e+01 -1.156716302808907804e-02
6.050000000000001421e+01 -1.163784453185995327e-02
6.060000000000000853e+01 -1.170969264316762404e-02
6.070000000000000995e+01 -1.178289973095675292e-02
6.080000000000001137e+01 -1.185753363581004693e-02
6.090000000000001279e+01 -1.193356351530361348e-02
6.100000000000001421e+01 -1.201082809268833040e-02
6.110000000000000853e+01 -1.208907246657159318e-02
6.120000000000000995e+01 -1.216799320095035553e-02
6.130000000000001137e+01 -1.224725176866447995e-02
6.140000000000001279e+01 -1.232656854350461240e-02
6.150000000000001421e+01 -1.240573001779549100e-02
6.160000000000000853e+01 -1.248464527090620280e-02
6.170000000000000995e+01 -1.256337522854394928e-02
6.180000000000001137e+01 -1.264210056841941210e-02
6.190000000000001279e+01 -1.272115132559420436e-02
6.200000000000001421e+01 -1.280092621205147774e-02
6.210000000000000853e+01 -1.288186582867267838e-02
6.220000000000000995e+01 -1.296440145667154820e-02
6.230000000000001137e+01 -1.304886272080757470e-02
6.240000000000001279e+01 -1.313547995254332745e-02
6.250000000000001421e+01 -1.322430178999867145e-02
6.260000000000001563e+01 -1.331520944065722745e-02
6.270000000000000995e+01 -1.340793034239112780e-02
6.280000000000001137e+01 -1.350203373119152062e-02
6.290000000000001279e+01 -1.359703470396034231e-02
6.300000000000001421e+01 -1.369240277956657037e-02
6.310000000000001563e+01 -1.378765968301209899e-02
6.320000000000000995e+01 -1.388244260912602224e-02
6.330000000000001137e+01 -1.397651689758278026e-02
6.340000000000001279e+01 -1.406986236223967124e-02
6.350000000000001421e+01 -1.416262141351670722e-02
6.360000000000001563e+01 -1.425511639873477954e-02
6.370000000000000995e+01 -1.434780756053460893e-02
6.380000000000001137e+01 -1.444119934154586282e-02
6.390000000000001279e+01 -1.453583244247225181e-02
6.400000000000001421e+01 -1.463215441150145235e-02
6.410000000000000853e+01 -1.473050117058055664e-02
6.420000000000001705e+01 -1.483105055383371340e-02
6.430000000000001137e+01 -1.493376750304975520e-02
6.440000000000000568e+01 -1.503847066220698192e-02
6.450000000000001421e+01 -1.514479682054309384e-02
6.460000000000000853e+01 -1.525229641574571415e-02
6.470000000000001705e+01 -1.536049041386278180e-02
6.480000000000001137e+01 -1.546890614718532397e-02
6.490000000000000568e+01 -1.557720509063870162e-02
6.500000000000001421e+01 -1.568516574427564203e-02
6.510000000000000853e+01 -1.579276420886138732e-02
6.520000000000001705e+01 -1.590016940590976979e-02
6.530000000000001137e+01 -1.600769144507729891e-02
6.540000000000000568e+01 -1.611580193175443654e-02
6.550000000000001421e+01 -1.622500096287865512e-02
6.560000000000000853e+01 -1.633579993334388636e-02
6.570000000000001705e+01 -1.644863592369810723e-02
6.580000000000001137e+01 -1.656378081619935827e-02
6.590000000000001990e+01 -1.668136222079696918e-02
6.600000000000001421e+01 -1.680127019076943506e-02
6.610000000000000853e+01 -1.692322302986792870e-02
6.620000000000001705e+01 -1.704678315536328759e-02
6.630000000000001137e+01 -1.717138647456223355e-02
6.640000000000001990e+01 -1.729647744347617699e-02
6.650000000000001421e+01 -1.742150919059226588e-02
6.660000000000000853e+01 -1.754607671516766887e-02
6.670000000000001705e+01 -1.766995186342723567e-02
6.680000000000001137e+01 -1.779309462683664744e-02
6.690000000000001990e+01 -1.791572497611859660e-02
6.700000000000001421e+01 -1.803822545832883817e-02
6.710000000000000853e+01 -1.816116086567748367e-02
6.720000000000001705e+01 -1.828518679845886341e-02
6.730000000000001137e+01 -1.841095220038752034e-02
6.740000000000001990e+01 -1.853908320877772908e-02
6.750000000000001421e+01 -1.867003461525951202e-02
6.760000000000000853e+01 -1.880410536094068163e-02
6.770000000000001705e+01 -1.894137978988708060e-02
6.780000000000001137e+01 -1.908170869758513133e-02
6.790000000000001990e+01 -1.922479475730454190e-02
6.800000000000001421e+01 -1.937016130243301992e-02
6.810000000000000853e+01 -1.951728668093244412e-02
6.820000000000001705e+01 -1.966564140133170158e-02
6.830000000000001137e+01 -1.981474265478760932e-02
6.840000000000001990e+01 -1.996426874822437858e-02
6.850000000000001421e+01 -2.011401736450968425e-02
6.860000000000000853e+01 -2.026399145996499174e-02
6.870000000000001705e+01 -2.041435045502359991e-02
6.880000000000001137e+01 -2.056536595620966912e-02
6.890000000000001990e+01 -2.071742538776810694e-02
6.900000000000001421e+01 -2.087089267887554112e-02
6.910000000000000853e+01 -2.102612048893470753e-02
6.920000000000001705e+01 -2.118335662324338786e-02
6.930000000000001137e+01 -2.134270083916411931e-02
6.940000000000001990e+01 -2.150414128055344598e-02
6.950000000000001421e+01 -2.166748563221138069e-02
6.960000000000000853e+01 -2.183246596329341260e-02
6.970000000000001705e+01 -2.199874338597479495e-02
6.980000000000001137e+01 -2.216596415262123143e-02
6.990000000000001990e+01 -2.233386846688878435e-02
7.000000000000001421e+01 -2.250226881453992744e-02
7.010000000000000853e+01 -2.267116253705730999e-02
7.020000000000001705e+01 -2.284070261304138594e-02
7.030000000000001137e+01 -2.301119102377702230e-02
7.040000000000001990e+01 -2.318309145157654294e-02
7.050000000000001421e+01 -2.335690509132015702e-02
7.060000000000000853e+01 -2.353317962462758706e-02
7.070000000000001705e+01 -2.371239184459361660e-02
7.080000000000001137e+01 -2.389488772582232246e-02
7.090000000000001990e+01 -2.408087222146931827e-02
7.100000000000001421e+01 -2.427031093318066102e-02
7.110000000000000853e+01 -2.446299976572996471e-02
7.120000000000001705e+01 -2.465853947257667933e-02
7.130000000000001137e+01 -2.485639143106965765e-02
7.140000000000001990e+01 -2.505597963771255543e-02
7.150000000000001421e+01 -2.525670086670134262e-02
7.160000000000000853e+01 -2.545807119257936790e-02
7.170000000000001705e+01 -2.565974151733541042e-02
7.180000000000001137e+01 -2.586155494217701190e-02
7.190000000000001990e+01 -2.606359955291664976e-02
7.200000000000001421e+01 -2.626614009060290744e-02
7.210000000000000853e+01 -2.646965211954316333e-02
7.220000000000001705e+01 -2.667471496968415456e-02
7.230000000000001137e+01 -2.688195265964549163e-02
7.240000000000001990e+01 -2.709198240840909877e-02
7.250000000000001421e+01 -2.730528349560495949e-02
7.260000000000000853e+01 -2.752220217323653184e-02
7.270000000000001705e+01 -2.774286400993197788e-02
7.280000000000001137e+01 -2.796717799595038745e-02
7.290000000000001990e+01 -2.819487575898066423e-02
7.300000000000001421e+01 -2.842550181719610825e-02
7.310000000000000853e+01 -2.865853695108894206e-02
7.320000000000001705e+01 -2.889342400135808120e-02
7.330000000000001137e+01 -2.912966080646706146e-02
7.340000000000001990e+01 -2.936688618784849547e-02
7.350000000000001421e+01 -2.960488389270371501e-02
7.360000000000000853e+01 -2.984366672291888234e-02
7.370000000000001705e+01 -3.008343162127713466e-02
7.380000000000001137e+01 -3.032455295380287463e-02
7.390000000000001990e+01 -3.056754950910828272e-02
7.400000000000001421e+01 -3.081298003673166308e-02
7.410000000000000853e+01 -3.106142450959187284e-02
7.420000000000001705e+01 -3.131337292366764835e-02
7.430000000000001137e+01 -3.156918709344957996e-02
7.440000000000001990e+01 -3.182907257163214432e-02
7.450000000000001421e+01 -3.209302679907366507e-02
7.460000000000000853e+01 -3.236089293209071238e-02
7.470000000000001705e+01 -3.263235031543992859e-02
7.480000000000001137e+01 -3.290698049337364983e-02
7.490000000000001990e+01 -3.318433251824409735e-02
7.500000000000001421e+01 -3.346395309021110709e-02
7.510000000000000853e+01 -3.374548085916079243e-02
7.520000000000001705e+01 -3.402865291829443306e-02
7.530000000000001137e+01 -3.431334676353647861e-02
7.540000000000001990e+01 -3.459958956824232823e-02
7.550000000000001421e+01 -3.488751946238161095e-02
7.560000000000000853e+01 -3.517738903489225910e-02
7.570000000000001705e+01 -3.546949499251067506e-02
7.580000000000001137e+01 -3.576415066846150292e-02
7.590000000000001990e+01 -3.606164821787960495e-02
7.600000000000001421e+01 -3.636220884038215972e-02
7.610000000000000853e+01 -3.666599196768466351e-02
7.620000000000001705e+01 -3.697306841696884616e-02
7.630000000000001137e+01 -3.728344639805747374e-02
7.640000000000001990e+01 -3.759709607518324503e-02
7.650000000000001421e+01 -3.791396643796418608e-02
7.660000000000000853e+01 -3.823403603780056725e-02
7.670000000000001705e+01 -3.855732029628589075e-02
7.680000000000001137e+01 -3.888389738041347909e-02
7.690000000000001990e+01 -3.921390975186028749e-02
7.700000000000001421e+01 -3.954754312976677122e-02
7.710000000000000853e+01 -3.988501390374088462e-02
7.720000000000001705e+01 -4.022652363543421927e-02
7.730000000000001137e+01 -4.057222879359617673e-02
7.740000000000001990e+01 -4.092220679184344068e-02
7.750000000000001421e+01 -4.127642863130759343e-02
7.760000000000000853e+01 -4.163475592475290865e-02
7.770000000000001705e+01 -4.199694598941056123e-02
7.780000000000001137e+01 -4.236268147489730129e-02
7.790000000000001990e+01 -4.273161319010432280e-02
7.800000000000001421e+01 -4.310341350565272123e-02
7.810000000000000853e+01 -4.347783081609862821e-02
7.820000000000001705e+01 -4.385474337036660009e-02
7.830000000000001137e+01 -4.423419314130994096e-02
7.840000000000001990e+01 -4.461640375946462900e-02
7.850000000000001421e+01 -4.500177714732228607e-02
7.860000000000000853e+01 -4.539085294107497726e-02
7.870000000000001705e+01 -4.578426519556727525e-02
7.880000000000001137e+01 -4.618266264502224328e-02
7.890000000000001990e+01 -4.658663339990731789e-02
7.900000000000001421e+01 -4.699663630921391277e-02
7.910000000000000853e+01 -4.741292379510825272e-02
7.920000000000001705e+01 -4.783552121901935017e-02
7.930000000000001137e+01 -4.826420046480278669e-02
7.940000000000001990e+01 -4.869850630950978143e-02
7.950000000000001421e+01 -4.913781679064377350e-02
7.960000000000000853e+01 -4.958139842471093184e-02
7.970000000000001705e+01 -5.002852581666500376e-02
7.980000000000001137e+01 -5.047855607136647604e-02
7.990000000000001990e+01 -5.093102631154194926e-02
8.000000000000001421e+01 -5.138573281689445826e-02
8.010000000000000853e+01 -5.184274316205611521e-02
8.020000000000001705e+01 -5.230243484864288694e-02
8.030000000000001137e+01 -5.276543213598355875e-02
8.040000000000001990e+01 -5.323255181293662375e-02
8.050000000000001421e+01 -5.370472172347640072e-02
8.060000000000002274e+01 -5.418284199003697843e-02
8.070000000000001705e+01 -5.466772064567565481e-02
8.080000000000001137e+01 -5.515994267774410043e-02
8.090000000000001990e+01 -5.565981945233750006e-02
8.100000000000001421e+01 -5.616736673094280263e-02
8.110000000000002274e+01 -5.668227475213455380e-02
8.120000000000001705e+01 -5.720400405403536226e-02
8.130000000000001137e+01 -5.773181979982788814e-02
8.140000000000001990e+01 -5.826491661293070612e-02
8.150000000000001421e+01 -5.880254093142894822e-02
8.160000000000002274e+01 -5.934405815534993245e-02
8.170000000000001705e+01 -5.988909777747536411e-02
8.180000000000001137e+01 -6.043755848316395562e-02
8.190000000000001990e+01 -6.098965510697718084e-02
8.200000000000001421e+01 -6.154590508847485042e-02
8.210000000000002274e+01 -6.210702553128311099e-02
8.220000000000001705e+01 -6.267390646760429007e-02
8.230000000000001137e+01 -6.324744399617904245e-02
8.240000000000001990e+01 -6.382846395809860240e-02
8.250000000000001421e+01 -6.441763013171497576e-02
8.260000000000002274e+01 -6.501532717865476929e-02
8.270000000000001705e+01 -6.562169232502729210e-02
8.280000000000001137e+01 -6.623655297460351310e-02
8.290000000000001990e+01 -6.685951050565713816e-02
8.300000000000001421e+01 -6.749002121147612554e-02
8.310000000000002274e+01 -6.812745124049945922e-02
8.320000000000001705e+01 -6.877125826966701272e-02
8.330000000000001137e+01 -6.942102075356232360e-02
8.340000000000001990e+01 -7.007656330464007155e-02
8.350000000000001421e+01 -7.073800205417546394e-02
8.360000000000002274e+01 -7.140570374845112145e-02
8.370000000000001705e+01 -7.208032346113518729e-02
8.380000000000001137e+01 -7.276265045995899960e-02
8.390000000000001990e+01 -7.345355502556277782e-02
8.400000000000001421e+01 -7.415386584088273780e-02
8.410000000000002274e+01 -7.486421024186612483e-02
8.420000000000001705e+01 -7.558499594318773829e-02
8.430000000000001137e+01 -7.631626678805109032e-02
8.440000000000001990e+01 -7.705774057765596430e-02
8.450000000000001421e+01 -7.780883006862759910e-02
8.460000000000002274e+01 -7.856867616195201132e-02
8.470000000000001705e+01 -7.933633849166871199e-02
8.480000000000001137e+01 -8.011084599498069503e-02
8.490000000000001990e+01 -8.089139822855390127e-02
8.500000000000001421e+01 -8.167748000449126522e-02
8.510000000000002274e+01 -8.246891907716535908e-02
8.520000000000001705e+01 -8.326601532413613338e-02
8.530000000000001137e+01 -8.406945400785686973e-02
8.540000000000001990e+01 -8.488031432700138268e-02
8.550000000000001421e+01 -8.569994907252165284e-02
8.560000000000002274e+01 -8.652981014611654809e-02
8.570000000000001705e+01 -8.737136453749372311e-02
8.580000000000001137e+01 -8.822585208979877303e-02
8.590000000000001990e+01 -8.909421479356449680e-02
8.600000000000001421e+01 -8.997697958569833565e-02
8.610000000000002274e+01 -9.087418320830265017e-02
8.620000000000001705e+01 -9.178545492392919947e-02
8.630000000000001137e+01 -9.271000411555374576e-02
8.640000000000001990e+01 -9.364680229708166603e-02
8.650000000000001421e+01 -9.459471014109338549e-02
8.660000000000002274e+01 -9.555261623882327360e-02
8.670000000000001705e+01 -9.651965622122066213e-02
8.680000000000001137e+01 -9.749526476263586927e-02
8.690000000000001990e+01 -9.847932136886705656e-02
8.700000000000001421e+01 -9.947215518796415079e-02
8.710000000000002274e+01 -1.004744971798494646e-01
8.720000000000001705e+01 -1.014874525041453146e-01
8.730000000000001137e+01 -1.025123089012101585e-01
8.740000000000001990e+01 -1.035504434683097164e-01
8.750000000000001421e+01 -1.046031448079128290e-01
8.760000000000002274e+01 -1.056714618984760934e-01
8.770000000000001705e+01 -1.067561446392062408e-01
8.780000000000001137e+01 -1.078575331588497166e-01
8.790000000000001990e+01 -1.089756033167527671e-01
8.800000000000001421e+01 -1.101099984066392090e-01
8.810000000000002274e+01 -1.112601194649500136e-01
8.820000000000001705e+01 -1.124252853661354412e-01
8.830000000000001137e+01 -1.136048345680344962e-01
8.840000000000001990e+01 -1.147982898476579416e-01
8.850000000000001421e+01 -1.160054475852960731e-01
8.860000000000002274e+01 -1.172264358864190670e-01
8.870000000000001705e+01 -1.184617401713212170e-01
8.880000000000001137e+01 -1.197121406585044401e-01
8.890000000000001990e+01 -1.209786349509898717e-01
8.900000000000001421e+01 -1.222623085719969915e-01
8.910000000000002274e+01 -1.235641954298098977e-01
8.920000000000001705e+01 -1.248851432204205469e-01
8.930000000000001137e+01 -1.262257131856597825e-01
8.940000000000001990e+01 -1.275861049678347903e-01
8.950000000000001421e+01 -1.289661585726501469e-01
8.960000000000002274e+01 -1.303654059112351882e-01
8.970000000000001705e+01 -1.317831545886519184e-01
8.980000000000001137e+01 -1.332186704213915718e-01
8.990000000000001990e+01 -1.346712989867649424e-01
9.000000000000001421e+01 -1.361406620598960004e-01
9.010000000000002274e+01 -1.376267963371957115e-01
9.020000000000001705e+01 -1.391302051051953592e-01
9.030000000000001137e+01 -1.406519645229563631e-01
9.040000000000001990e+01 -1.421935991217873618e-01
9.050000000000001421e+01 -1.437570376328989874e-01
9.060000000000002274e+01 -1.453444445816119424e-01
9.070000000000001705e+01 -1.469579576404467236e-01
9.080000000000001137e+01 -1.485995972308836177e-01
9.090000000000001990e+01 -1.502709334536042607e-01
9.100000000000001421e+01 -1.519730350117100004e-01
9.110000000000002274e+01 -1.537063625044863824e-01
9.120000000000001705e+01 -1.554706695487855228e-01
9.130000000000001137e+01 -1.572652467809724230e-01
9.140000000000001990e+01 -1.590888640124013542e-01
9.150000000000001421e+01 -1.609401278065749064e-01
9.160000000000002274e+01 -1.628176810376174566e-01
9.170000000000001705e+01 -1.647203303372675176e-01
9.180000000000001137e+01 -1.666474951840289931e-01
9.190000000000001990e+01 -1.685990812358025837e-01
9.200000000000001421e+01 -1.705757837991508374e-01
9.210000000000002274e+01 -1.725790140950146934e-01
9.220000000000001705e+01 -1.746106665655286494e-01
9.230000000000001137e+01 -1.766732583676264845e-01
9.240000000000001990e+01 -1.787693199232221475e-01
9.250000000000001421e+01 -1.809014563919813523e-01
9.260000000000002274e+01 -1.830719962075609830e-01
9.270000000000001705e+01 -1.852826291263109937e-01
9.280000000000001137e+01 -1.875346731061715011e-01
9.290000000000001990e+01 -1.898285230245065902e-01
9.300000000000001421e+01 -1.921641287029844380e-01
9.310000000000002274e+01 -1.945409649527372609e-01
9.320000000000001705e+01 -1.969580610789912201e-01
9.330000000000001137e+01 -1.994147603175630556e-01
9.340000000000001990e+01 -2.019103245744309216e-01
9.350000000000001421e+01 -2.044447502284591489e-01
9.360000000000002274e+01 -2.070186905884221495e-01
9.370000000000001705e+01 -2.096333480790509851e-01
9.380000000000001137e+01 -2.122910922639991149e-01
9.390000000000001990e+01 -2.149944929244100855e-01
9.400000000000001421e+01 -2.177468898211200599e-01
9.410000000000002274e+01 -2.205517503327693030e-01
9.420000000000001705e+01 -2.234121657274119599e-01
9.430000000000001137e+01 -2.263313455063244994e-01
9.440000000000001990e+01 -2.293112876172703762e-01
9.450000000000001421e+01 -2.323536661204688158e-01
9.460000000000002274e+01 -2.354592583956124363e-01
9.470000000000001705e+01 -2.386278353585145062e-01
9.480000000000001137e+01 -2.418593316258357273e-01
9.490000000000001990e+01 -2.451527371358195873e-01
9.500000000000001421e+01 -2.485078359228515832e-01
9.510000000000002274e+01 -2.519248050438961384e-01
9.520000000000001705e+01 -2.554043798494447515e-01
9.530000000000002558e+01 -2.589492947857414684e-01
9.540000000000001990e+01 -2.625625898199233088e-01
9.550000000000001421e+01 -2.662494372409666132e-01
9.560000000000002274e+01 -2.700158528016571857e-01
9.570000000000001705e+01 -2.738682692647330108e-01
9.580000000000002558e+01 -2.778145772356677146e-01
9.590000000000001990e+01 -2.818612571041141379e-01
9.600000000000001421e+01 -2.860153856694767627e-01
9.610000000000002274e+01 -2.902825940523018344e-01
9.620000000000001705e+01 -2.946667742617539165e-01
9.630000000000002558e+01 -2.991717681428159858e-01
9.640000000000001990e+01 -3.037982800736994671e-01
9.650000000000001421e+01 -3.085475868621758710e-01
9.660000000000002274e+01 -3.134196347817039818e-01
9.670000000000001705e+01 -3.184139049182414527e-01
9.680000000000002558e+01 -3.235324197543956171e-01
9.690000000000001990e+01 -3.287761992124105248e-01
9.700000000000001421e+01 -3.341507682435004289e-01
9.710000000000002274e+01 -3.396630944833783916e-01
9.720000000000001705e+01 -3.453225719732981869e-01
9.730000000000002558e+01 -3.511439987463861323e-01
9.740000000000001990e+01 -3.571413706183152459e-01
9.750000000000001421e+01 -3.633345060459218789e-01
9.760000000000002274e+01 -3.697427331918472504e-01
9.770000000000001705e+01 -3.763856207732150794e-01
9.780000000000002558e+01 -3.832859688893167638e-01
9.790000000000001990e+01 -3.904602888353017054e-01
9.800000000000001421e+01 -3.979293539628532828e-01
9.810000000000002274e+01 -4.057086251841314772e-01
9.820000000000001705e+01 -4.138120342773614624e-01
9.830000000000002558e+01 -4.222580287347668659e-01
9.840000000000001990e+01 -4.310572409044847175e-01
9.850000000000001421e+01 -4.402336239783272709e-01
9.860000000000002274e+01 -4.498097994190678461e-01
9.870000000000001705e+01 -4.598192275686939223e-01
9.880000000000002558e+01 -4.703177980312108208e-01
9.890000000000001990e+01 -4.813648312157779441e-01
9.900000000000001421e+01 -4.930682590987092717e-01
9.910000000000002274e+01 -5.055534629366218446e-01
9.920000000000001705e+01 -5.190022438500619950e-01
9.930000000000002558e+01 -5.336782755303201009e-01
9.940000000000001990e+01 -5.499031047006071038e-01
9.950000000000001421e+01 -5.682158061687380135e-01
9.960000000000002274e+01 -5.893187476845724859e-01
9.970000000000001705e+01 -6.144521208736448692e-01
9.980000000000002558e+01 -6.457714553395056400e-01
9.990000000000001990e+01 -6.881372213117962211e-01
1.000000000000000142e+02 -7.585198152117200721e-01
