0.000000000000000000e+00 -2.412850372976653723e-01
1.000000000000000194e-01 -1.734978808258240413e-01
2.000000000000000389e-01 -1.334004922265699944e-01
3.000000000000000444e-01 -1.078438832623735272e-01
4.000000000000000777e-01 -9.053949301709664221e-02
5.000000000000001110e-01 -7.822585166260757894e-02
6.000000000000000888e-01 -6.909363977933866141e-02
7.000000000000001776e-01 -6.208115715389873890e-02
8.000000000000001554e-01 -5.653525124898992060e-02
9.000000000000001332e-01 -5.203760217117080894e-02
1.000000000000000222e+00 -4.831083020147265011e-02
1.100000000000000311e+00 -4.516535583747362248e-02
1.200000000000000178e+00 -4.246810080272298005e-02
1.300000000000000266e+00 -4.012340024520386766e-02
1.400000000000000355e+00 -3.806099991021193868e-02
1.500000000000000222e+00 -3.622830061349600200e-02
1.600000000000000311e+00 -3.458522386280260541e-02
1.700000000000000400e+00 -3.310073759233794766e-02
1.800000000000000266e+00 -3.175045816870637055e-02
1.900000000000000355e+00 -3.051496506032420550e-02
2.000000000000000444e+00 -2.937859657287466425e-02
2.100000000000000533e+00 -2.832857608781836831e-02
2.200000000000000622e+00 -2.735436907335574153e-02
2.300000000000000266e+00 -2.644720366222839958e-02
2.400000000000000355e+00 -2.559970878408055622e-02
2.500000000000000444e+00 -2.480563788351811474e-02
2.600000000000000533e+00 -2.405965570642965359e-02
2.700000000000000622e+00 -2.335717209062877775e-02
2.800000000000000711e+00 -2.269421116311253969e-02
2.900000000000000355e+00 -2.206730747632215661e-02
3.000000000000000444e+00 -2.147342283553325959e-02
3.100000000000000533e+00 -2.090987916124134247e-02
3.200000000000000622e+00 -2.037430388382493324e-02
3.300000000000000711e+00 -1.986458521187654466e-02
3.400000000000000799e+00 -1.937883523914474618e-02
3.500000000000000888e+00 -1.891535931977276347e-02
3.600000000000000533e+00 -1.847263049081963524e-02
3.700000000000000622e+00 -1.804926798571615879e-02
3.800000000000000711e+00 -1.764401908437589900e-02
3.900000000000000799e+00 -1.725574370108978045e-02
4.000000000000000888e+00 -1.688340123169820156e-02
4.100000000000000533e+00 -1.652603927537234230e-02
4.200000000000001066e+00 -1.618278391997560531e-02
4.300000000000000711e+00 -1.585283133810540257e-02
4.400000000000001243e+00 -1.553544048708481451e-02
4.500000000000000888e+00 -1.522992674304076734e-02
4.600000000000000533e+00 -1.493565632881281753e-02
4.700000000000001066e+00 -1.465204141933130512e-02
4.800000000000000711e+00 -1.437853582749081677e-02
4.900000000000001243e+00 -1.411463118934513233e-02
5.000000000000000888e+00 -1.385985358039278775e-02
5.100000000000001421e+00 -1.361376050536647862e-02
5.200000000000001066e+00 -1.337593821273549803e-02
5.300000000000000711e+00 -1.314599929242734125e-02
5.400000000000001243e+00 -1.292358052135217719e-02
5.500000000000000888e+00 -1.270834092639706002e-02
5.600000000000001421e+00 -1.249996003882204720e-02
5.700000000000001066e+00 -1.229813631758436103e-02
5.800000000000000711e+00 -1.210258572215507783e-02
5.900000000000001243e+00 -1.191304041796831248e-02
6.000000000000000888e+00 -1.172924759983670281e-02
6.100000000000001421e+00 -1.155096842053806097e-02
6.200000000000001066e+00 -1.137797701338122761e-02
6.300000000000001599e+00 -1.121005959893536102e-02
6.400000000000001243e+00 -1.104701366729268774e-02
6.500000000000000888e+00 -1.088864722825833714e-02
6.600000000000001421e+00 -1.073477812274770994e-02
6.700000000000001066e+00 -1.058523338944143861e-02
6.800000000000001599e+00 -1.043984868141843193e-02
6.900000000000001243e+00 -1.029846772807173523e-02
7.000000000000001776e+00 -1.016094183812307067e-02
7.100000000000001421e+00 -1.002712944000127768e-02
7.200000000000001066e+00 -9.896895656241893463e-03
7.300000000000001599e+00 -9.770111908913546583e-03
7.400000000000001243e+00 -9.646655553381634426e-03
7.500000000000001776e+00 -9.526409537990472923e-03
7.600000000000001421e+00 -9.409262087484914980e-03
7.700000000000001066e+00 -9.295106408204641124e-03
7.800000000000001599e+00 -9.183840413273835698e-03
7.900000000000001243e+00 -9.075366466176760030e-03
8.000000000000001776e+00 -8.969591141260542175e-03
8.100000000000001421e+00 -8.866424999840574403e-03
8.200000000000001066e+00 -8.765782380704113808e-03
8.300000000000002487e+00 -8.667581203915362617e-03
8.400000000000002132e+00 -8.571742786922990562e-03
8.500000000000001776e+00 -8.478191672056635542e-03
8.600000000000001421e+00 -8.386855464579321545e-03
8.700000000000001066e+00 -8.297664680531686293e-03
8.800000000000002487e+00 -8.210552603668938923e-03
8.900000000000002132e+00 -8.125455150849808517e-03
9.000000000000001776e+00 -8.042310745287146664e-03
9.100000000000001421e+00 -7.961060197120069237e-03
9.200000000000001066e+00 -7.881646590808220887e-03
9.300000000000002487e+00 -7.804015178889937669e-03
9.400000000000002132e+00 -7.728113281680537398e-03
9.500000000000001776e+00 -7.653890192520143923e-03
9.600000000000001421e+00 -7.581297088210023349e-03
9.700000000000001066e+00 -7.510286944303693098e-03
9.800000000000002487e+00 -7.440814454943519077e-03
9.900000000000002132e+00 -7.372835956956746810e-03
1.000000000000000178e+01 -7.306309357945467951e-03
1.010000000000000142e+01 -7.241194068123887884e-03
1.020000000000000284e+01 -7.177450935674520652e-03
1.030000000000000249e+01 -7.115042185410026983e-03
1.040000000000000213e+01 -7.053931360543570089e-03
1.050000000000000178e+01 -6.994083267382665385e-03
1.060000000000000142e+01 -6.935463922775458694e-03
1.070000000000000284e+01 -6.878040504149218227e-03
1.080000000000000249e+01 -6.821781301991733555e-03
1.090000000000000213e+01 -6.766655674636129839e-03
1.100000000000000178e+01 -6.712634005219114512e-03
1.110000000000000142e+01 -6.659687660690533605e-03
1.120000000000000284e+01 -6.607788952760598571e-03
1.130000000000000249e+01 -6.556911100677975841e-03
1.140000000000000213e+01 -6.507028195738822490e-03
1.150000000000000178e+01 -6.458115167433293308e-03
1.160000000000000142e+01 -6.410147751141397933e-03
1.170000000000000284e+01 -6.363102457296197258e-03
1.180000000000000249e+01 -6.316956541936451751e-03
1.190000000000000213e+01 -6.271687978576542463e-03
1.200000000000000178e+01 -6.227275431324888130e-03
1.210000000000000320e+01 -6.183698229186855751e-03
1.220000000000000284e+01 -6.140936341491552534e-03
1.230000000000000249e+01 -6.098970354385525698e-03
1.240000000000000213e+01 -6.057781448339984859e-03
1.250000000000000178e+01 -6.017351376620539219e-03
1.260000000000000320e+01 -5.977662444672160111e-03
1.270000000000000284e+01 -5.938697490374356298e-03
1.280000000000000249e+01 -5.900439865123808039e-03
1.290000000000000213e+01 -5.862873415704840559e-03
1.300000000000000178e+01 -5.825982466909552203e-03
1.310000000000000320e+01 -5.789751804871844619e-03
1.320000000000000284e+01 -5.754166661081713471e-03
1.330000000000000249e+01 -5.719212697047601490e-03
1.340000000000000213e+01 -5.684875989576629665e-03
1.350000000000000178e+01 -5.651143016644059359e-03
1.360000000000000320e+01 -5.618000643824600134e-03
1.370000000000000284e+01 -5.585436111260328254e-03
1.380000000000000249e+01 -5.553437021140267098e-03
1.390000000000000213e+01 -5.521991325668916713e-03
1.400000000000000355e+01 -5.491087315501497722e-03
1.410000000000000320e+01 -5.460713608625510085e-03
1.420000000000000284e+01 -5.430859139668338213e-03
1.430000000000000249e+01 -5.401513149612531713e-03
1.440000000000000213e+01 -5.372665175900728438e-03
1.450000000000000355e+01 -5.344305042913490185e-03
1.460000000000000320e+01 -5.316422852803657020e-03
1.470000000000000284e+01 -5.289008976672196667e-03
1.480000000000000249e+01 -5.262054046070785591e-03
1.490000000000000213e+01 -5.235548944817441756e-03
1.500000000000000355e+01 -5.209484801111831723e-03
1.510000000000000320e+01 -5.183852979937782907e-03
1.520000000000000284e+01 -5.158645075741113799e-03
1.530000000000000249e+01 -5.133852905371203736e-03
1.540000000000000213e+01 -5.109468501275655355e-03
1.550000000000000355e+01 -5.085484104937468795e-03
1.560000000000000320e+01 -5.061892160545128534e-03
1.570000000000000284e+01 -5.038685308885708022e-03
1.580000000000000249e+01 -5.015856381452752158e-03
1.590000000000000391e+01 -4.993398394759521533e-03
1.600000000000000355e+01 -4.971304544850107046e-03
1.610000000000000142e+01 -4.949568202000030094e-03
1.620000000000000284e+01 -4.928182905599405063e-03
1.630000000000000426e+01 -4.907142359210984496e-03
1.640000000000000213e+01 -4.886440425796758670e-03
1.650000000000000355e+01 -4.866071123106068333e-03
1.660000000000000497e+01 -4.846028619219684697e-03
1.670000000000000284e+01 -4.826307228243016667e-03
1.680000000000000426e+01 -4.806901406143625384e-03
1.690000000000000213e+01 -4.787805746726878260e-03
1.700000000000000355e+01 -4.769014977744996317e-03
1.710000000000000497e+01 -4.750523957134157073e-03
1.720000000000000284e+01 -4.732327669375161784e-03
1.730000000000000426e+01 -4.714421221972762976e-03
1.740000000000000213e+01 -4.696799842049536634e-03
1.750000000000000355e+01 -4.679458873049902393e-03
1.760000000000000497e+01 -4.662393771550351305e-03
1.770000000000000284e+01 -4.645600104171910411e-03
1.780000000000000426e+01 -4.629073544591313059e-03
1.790000000000000213e+01 -4.612809870647010049e-03
1.800000000000000355e+01 -4.596804961537006608e-03
1.810000000000000497e+01 -4.581054795104865830e-03
1.820000000000000284e+01 -4.565555445210995461e-03
1.830000000000000426e+01 -4.550303079186025258e-03
1.840000000000000213e+01 -4.535293955363532345e-03
1.850000000000000355e+01 -4.520524420689201947e-03
1.860000000000000497e+01 -4.505990908403809288e-03
1.870000000000000284e+01 -4.491689935797480403e-03
1.880000000000000426e+01 -4.477618102032619382e-03
1.890000000000000213e+01 -4.463772086033448126e-03
1.900000000000000355e+01 -4.450148644439370048e-03
1.910000000000000497e+01 -4.436744609620617286e-03
1.920000000000000284e+01 -4.423556887753388525e-03
1.930000000000000426e+01 -4.410582456953034136e-03
1.940000000000000213e+01 -4.397818365462950220e-03
1.950000000000000355e+01 -4.385261729897496283e-03
1.960000000000000497e+01 -4.372909733537109003e-03
1.970000000000000284e+01 -4.360759624673725583e-03
1.980000000000000426e+01 -4.348808715005141046e-03
1.990000000000000213e+01 -4.337054378076399958e-03
2.000000000000000355e+01 -4.325494047766777553e-03
2.010000000000000497e+01 -4.314125216820966814e-03
2.020000000000000284e+01 -4.302945435422791433e-03
2.030000000000000426e+01 -4.291952309810373456e-03
2.040000000000000568e+01 -4.281143500931072071e-03
2.050000000000000355e+01 -4.270516723135252442e-03
2.060000000000000497e+01 -4.260069742907325076e-03
2.070000000000000284e+01 -4.249800377633134590e-03
2.080000000000000426e+01 -4.239706494402346523e-03
2.090000000000000568e+01 -4.229786008844867683e-03
2.100000000000000355e+01 -4.220036884000068385e-03
2.110000000000000497e+01 -4.210457129217969573e-03
2.120000000000000284e+01 -4.201044799091226481e-03
2.130000000000000426e+01 -4.191797992416980770e-03
2.140000000000000568e+01 -4.182714851187835196e-03
2.150000000000000355e+01 -4.173793559610713098e-03
2.160000000000000497e+01 -4.165032343153065794e-03
2.170000000000000284e+01 -4.156429467615434768e-03
2.180000000000000426e+01 -4.147983238229516895e-03
2.190000000000000568e+01 -4.139691998781120340e-03
2.200000000000000355e+01 -4.131554130757090874e-03
2.210000000000000497e+01 -4.123568052515604911e-03
2.220000000000000284e+01 -4.115732218479019149e-03
2.230000000000000426e+01 -4.108045118348718251e-03
2.240000000000000568e+01 -4.100505276341240637e-03
2.250000000000000355e+01 -4.093111250444931258e-03
2.260000000000000497e+01 -4.085861631696869820e-03
2.270000000000000284e+01 -4.078755043479050969e-03
2.280000000000000426e+01 -4.071790140833440874e-03
2.290000000000000568e+01 -4.064965609795506869e-03
2.300000000000000355e+01 -4.058280166745384041e-03
2.310000000000000497e+01 -4.051732557776408991e-03
2.320000000000000284e+01 -4.045321558080352924e-03
2.330000000000000426e+01 -4.039045971349024440e-03
2.340000000000000568e+01 -4.032904629191585467e-03
2.350000000000000355e+01 -4.026896390567382550e-03
2.360000000000000497e+01 -4.021020141233509412e-03
2.370000000000000284e+01 -4.015274793207099929e-03
2.380000000000000426e+01 -4.009659284241546585e-03
2.390000000000000568e+01 -4.004172577316459682e-03
2.400000000000000355e+01 -3.998813660141006462e-03
2.410000000000000497e+01 -3.993581544670084596e-03
2.420000000000000639e+01 -3.988475266633197298e-03
2.430000000000000426e+01 -3.983493885075418614e-03
2.440000000000000568e+01 -3.978636481910424565e-03
2.450000000000000355e+01 -3.973902161484885003e-03
2.460000000000000497e+01 -3.969290050154300302e-03
2.470000000000000639e+01 -3.964799295869661858e-03
2.480000000000000426e+01 -3.960429067774792408e-03
2.490000000000000568e+01 -3.956178555814029649e-03
2.500000000000000355e+01 -3.952046970349999862e-03
2.510000000000000497e+01 -3.948033541791191002e-03
2.520000000000000639e+01 -3.944137520229075433e-03
2.530000000000000426e+01 -3.940358175084443179e-03
2.540000000000000568e+01 -3.936694794762963037e-03
2.550000000000000355e+01 -3.933146686319310623e-03
2.560000000000000497e+01 -3.929713175130016001e-03
2.570000000000000639e+01 -3.926393604574645799e-03
2.580000000000000426e+01 -3.923187335725019688e-03
2.590000000000000568e+01 -3.920093747042442157e-03
2.600000000000000355e+01 -3.917112234082586152e-03
2.610000000000000497e+01 -3.914242209207909745e-03
2.620000000000000639e+01 -3.911483101307337840e-03
2.630000000000000426e+01 -3.908834355523188066e-03
2.640000000000000568e+01 -3.906295432984864709e-03
2.650000000000000355e+01 -3.903865810549504538e-03
2.660000000000000497e+01 -3.901544980549099227e-03
2.670000000000000639e+01 -3.899332450544086993e-03
2.680000000000000426e+01 -3.897227743083230000e-03
2.690000000000000568e+01 -3.895230395469576317e-03
2.700000000000000355e+01 -3.893339959532401019e-03
2.710000000000000497e+01 -3.891556001404956888e-03
2.720000000000000639e+01 -3.889878101307890287e-03
2.730000000000000426e+01 -3.888305853338194697e-03
2.740000000000000568e+01 -3.886838865263547108e-03
2.750000000000000711e+01 -3.885476758321933146e-03
2.760000000000000497e+01 -3.884219167026388333e-03
2.770000000000000639e+01 -3.883065738974737086e-03
2.780000000000000426e+01 -3.882016134664280013e-03
2.790000000000000568e+01 -3.881070027311189254e-03
2.800000000000000711e+01 -3.880227102674620957e-03
2.810000000000000497e+01 -3.879487058885341087e-03
2.820000000000000639e+01 -3.878849606278809894e-03
2.830000000000000426e+01 -3.878314467232640925e-03
2.840000000000000568e+01 -3.877881376008218174e-03
2.850000000000000711e+01 -3.877550078596538573e-03
2.860000000000000497e+01 -3.877320332568058667e-03
2.870000000000000639e+01 -3.877191906926492123e-03
2.880000000000000426e+01 -3.877164581966491275e-03
2.890000000000000568e+01 -3.877238149135075248e-03
2.900000000000000711e+01 -3.877412410896794240e-03
2.910000000000000497e+01 -3.877687180602424396e-03
2.920000000000000639e+01 -3.878062282361286525e-03
2.930000000000000426e+01 -3.878537550916928440e-03
2.940000000000000568e+01 -3.879112831526221675e-03
2.950000000000000711e+01 -3.879787979841765443e-03
2.960000000000000497e+01 -3.880562861797475990e-03
2.970000000000000639e+01 -3.881437353497370867e-03
2.980000000000000426e+01 -3.882411341107428870e-03
2.990000000000000568e+01 -3.883484720750465802e-03
3.000000000000000711e+01 -3.884657398403978338e-03
3.010000000000000497e+01 -3.885929289800895293e-03
3.020000000000000639e+01 -3.887300320333113984e-03
3.030000000000000426e+01 -3.888770424957881545e-03
3.040000000000000568e+01 -3.890339548106850742e-03
3.050000000000000711e+01 -3.892007643597810741e-03
3.060000000000000497e+01 -3.893774674549018659e-03
3.070000000000000639e+01 -3.895640613296117577e-03
3.080000000000000426e+01 -3.897605441311497061e-03
3.090000000000000568e+01 -3.899669149126188533e-03
3.100000000000000711e+01 -3.901831736254101658e-03
3.110000000000000497e+01 -3.904093211118645542e-03
3.120000000000000639e+01 -3.906453590981696575e-03
3.130000000000000782e+01 -3.908912901874713429e-03
3.140000000000000568e+01 -3.911471178532291947e-03
3.150000000000000711e+01 -3.914128464327665952e-03
3.160000000000000497e+01 -3.916884811210486622e-03
3.170000000000000639e+01 -3.919740279646724730e-03
3.180000000000000782e+01 -3.922694938560529650e-03
3.190000000000000568e+01 -3.925748865278203860e-03
3.200000000000000711e+01 -3.928902145474132482e-03
3.210000000000000853e+01 -3.932154873118636623e-03
3.220000000000000284e+01 -3.935507150427850279e-03
3.230000000000000426e+01 -3.938959087815326748e-03
3.240000000000000568e+01 -3.942510803845642592e-03
3.250000000000000711e+01 -3.946162425189741509e-03
3.260000000000000853e+01 -3.949914086582051106e-03
3.270000000000000284e+01 -3.953765930779454089e-03
3.280000000000000426e+01 -3.957718108521914371e-03
3.290000000000000568e+01 -3.961770778494776331e-03
3.300000000000000711e+01 -3.965924107292847361e-03
3.310000000000000853e+01 -3.970178269386015653e-03
3.320000000000000995e+01 -3.974533447086576674e-03
3.330000000000000426e+01 -3.978989830518084476e-03
3.340000000000000568e+01 -3.983547617585846655e-03
3.350000000000000711e+01 -3.988207013948884272e-03
3.360000000000000853e+01 -3.992968232993485134e-03
3.370000000000000995e+01 -3.997831495808278415e-03
3.380000000000000426e+01 -4.002797031160622472e-03
3.390000000000000568e+01 -4.007865075474755130e-03
3.400000000000000711e+01 -4.013035872811031649e-03
3.410000000000000853e+01 -4.018309674846877455e-03
3.420000000000000995e+01 -4.023686740858956924e-03
3.430000000000000426e+01 -4.029167337706832282e-03
3.440000000000000568e+01 -4.034751739817864571e-03
3.450000000000000711e+01 -4.040440229173603015e-03
3.460000000000000853e+01 -4.046233095297407760e-03
3.470000000000000995e+01 -4.052130635243419640e-03
3.480000000000000426e+01 -4.058133153586767662e-03
3.490000000000000568e+01 -4.064240962415185954e-03
3.500000000000000711e+01 -4.070454381321727926e-03
3.510000000000000853e+01 -4.076773737398914181e-03
3.520000000000000995e+01 -4.083199365233917792e-03
3.530000000000000426e+01 -4.089731606905137352e-03
3.540000000000000568e+01 -4.096370811979927959e-03
3.550000000000000711e+01 -4.103117337513464968e-03
3.560000000000000853e+01 -4.109971548048909663e-03
3.570000000000000995e+01 -4.116933815618634834e-03
3.580000000000000426e+01 -4.124004519746680281e-03
3.590000000000000568e+01 -4.131184047452378383e-03
3.600000000000000711e+01 -4.138472793255006631e-03
3.610000000000000853e+01 -4.145871159179739460e-03
3.620000000000000995e+01 -4.153379554764542042e-03
3.630000000000000426e+01 -4.160998397068323487e-03
3.640000000000000568e+01 -4.168728110680113529e-03
3.650000000000000711e+01 -4.176569127729313873e-03
3.660000000000000853e+01 -4.184521887897123087e-03
3.670000000000000995e+01 -4.192586838428935536e-03
3.680000000000000426e+01 -4.200764434147907789e-03
3.690000000000000568e+01 -4.209055137469490393e-03
3.700000000000000711e+01 -4.217459418417068145e-03
3.710000000000000853e+01 -4.225977754638668947e-03
3.720000000000000995e+01 -4.234610631424690075e-03
3.730000000000000426e+01 -4.243358541726588960e-03
3.740000000000000568e+01 -4.252221986176757916e-03
3.750000000000000711e+01 -4.261201473109286174e-03
3.760000000000000853e+01 -4.270297518581787043e-03
3.770000000000000995e+01 -4.279510646398307534e-03
3.780000000000000426e+01 -4.288841388133101014e-03
3.790000000000000568e+01 -4.298290283155549972e-03
3.800000000000000711e+01 -4.307857878655994323e-03
3.810000000000000853e+01 -4.317544729672636965e-03
3.820000000000000995e+01 -4.327351399119343592e-03
3.830000000000000426e+01 -4.337278457814554462e-03
3.840000000000000568e+01 -4.347326484511060928e-03
3.850000000000000711e+01 -4.357496065926877438e-03
3.860000000000000853e+01 -4.367787796777011268e-03
3.870000000000000995e+01 -4.378202279806285221e-03
3.880000000000000426e+01 -4.388740125823075398e-03
3.890000000000000568e+01 -4.399401953734063779e-03
3.900000000000000711e+01 -4.410188390579959650e-03
3.910000000000000853e+01 -4.421100071572197678e-03
3.920000000000000995e+01 -4.432137640130616105e-03
3.930000000000000426e+01 -4.443301747922068223e-03
3.940000000000000568e+01 -4.454593054900079022e-03
3.950000000000000711e+01 -4.466012229345406488e-03
3.960000000000000853e+01 -4.477559947907599515e-03
3.970000000000000995e+01 -4.489236895647566276e-03
3.980000000000000426e+01 -4.501043766081017777e-03
3.990000000000000568e+01 -4.512981261223018153e-03
4.000000000000000711e+01 -4.525050091633387589e-03
4.010000000000000853e+01 -4.537250976463151272e-03
4.020000000000000995e+01 -4.549584643501952859e-03
4.030000000000001137e+01 -4.562051829226436775e-03
4.040000000000000568e+01 -4.574653278849574213e-03
4.050000000000000711e+01 -4.587389746371070727e-03
4.060000000000000853e+01 -4.600261994628670678e-03
4.070000000000000995e+01 -4.613270795350466955e-03
4.080000000000001137e+01 -4.626416929208196013e-03
4.090000000000000568e+01 -4.639701185871560746e-03
4.100000000000000711e+01 -4.653124364063495298e-03
4.110000000000000853e+01 -4.666687271616492411e-03
4.120000000000000995e+01 -4.680390725529824138e-03
4.130000000000001137e+01 -4.694235552027927437e-03
4.140000000000000568e+01 -4.708222586619605077e-03
4.150000000000000711e+01 -4.722352674158383605e-03
4.160000000000000853e+01 -4.736626668903887866e-03
4.170000000000000995e+01 -4.751045434584082877e-03
4.180000000000001137e+01 -4.765609844458741293e-03
4.190000000000000568e+01 -4.780320781383788631e-03
4.200000000000000711e+01 -4.795179137876759597e-03
4.210000000000000853e+01 -4.810185816183257940e-03
4.220000000000000995e+01 -4.825341728344483168e-03
4.230000000000001137e+01 -4.840647796265799829e-03
4.240000000000000568e+01 -4.856104951786356302e-03
4.250000000000000711e+01 -4.871714136749761767e-03
4.260000000000000853e+01 -4.887476303075819623e-03
4.270000000000000995e+01 -4.903392412833410159e-03
4.280000000000001137e+01 -4.919463438314320390e-03
4.290000000000000568e+01 -4.935690362108271709e-03
4.300000000000000711e+01 -4.952074177178994452e-03
4.310000000000000853e+01 -4.968615886941404013e-03
4.320000000000000995e+01 -4.985316505339879370e-03
4.330000000000001137e+01 -5.002177056927702148e-03
4.340000000000000568e+01 -5.019198576947504417e-03
4.350000000000000711e+01 -5.036382111413004528e-03
4.360000000000000853e+01 -5.053728717191762962e-03
4.370000000000000995e+01 -5.071239462089058812e-03
4.380000000000001137e+01 -5.088915424933094199e-03
4.390000000000000568e+01 -5.106757695661136298e-03
4.400000000000000711e+01 -5.124767375407004652e-03
4.410000000000000853e+01 -5.142945576589639210e-03
4.420000000000000995e+01 -5.161293423002888750e-03
4.430000000000001137e+01 -5.179812049906506663e-03
4.440000000000000568e+01 -5.198502604118361917e-03
4.450000000000000711e+01 -5.217366244107810545e-03
4.460000000000000853e+01 -5.236404140090373388e-03
4.470000000000000995e+01 -5.255617474123548336e-03
4.480000000000001137e+01 -5.275007440204035510e-03
4.490000000000000568e+01 -5.294575244365992868e-03
4.500000000000000711e+01 -5.314322104780801886e-03
4.510000000000000853e+01 -5.334249251857879279e-03
4.520000000000000995e+01 -5.354357928347006600e-03
4.530000000000001137e+01 -5.374649389441758796e-03
4.540000000000000568e+01 -5.395124902884369973e-03
4.550000000000000711e+01 -5.415785749071929701e-03
4.560000000000000853e+01 -5.436633221163780609e-03
4.570000000000000995e+01 -5.457668625190461621e-03
4.580000000000001137e+01 -5.478893280163825603e-03
4.590000000000000568e+01 -5.500308518188691369e-03
4.600000000000000711e+01 -5.521915684575755962e-03
4.610000000000000853e+01 -5.543716137955971048e-03
4.620000000000000995e+01 -5.565711250396335706e-03
4.630000000000001137e+01 -5.587902407517063123e-03
4.640000000000000568e+01 -5.610291008610266902e-03
4.650000000000000711e+01 -5.632878466760027347e-03
4.660000000000000853e+01 -5.655666208963965221e-03
4.670000000000000995e+01 -5.678655676256281343e-03
4.680000000000001137e+01 -5.701848323832327953e-03
4.690000000000000568e+01 -5.725245621174632898e-03
4.700000000000000711e+01 -5.748849052180516304e-03
4.710000000000000853e+01 -5.772660115291170478e-03
4.720000000000000995e+01 -5.796680323622427702e-03
4.730000000000001137e+01 -5.820911205096913205e-03
4.740000000000000568e+01 -5.845354302577984024e-03
4.750000000000000711e+01 -5.870011174005164076e-03
4.760000000000000853e+01 -5.894883392531174299e-03
4.770000000000000995e+01 -5.919972546660742622e-03
4.780000000000001137e+01 -5.945280240390884118e-03
4.790000000000001279e+01 -5.970808093353049441e-03
4.800000000000000711e+01 -5.996557740956795501e-03
4.810000000000000853e+01 -6.022530834535289729e-03
4.820000000000000995e+01 -6.048729041492468400e-03
4.830000000000001137e+01 -6.075154045451988671e-03
4.840000000000001279e+01 -6.101807546407916200e-03
4.850000000000000711e+01 -6.128691260877204734e-03
4.860000000000000853e+01 -6.155806922053996301e-03
4.870000000000000995e+01 -6.183156279965752386e-03
4.880000000000001137e+01 -6.210741101631150202e-03
4.890000000000001279e+01 -6.238563171219997303e-03
4.900000000000000711e+01 -6.266624290214843629e-03
4.910000000000000853e+01 -6.294926277574683891e-03
4.920000000000000995e+01 -6.323470969900429374e-03
4.930000000000001137e+01 -6.352260221602440589e-03
4.940000000000001279e+01 -6.381295905069968126e-03
4.950000000000000711e+01 -6.410579910842637008e-03
4.960000000000000853e+01 -6.440114147783859190e-03
4.970000000000000995e+01 -6.469900543256410994e-03
4.980000000000001137e+01 -6.499941043299954299e-03
4.990000000000001279e+01 -6.530237612810709663e-03
5.000000000000000711e+01 -6.560792235723228449e-03
5.010000000000000853e+01 -6.591606915194272651e-03
5.020000000000000995e+01 -6.622683673788863981e-03
5.030000000000001137e+01 -6.654024553668550813e-03
5.040000000000001279e+01 -6.685631616781826173e-03
5.050000000000000711e+01 -6.717506945056825156e-03
5.060000000000000853e+01 -6.749652640596252341e-03
5.070000000000000995e+01 -6.782070825874581682e-03
5.080000000000001137e+01 -6.814763643937651189e-03
5.090000000000001279e+01 -6.847733258604497136e-03
5.100000000000000711e+01 -6.880981854671603011e-03
5.110000000000000853e+01 -6.914511638119533697e-03
5.120000000000000995e+01 -6.948324836322031239e-03
5.130000000000001137e+01 -6.982423698257504523e-03
5.140000000000001279e+01 -7.016810494723010883e-03
5.150000000000000711e+01 -7.051487518550810310e-03
5.160000000000000853e+01 -7.086457084827381230e-03
5.170000000000000995e+01 -7.121721531115071321e-03
5.180000000000001137e+01 -7.157283217676293184e-03
5.190000000000001279e+01 -7.193144527700403613e-03
5.200000000000000711e+01 -7.229307867533238743e-03
5.210000000000000853e+01 -7.265775666909344947e-03
5.220000000000000995e+01 -7.302550379186896826e-03
5.230000000000001137e+01 -7.339634481585467080e-03
5.240000000000001279e+01 -7.377030475426513828e-03
5.250000000000000711e+01 -7.414740886376780526e-03
5.260000000000000853e+01 -7.452768264694471442e-03
5.270000000000000995e+01 -7.491115185478390039e-03
5.280000000000001137e+01 -7.529784248920018581e-03
5.290000000000001279e+01 -7.568778080558549379e-03
5.300000000000000711e+01 -7.608099331538937908e-03
5.310000000000000853e+01 -7.647750678873008190e-03
5.320000000000000995e+01 -7.687734825703595662e-03
5.330000000000001137e+01 -7.728054501571929649e-03
5.340000000000001279e+01 -7.768712462688093234e-03
5.350000000000000711e+01 -7.809711492204645528e-03
5.360000000000000853e+01 -7.851054400493658741e-03
5.370000000000000995e+01 -7.892744025426804907e-03
5.380000000000001137e+01 -7.934783232658995308e-03
5.390000000000001279e+01 -7.977174915915251699e-03
5.400000000000000711e+01 -8.019921997280967177e-03
5.410000000000000853e+01 -8.063027427495823851e-03
5.420000000000000995e+01 -8.106494186250904135e-03
5.430000000000001137e+01 -8.150325282489621903e-03
5.440000000000001279e+01 -8.194523754712036354e-03
5.450000000000000711e+01 -8.239092671282957983e-03
5.460000000000000853e+01 -8.284035130743619413e-03
5.470000000000000995e+01 -8.329354262127164343e-03
5.480000000000001137e+01 -8.375053225277786367e-03
5.490000000000001279e+01 -8.421135211173907953e-03
5.500000000000001421e+01 -8.467603442254905202e-03
5.510000000000000853e+01 -8.514461172752115642e-03
5.520000000000000995e+01 -8.561711689023625976e-03
5.530000000000001137e+01 -8.609358309893004602e-03
5.540000000000001279e+01 -8.657404386992311948e-03
5.550000000000001421e+01 -8.705853305109138851e-03
5.560000000000000853e+01 -8.754708482537818665e-03
5.570000000000000995e+01 -8.803973371434922410e-03
5.580000000000001137e+01 -8.853651458179012668e-03
5.590000000000001279e+01 -8.903746263734739486e-03
5.600000000000001421e+01 -8.954261344021432686e-03
5.610000000000000853e+01 -9.005200290286036191e-03
5.620000000000000995e+01 -9.056566729480680991e-03
5.630000000000001137e+01 -9.108364324644728505e-03
5.640000000000001279e+01 -9.160596775291603502e-03
5.650000000000001421e+01 -9.213267817800192827e-03
5.660000000000000853e+01 -9.266381225811075317e-03
5.670000000000000995e+01 -9.319940810627673142e-03
5.680000000000001137e+01 -9.373950421622137194e-03
5.690000000000001279e+01 -9.428413946646264920e-03
5.700000000000001421e+01 -9.483335312447542520e-03
5.710000000000000853e+01 -9.538718485090125904e-03
5.720000000000000995e+01 -9.594567470381107355e-03
5.730000000000001137e+01 -9.650886314301984625e-03
5.740000000000001279e+01 -9.707679103445377572e-03
5.750000000000001421e+01 -9.764949965457256006e-03
5.760000000000000853e+01 -9.822703069484470598e-03
5.770000000000000995e+01 -9.880942626627914685e-03
5.780000000000001137e+01 -9.939672890401226799e-03
5.790000000000001279e+01 -9.998898157195247258e-03
5.800000000000001421e+01 -1.005862276674809354e-02
5.810000000000000853e+01 -1.011885110262120135e-02
5.820000000000000995e+01 -1.017958759268127941e-02
5.830000000000001137e+01 -1.024083670958807375e-02
5.840000000000001279e+01 -1.030260297128848292e-02
5.850000000000001421e+01 -1.036489094151661280e-02
5.860000000000000853e+01 -1.042770523030015807e-02
5.870000000000000995e+01 -1.049105049447318118e-02
5.880000000000001137e+01 -1.055493143819517116e-02
5.890000000000001279e+01 -1.061935281347669777e-02
5.900000000000001421e+01 -1.068431942071170100e-02
5.910000000000000853e+01 -1.074983610921637252e-02
5.920000000000000995e+01 -1.081590777777489791e-02
5.930000000000001137e+01 -1.088253937519200604e-02
5.940000000000001279e+01 -1.094973590085262204e-02
5.950000000000001421e+01 -1.101750240528842802e-02
5.960000000000000853e+01 -1.108584399075171999e-02
5.970000000000000995e+01 -1.115476581179651247e-02
5.980000000000001137e+01 -1.122427307586694803e-02
5.990000000000001279e+01 -1.129437104389330662e-02
6.000000000000001421e+01 -1.136506503089552804e-02
6.010000000000000853e+01 -1.143636040659442091e-02
6.020000000000000995e+01 -1.150826259603068488e-02
6.030000000000001137e+01 -1.158077708019193512e-02
6.040000000000001279e+01 -1.165390939664756771e-02
6.050000000000001421e+01 -1.172766514019200727e-02
6.060000000000000853e+01 -1.180204996349594297e-02
6.070000000000000995e+01 -1.187706957776626070e-02
6.080000000000001137e+01 -1.195272975341415619e-02
6.090000000000001279e+01 -1.202903632073210917e-02
6.100000000000001421e+01 -1.210599517057942172e-02
6.110000000000000853e+01 -1.218361225507685365e-02
6.120000000000000995e+01 -1.226189358830996612e-02
6.130000000000001137e+01 -1.234084524704189521e-02
6.140000000000001279e+01 -1.242047337143520336e-02
6.150000000000001421e+01 -1.250078416578315199e-02
6.160000000000000853e+01 -1.258178389925057941e-02
6.170000000000000995e+01 -1.266347890662442022e-02
6.180000000000001137e+01 -1.274587558907403807e-02
6.190000000000001279e+01 -1.282898041492151926e-02
6.200000000000001421e+01 -1.291279992042212131e-02
6.210000000000000853e+01 -1.299734071055490790e-02
6.220000000000000995e+01 -1.308260945982391878e-02
6.230000000000001137e+01 -1.316861291306972888e-02
6.240000000000001279e+01 -1.325535788629192240e-02
6.250000000000001421e+01 -1.334285126748227350e-02
6.260000000000001563e+01 -1.343110001746915250e-02
6.270000000000000995e+01 -1.352011117077298909e-02
6.280000000000001137e+01 -1.360989183647325074e-02
6.290000000000001279e+01 -1.370044919908680776e-02
6.300000000000001421e+01 -1.379179051945818822e-02
6.310000000000001563e+01 -1.388392313566164278e-02
6.320000000000000995e+01 -1.397685446391532145e-02
6.330000000000001137e+01 -1.407059199950773908e-02
6.340000000000001279e+01 -1.416514331773658514e-02
6.350000000000001421e+01 -1.426051607486032193e-02
6.360000000000001563e+01 -1.435671800906251037e-02
6.370000000000000995e+01 -1.445375694142919838e-02
6.380000000000001137e+01 -1.455164077693961791e-02
6.390000000000001279e+01 -1.465037750547012151e-02
6.400000000000001421e+01 -1.474997520281191160e-02
6.410000000000000853e+01 -1.485044203170269271e-02
6.420000000000001705e+01 -1.495178624287211294e-02
6.430000000000001137e+01 -1.505401617610171994e-02
6.440000000000000568e+01 -1.515714026129942604e-02
6.450000000000001421e+01 -1.526116701958855904e-02
6.460000000000000853e+01 -1.536610506441185575e-02
6.470000000000001705e+01 -1.547196310265094334e-02
6.480000000000001137e+01 -1.557874993576081717e-02
6.490000000000000568e+01 -1.568647446092040487e-02
6.500000000000001421e+01 -1.579514567219881052e-02
6.510000000000000853e+01 -1.590477266173757898e-02
6.520000000000001705e+01 -1.601536462094997268e-02
6.530000000000001137e+01 -1.612693084173619576e-02
6.540000000000000568e+01 -1.623948071771611976e-02
6.550000000000001421e+01 -1.635302374547900964e-02
6.560000000000000853e+01 -1.646756952585070113e-02
6.570000000000001705e+01 -1.658312776517873594e-02
6.580000000000001137e+01 -1.669970827663532983e-02
6.590000000000001990e+01 -1.681732098153896834e-02
6.600000000000001421e+01 -1.693597591069434527e-02
6.610000000000000853e+01 -1.705568320575149080e-02
6.620000000000001705e+01 -1.717645312058413420e-02
6.630000000000001137e+01 -1.729829602268731850e-02
6.640000000000001990e+01 -1.742122239459550220e-02
6.650000000000001421e+01 -1.754524283532027731e-02
6.660000000000000853e+01 -1.767036806180898728e-02
6.670000000000001705e+01 -1.779660891042411652e-02
6.680000000000001137e+01 -1.792397633844385399e-02
6.690000000000001990e+01 -1.805248142558434077e-02
6.700000000000001421e+01 -1.818213537554377521e-02
6.710000000000000853e+01 -1.831294951756890291e-02
6.720000000000001705e+01 -1.844493530804393322e-02
6.730000000000001137e+01 -1.857810433210280859e-02
6.740000000000001990e+01 -1.871246830526477126e-02
6.750000000000001421e+01 -1.884803907509353949e-02
6.760000000000000853e+01 -1.898482862288118633e-02
6.770000000000001705e+01 -1.912284906535609286e-02
6.780000000000001137e+01 -1.926211265641643994e-02
6.790000000000001990e+01 -1.940263178888869747e-02
6.800000000000001421e+01 -1.954441899631245705e-02
6.810000000000000853e+01 -1.968748695475128208e-02
6.820000000000001705e+01 -1.983184848463053970e-02
6.830000000000001137e+01 -1.997751655260233614e-02
6.840000000000001990e+01 -2.012450427343830464e-02
6.850000000000001421e+01 -2.027282491195043015e-02
6.860000000000000853e+01 -2.042249188494072581e-02
6.870000000000001705e+01 -2.057351876317997305e-02
6.880000000000001137e+01 -2.072591927341617055e-02
6.890000000000001990e+01 -2.087970730041315004e-02
6.900000000000001421e+01 -2.103489688901994878e-02
6.910000000000000853e+01 -2.119150224627155618e-02
6.920000000000001705e+01 -2.134953774352119776e-02
6.930000000000001137e+01 -2.150901791860524229e-02
6.940000000000001990e+01 -2.166995747804091946e-02
6.950000000000001421e+01 -2.183237129925763922e-02
6.960000000000000853e+01 -2.199627443286249553e-02
6.970000000000001705e+01 -2.216168210494019741e-02
6.980000000000001137e+01 -2.232860971938865208e-02
6.990000000000001990e+01 -2.249707286029056438e-02
7.000000000000001421e+01 -2.266708729432129893e-02
7.010000000000000853e+01 -2.283866897319445158e-02
7.020000000000001705e+01 -2.301183403614523448e-02
7.030000000000001137e+01 -2.318659881245234769e-02
7.040000000000001990e+01 -2.336297982399945447e-02
7.050000000000001421e+01 -2.354099378787659347e-02
7.060000000000000853e+01 -2.372065761902238806e-02
7.070000000000001705e+01 -2.390198843290807992e-02
7.080000000000001137e+01 -2.408500354826331041e-02
7.090000000000001990e+01 -2.426972048984574887e-02
7.100000000000001421e+01 -2.445615699125399528e-02
7.110000000000000853e+01 -2.464433099778556152e-02
7.120000000000001705e+01 -2.483426066934031270e-02
7.130000000000001137e+01 -2.502596438337026039e-02
7.140000000000001990e+01 -2.521946073787683512e-02
7.150000000000001421e+01 -2.541476855445601313e-02
7.160000000000000853e+01 -2.561190688139285132e-02
7.170000000000001705e+01 -2.581089499680590954e-02
7.180000000000001137e+01 -2.601175241184241343e-02
7.190000000000001990e+01 -2.621449887392602804e-02
7.200000000000001421e+01 -2.641915437005657591e-02
7.210000000000000853e+01 -2.662573913016476682e-02
7.220000000000001705e+01 -2.683427363052109590e-02
7.230000000000001137e+01 -2.704477859720121752e-02
7.240000000000001990e+01 -2.725727500960842958e-02
7.250000000000001421e+01 -2.747178410405436144e-02
7.260000000000000853e+01 -2.768832737739907249e-02
7.270000000000001705e+01 -2.790692659075179674e-02
7.280000000000001137e+01 -2.812760377323327010e-02
7.290000000000001990e+01 -2.835038122580138542e-02
7.300000000000001421e+01 -2.857528152514069580e-02
7.310000000000000853e+01 -2.880232752761778536e-02
7.320000000000001705e+01 -2.903154237330321519e-02
7.330000000000001137e+01 -2.926294949006168211e-02
7.340000000000001990e+01 -2.949657259771204174e-02
7.350000000000001421e+01 -2.973243571225766754e-02
7.360000000000000853e+01 -2.997056315018991474e-02
7.370000000000001705e+01 -3.021097953286484145e-02
7.380000000000001137e+01 -3.045370979095565409e-02
7.390000000000001990e+01 -3.069877916898201137e-02
7.400000000000001421e+01 -3.094621322991769619e-02
7.410000000000000853e+01 -3.119603785987875785e-02
7.420000000000001705e+01 -3.144827927289300940e-02
7.430000000000001137e+01 -3.170296401575331546e-02
7.440000000000001990e+01 -3.196011897295616966e-02
7.450000000000001421e+01 -3.221977137172697681e-02
7.460000000000000853e+01 -3.248194878713472900e-02
7.470000000000001705e+01 -3.274667914729691154e-02
7.480000000000001137e+01 -3.301399073867732070e-02
7.490000000000001990e+01 -3.328391221147896512e-02
7.500000000000001421e+01 -3.355647258513272391e-02
7.510000000000000853e+01 -3.383170125388564736e-02
7.520000000000001705e+01 -3.410962799248975358e-02
7.530000000000001137e+01 -3.439028296199395096e-02
7.540000000000001990e+01 -3.467369671564165395e-02
7.550000000000001421e+01 -3.495990020487532018e-02
7.560000000000000853e+01 -3.524892478545196134e-02
7.570000000000001705e+01 -3.554080222367012043e-02
7.580000000000001137e+01 -3.583556470271270777e-02
7.590000000000001990e+01 -3.613324482910654223e-02
7.600000000000001421e+01 -3.643387563930248346e-02
7.610000000000000853e+01 -3.673749060637841735e-02
7.620000000000001705e+01 -3.704412364686764797e-02
7.630000000000001137e+01 -3.735380912771527756e-02
7.640000000000001990e+01 -3.766658187336729274e-02
7.650000000000001421e+01 -3.798247717299222531e-02
7.660000000000000853e+01 -3.830153078784194476e-02
7.670000000000001705e+01 -3.862377895875179767e-02
7.680000000000001137e+01 -3.894925841378501369e-02
7.690000000000001990e+01 -3.927800637602492373e-02
7.700000000000001421e+01 -3.961006057151673226e-02
7.710000000000000853e+01 -3.994545923736425586e-02
7.720000000000001705e+01 -4.028424112998457707e-02
7.730000000000001137e+01 -4.062644553352326438e-02
7.740000000000001990e+01 -4.097211226843659737e-02
7.750000000000001421e+01 -4.132128170024122055e-02
7.760000000000000853e+01 -4.167399474843926088e-02
7.770000000000001705e+01 -4.203029289561948517e-02
7.780000000000001137e+01 -4.239021819674092251e-02
7.790000000000001990e+01 -4.275381328860339974e-02
7.800000000000001421e+01 -4.312112139950789041e-02
7.810000000000000853e+01 -4.349218635911378944e-02
7.820000000000001705e+01 -4.386705260849552146e-02
7.830000000000001137e+01 -4.424576521040511634e-02
7.840000000000001990e+01 -4.462836985974567156e-02
7.850000000000001421e+01 -4.501491289425987169e-02
7.860000000000000853e+01 -4.540544130544076767e-02
7.870000000000001705e+01 -4.580000274966889579e-02
7.880000000000001137e+01 -4.619864555958196062e-02
7.890000000000001990e+01 -4.660141875568395847e-02
7.900000000000001421e+01 -4.700837205819832082e-02
7.910000000000000853e+01 -4.741955589917289104e-02
7.920000000000001705e+01 -4.783502143484215374e-02
7.930000000000001137e+01 -4.825482055825364852e-02
7.940000000000001990e+01 -4.867900591216700601e-02
7.950000000000001421e+01 -4.910763090222967225e-02
7.960000000000000853e+01 -4.954074971044081926e-02
7.970000000000001705e+01 -4.997841730890656420e-02
7.980000000000001137e+01 -5.042068947389846678e-02
7.990000000000001990e+01 -5.086762280022080057e-02
8.000000000000001421e+01 -5.131927471589600026e-02
8.010000000000000853e+01 -5.177570349717697945e-02
8.020000000000001705e+01 -5.223696828389503416e-02
8.030000000000001137e+01 -5.270312909515248445e-02
8.040000000000001990e+01 -5.317424684537032376e-02
8.050000000000001421e+01 -5.365038336069969521e-02
8.060000000000002274e+01 -5.413160139580872054e-02
8.070000000000001705e+01 -5.461796465105368814e-02
8.080000000000001137e+01 -5.510953779004709729e-02
8.090000000000001990e+01 -5.560638645763286980e-02
8.100000000000001421e+01 -5.610857729828035850e-02
8.110000000000002274e+01 -5.661617797491053095e-02
8.120000000000001705e+01 -5.712925718816471571e-02
8.130000000000001137e+01 -5.764788469613126021e-02
8.140000000000001990e+01 -5.817213133454129242e-02
8.150000000000001421e+01 -5.870206903744908805e-02
8.160000000000002274e+01 -5.923777085841095552e-02
8.170000000000001705e+01 -5.977931099217678040e-02
8.180000000000001137e+01 -6.032676479691130578e-02
8.190000000000001990e+01 -6.088020881695930392e-02
8.200000000000001421e+01 -6.143972080617207676e-02
8.210000000000002274e+01 -6.200537975181361072e-02
8.220000000000001705e+01 -6.257726589906130454e-02
8.230000000000001137e+01 -6.315546077612352316e-02
8.240000000000001990e+01 -6.374004721998940970e-02
8.250000000000001421e+01 -6.433110940283322254e-02
8.260000000000002274e+01 -6.492873285909438186e-02
8.270000000000001705e+01 -6.553300451325089204e-02
8.280000000000001137e+01 -6.614401270831415935e-02
8.290000000000001990e+01 -6.676184723506251029e-02
8.300000000000001421e+01 -6.738659936204134671e-02
8.310000000000002274e+01 -6.801836186635397408e-02
8.320000000000001705e+01 -6.865722906526704195e-02
8.330000000000001137e+01 -6.930329684866123885e-02
8.340000000000001990e+01 -6.995666271235111144e-02
8.350000000000001421e+01 -7.061742579230645411e-02
8.360000000000002274e+01 -7.128568689980445405e-02
8.370000000000001705e+01 -7.196154855754219315e-02
8.380000000000001137e+01 -7.264511503674643544e-02
8.390000000000001990e+01 -7.333649239531069008e-02
8.400000000000001421e+01 -7.403578851699729735e-02
8.410000000000002274e+01 -7.474311315174199388e-02
8.420000000000001705e+01 -7.545857795709697002e-02
8.430000000000001137e+01 -7.618229654085634239e-02
8.440000000000001990e+01 -7.691438450490212242e-02
8.450000000000001421e+01 -7.765495949031692158e-02
8.460000000000002274e+01 -7.840414122380864881e-02
8.470000000000001705e+01 -7.916205156549269151e-02
8.480000000000001137e+01 -7.992881455808452384e-02
8.490000000000001990e+01 -8.070455647755107875e-02
8.500000000000001421e+01 -8.148940588527686657e-02
8.510000000000002274e+01 -8.228349368180140622e-02
8.520000000000001705e+01 -8.308695316218482618e-02
8.530000000000001137e+01 -8.389992007306641686e-02
8.540000000000001990e+01 -8.472253267147675238e-02
8.550000000000001421e+01 -8.555493178547346478e-02
8.560000000000002274e+01 -8.639726087667079502e-02
8.570000000000001705e+01 -8.724966610473326722e-02
8.580000000000001137e+01 -8.811229639391597590e-02
8.590000000000001990e+01 -8.898530350172619008e-02
8.600000000000001421e+01 -8.986884208979556421e-02
8.610000000000002274e+01 -9.076306979704749922e-02
8.620000000000001705e+01 -9.166814731525477211e-02
8.630000000000001137e+01 -9.258423846708366267e-02
8.640000000000001990e+01 -9.351151028672563537e-02
8.650000000000001421e+01 -9.445013310322356026e-02
8.660000000000002274e+01 -9.540028062660570185e-02
8.670000000000001705e+01 -9.636213003694156509e-02
8.680000000000001137e+01 -9.733586207644792654e-02
8.690000000000001990e+01 -9.832166114476881269e-02
8.700000000000001421e+01 -9.931971539756928591e-02
8.710000000000002274e+01 -1.003302168485853407e-01
8.720000000000001705e+01 -1.013533614752778755e-01
8.730000000000001137e+01 -1.023893493282520412e-01
8.740000000000001990e+01 -1.034383846446052801e-01
8.750000000000001421e+01 -1.045006759653795275e-01
8.760000000000002274e+01 -1.055764362573041737e-01
8.770000000000001705e+01 -1.066658830390188467e-01
8.780000000000001137e+01 -1.077692385119853880e-01
8.790000000000001990e+01 -1.088867296963004494e-01
8.800000000000001421e+01 -1.100185885716371548e-01
8.810000000000002274e+01 -1.111650522235566180e-01
8.820000000000001705e+01 -1.123263629954385223e-01
8.830000000000001137e+01 -1.135027686463017660e-01
8.840000000000001990e+01 -1.146945225147924241e-01
8.850000000000001421e+01 -1.159018836896404253e-01
8.860000000000002274e+01 -1.171251171868980118e-01
8.870000000000001705e+01 -1.183644941342909540e-01
8.880000000000001137e+01 -1.196202919630382777e-01
8.890000000000001990e+01 -1.208927946075099014e-01
8.900000000000001421e+01 -1.221822927131163694e-01
8.910000000000002274e+01 -1.234890838528529683e-01
8.920000000000001705e+01 -1.248134727529348481e-01
8.930000000000001137e+01 -1.261557715279977010e-01
8.940000000000001990e+01 -1.275162999263610708e-01
8.950000000000001421e+01 -1.288953855858795960e-01
8.960000000000002274e+01 -1.302933643009521192e-01
8.970000000000001705e+01 -1.317105803012749987e-01
8.980000000000001137e+01 -1.331473865429839420e-01
8.990000000000001990e+01 -1.346041450128504235e-01
9.000000000000001421e+01 -1.360812270462580520e-01
9.010000000000002274e+01 -1.375790136597201119e-01
9.020000000000001705e+01 -1.390978958987503511e-01
9.030000000000001137e+01 -1.406382752019622318e-01
9.040000000000001990e+01 -1.422005637823156032e-01
9.050000000000001421e+01 -1.437851850265044751e-01
9.060000000000002274e+01 -1.453925739135372708e-01
9.070000000000001705e+01 -1.470231774536405467e-01
9.080000000000001137e+01 -1.486774551486914897e-01
9.090000000000001990e+01 -1.503558794754664418e-01
9.100000000000001421e+01 -1.520589363930887339e-01
9.110000000000002274e+01 -1.537871258761567272e-01
9.120000000000001705e+01 -1.555409624751319664e-01
9.130000000000001137e+01 -1.573209759056983792e-01
9.140000000000001990e+01 -1.591277116689059079e-01
9.150000000000001421e+01 -1.609617317040710760e-01
9.160000000000002274e+01 -1.628236150765391410e-01
9.170000000000001705e+01 -1.647139587025723273e-01
9.180000000000001137e+01 -1.666333781138171488e-01
9.190000000000001990e+01 -1.685825082639694772e-01
9.200000000000001421e+01 -1.705620043804857155e-01
9.210000000000002274e+01 -1.725725428644001580e-01
9.220000000000001705e+01 -1.746148222415533080e-01
9.230000000000001137e+01 -1.766895641688153440e-01
9.240000000000001990e+01 -1.787975144991681142e-01
9.250000000000001421e+01 -1.809394444098424704e-01
9.260000000000002274e+01 -1.831161515980561094e-01
9.270000000000001705e+01 -1.853284615492775955e-01
9.280000000000001137e+01 -1.875772288833833235e-01
9.290000000000001990e+01 -1.898633387845214127e-01
9.300000000000001421e+01 -1.921877085210302594e-01
9.310000000000002274e+01 -1.945512890623169733e-01
9.320000000000001705e+01 -1.969550668002306715e-01
9.330000000000001137e+01 -1.994000653831667913e-01
9.340000000000001990e+01 -2.018873476718922588e-01
9.350000000000001421e+01 -2.044180178269505710e-01
9.360000000000002274e+01 -2.069932235384472352e-01
9.370000000000001705e+01 -2.096141584100597866e-01
9.380000000000001137e+01 -2.122820645103120629e-01
9.390000000000001990e+01 -2.149982351054391116e-01
9.400000000000001421e+01 -2.177640175896539410e-01
9.410000000000002274e+01 -2.205808166302608841e-01
9.420000000000001705e+01 -2.234500975468970696e-01
9.430000000000001137e+01 -2.263733899462710142e-01
9.440000000000001990e+01 -2.293522916360817565e-01
9.450000000000001421e+01 -2.323884728444494119e-01
9.460000000000002274e+01 -2.354836807741758631e-01
9.470000000000001705e+01 -2.386397445245088955e-01
9.480000000000001137e+01 -2.418585804169673670e-01
9.490000000000001990e+01 -2.451421977661281393e-01
9.500000000000001421e+01 -2.484927051413081123e-01
9.510000000000002274e+01 -2.519123171708042008e-01
9.520000000000001705e+01 -2.554033619469362471e-01
9.530000000000002558e+01 -2.589682890977583196e-01
9.540000000000001990e+01 -2.626096786000515770e-01
9.550000000000001421e+01 -2.663302504184494324e-01
9.560000000000002274e+01 -2.701328750673542278e-01
9.570000000000001705e+01 -2.740205852061984304e-01
9.580000000000002558e+01 -2.779965883948381511e-01
9.590000000000001990e+01 -2.820642811549964879e-01
9.600000000000001421e+01 -2.862272645063179133e-01
9.610000000000002274e+01 -2.904893611724537195e-01
9.620000000000001705e+01 -2.948546346847062960e-01
9.630000000000002558e+01 -2.993274106492432862e-01
9.640000000000001990e+01 -3.039123004902982705e-01
9.650000000000001421e+01 -3.086142280381367065e-01
9.660000000000002274e+01 -3.134384593992183832e-01
9.670000000000001705e+01 -3.183906366304333213e-01
9.680000000000002558e+01 -3.234768158436164831e-01
9.690000000000001990e+01 -3.287035104964871057e-01
9.700000000000001421e+01 -3.340777407893069650e-01
9.710000000000002274e+01 -3.396070902928906565e-01
9.720000000000001705e+01 -3.452997711970740569e-01
9.730000000000002558e+01 -3.511646999081690090e-01
9.740000000000001990e+01 -3.572115851655801588e-01
9.750000000000001421e+01 -3.634510314286891752e-01
9.760000000000002274e+01 -3.698946610577639738e-01
9.770000000000001705e+01 -3.765552598530814699e-01
9.780000000000002558e+01 -3.834469519356925593e-01
9.790000000000001990e+01 -3.905854119164478000e-01
9.800000000000001421e+01 -3.979881250566036921e-01
9.810000000000002274e+01 -4.056747100568222075e-01
9.820000000000001705e+01 -4.136673248221495736e-01
9.830000000000002558e+01 -4.219911839971921541e-01
9.840000000000001990e+01 -4.306752298121958034e-01
9.850000000000001421e+01 -4.397530174372381029e-01
9.860000000000002274e+01 -4.492639070726922590e-01
9.870000000000001705e+01 -4.592547052512126471e-01
9.880000000000002558e+01 -4.697819814634329738e-01
9.890000000000001990e+01 -4.809154296735818068e-01
9.900000000000001421e+01 -4.927428985286256835e-01
9.910000000000002274e+01 -5.053781810527576690e-01
9.920000000000001705e+01 -5.189735467105148770e-01
9.930000000000002558e+01 -5.337407779685976461e-01
9.940000000000001990e+01 -5.499881947335271137e-01
9.950000000000001421e+01 -5.681893518138186883e-01
9.960000000000002274e+01 -5.891182500201603833e-01
9.970000000000001705e+01 -6.141335996956092114e-01
9.980000000000002558e+01 -6.458221469232456879e-01
9.990000000000001990e+01 -6.895792033577816671e-01
1.000000000000000142e+02 -7.578608555751794595e-01
