  # # DMFT  Nd_latt   Nd_imp (Sigoo-Vdc)_latt  (Sigoo-Vdc)_imp  TOT_E(Tr(SigG))  TOT_E(EPOT_imp)
  1   1     7.798637     7.798412       1.669002       1.643590       -68.403807       -68.090205         0.000000
  1   2     7.798464     7.799115       1.668378       1.642733       -68.413952       -68.090035         0.000000
  1   3     7.798344     7.798255       1.668486       1.643540       -68.418685       -68.087623         0.000000
  1   4     7.798406     7.797869       1.668812       1.643897       -68.427289       -68.087474         0.000000
  1   5     7.798349     7.797772       1.668423       1.644004       -68.431607       -68.086860         0.000000
  1   6     7.798524     7.797238       1.668813       1.644554       -68.440185       -68.088116         0.000000
  1   7     7.798783     7.797743       1.669332       1.643992       -68.444490       -68.093717         0.000000
  1   8     7.798836     7.797200       1.669602       1.644221       -68.445356       -68.092581         0.000000
  1   9     7.798765     7.797525       1.669315       1.644131       -68.444549       -68.091266         0.000000
  1  10     7.798655     7.797084       1.669025       1.644641       -68.440528       -68.086689         0.000000
  1  11     7.798642     7.797683       1.668703       1.644087       -68.444524       -68.088970         0.000000
  1  12     7.798855     7.796977       1.669338       1.644704       -68.446219       -68.090861         0.000000
  1  13     7.798939     7.797447       1.669546       1.644125       -68.446738       -68.096304         0.000000
  1  14     7.798821     7.797382       1.669375       1.644365       -68.443074       -68.092242         0.000000
  1  15     7.798739     7.797317       1.669131       1.644268       -68.442809       -68.091764         0.000000
