     # DFT_E    <epsk>-<epsk>_o    1/2*Tr(Sigma*G)     EPOT_imp
    -81.568805       1.754412      11.410586      11.724188
    -81.568805       1.757387      11.397466      11.721383
    -81.568805       1.758800      11.391320      11.722382
    -81.568805       1.758248      11.383268      11.723083
    -81.568805       1.759492      11.377706      11.722453
    -81.568805       1.757544      11.371076      11.723145
    -81.568805       1.754352      11.369963      11.720736
    -81.568805       1.753589      11.369860      11.722635
    -81.568805       1.754549      11.369707      11.722990
    -81.568805       1.755558      11.372719      11.726558
    -81.568805       1.755592      11.368689      11.724243
    -81.568805       1.752693      11.369893      11.725251
    -81.568805       1.751303      11.370764      11.721198
    -81.568805       1.752953      11.372778      11.723610
    -81.568805       1.754325      11.371671      11.722716
