        # mu     TOT_ELEC        Nd[0]       Nd[-1]         EKIN    Sigoo-Vdc     <d_epsk>
    7.744103   50.000000    8.195147    8.192885  227.680833    0.000000
    8.563078   50.000000    7.798637    7.798636  229.435245    1.667975    0.000000
    8.563605   50.000000    7.798464    7.798464  229.438220    1.668139    0.000000
    8.563516   50.000000    7.798345    7.798344  229.439633    1.668145    0.000000
    8.563110   50.000000    7.798407    7.798406  229.439081    1.668172    0.000000
    8.563249   50.000000    7.798349    7.798348  229.440325    1.668258    0.000000
    8.562586   50.000000    7.798525    7.798524  229.438377    1.668250    0.000000
    8.561809   50.000000    7.798783    7.798783  229.435185    1.668321    0.000000
    8.561490   50.000000    7.798836    7.798835  229.434422    1.668481    0.000000
    8.561939   50.000000    7.798765    7.798765  229.435382    1.668663    0.000000
    8.562432   50.000000    7.798655    7.798655  229.436391    1.668752    0.000000
    8.562878   50.000000    7.798643    7.798642  229.436425    1.668764    0.000000
    8.562065   50.000000    7.798856    7.798855  229.433526    1.668710    0.000000
    8.562037   50.000000    7.798939    7.798939  229.432136    1.668794    0.000000
    8.562143   50.000000    7.798821    7.798821  229.433786    1.668902    0.000000
    8.562269   50.000000    7.798739    7.798738  229.435158    1.668954    0.000000
